experiment_id,dataset_split,code_commit,config_hash,record_status,error_stage,error_type,error_message,symbol,trading_date,snapshot_time,previous_snapshot_time,snapshot_version,tf,gen_signals,db_processed,ltp,ltp_time,bar_open,bar_high,bar_low,bar_close,bar_volume,atr,raw_structure_state,raw_structure_side,raw_structure_reason,accepted_structure_state,accepted_range_id,accepted_range_low,accepted_range_high,accepted_structure_age_bars,slope_status,slope_state,slope_3_atr_per_bar,slope_5_atr_per_bar,auction_status,continuity_mode,engine_name,engine_version,auction_config_version,auction_config_hash,observation_state,directional_bias,trend_direction,current_leg_mature,extension_mature,exhaustion_active,exhausted_side,rejection_observed,failed_extreme_observed,structural_failure_confirmed,trend_protection_level,trend_protection_source,trend_protection_time,observation_range_id,observation_range_low,observation_range_high,observation_range_inside,observation_range_position,directional_efficiency,directional_efficiency_source,overlap_ratio,observation_reason_codes,episode_id,episode_previous_state,episode_current_state,episode_direction,episode_origin_source,parent_episode_id,origin_event_id,episode_started_at,episode_state_started_at,episode_state_age_bars,episode_origin_price,episode_extreme_price,episode_extreme_time,episode_protection_level,episode_protection_source,reversal_confirmation_level,reversal_confirmation_source,reversal_confirmation_time,reversal_progress_bars,reversal_progress_atr,reversal_failure_closes,continuation_failure_seen,episode_reason_codes,memory_directional_sequence,memory_start_candidate_side,memory_start_candidate_bars,memory_reversal_watch_age_bars,memory_trend_restore_bars,memory_opposite_control_bars,memory_inactive_bars,memory_last_observation_state,memory_last_observation_state_time,memory_last_reason_codes,balance_episode_id,balance_previous_state,balance_current_state,balance_state_age_bars,balance_range_id,balance_candidate_low,balance_candidate_high,balance_frozen_low,balance_frozen_high,balance_escape_direction,balance_outside_close_count,balance_reentry_close_count,balance_escape_attempt_count,balance_failed_escape_count,balance_rearm_required,balance_attempt_limit_reached,balance_reason_codes,event_count,event_ids,event_types,event_directions,event_episode_ids,event_reason_codes,permission_count,setup_families,permission_results,permission_source_event_ids,permission_reason_codes,episode_vs_trend,episode_vs_raw_structure,episode_vs_slope,trend_vs_raw_structure,fresh_opposite_evidence,opposite_evidence_streak,episode_changed,direction_changed,state_changed,lineage_complete,consistency_flags,consistency_class,events_json,permissions_json,observation_json,directional_json,balance_json,auction_diagnostics_json,auction_memory_json
restoration-v3-current-day,development,restoration-trend-control-v3,backtest-default,OK,,,,ABB,2026-08-03,2026-08-03T09:15:00+05:30,,SNAPSHOT_AUCTION_AUTHORITY_V3A,3m,True,True,7425.0,2026-08-03T09:15:00,7243.5,7438.0,7243.0,7425.0,109134.0,45.54500108461593,UNKNOWN,NEUTRAL,no_previous_candles_for_dynamic_balance,RANGE_PROVISIONAL,PROVISIONAL:2026-08-03,7243.0,7438.0,1,warming_up,UNKNOWN,,,OK,COLD_START,AUTOTRADES_AUCTION_ENGINE,1.1.0,,,UNKNOWN,UP,UP,False,False,False,UNKNOWN,False,False,False,,,,PROVISIONAL:2026-08-03,7243.0,7438.0,True,0.9333333333333332,0.9307692307692308,PRICE_ACTION,,WAITING_FOR_MINIMUM_HISTORY|OBSERVATION_PROPOSAL_MATCHED_CURRENT|OBSERVATION_STATE_UNKNOWN|INSUFFICIENT_HISTORY_BARS|DYNAMIC_BOUNDARY_UNKNOWN|OBJECTIVE_ACCEPTED_RANGE_GEOMETRY_PRESENT,,NONE,NONE,UNKNOWN,NONE,,,,,0,,,,,,,,,0,0.0,0,False,NO_DIRECTIONAL_START,0,UNKNOWN,0,0,0,0,0,UNKNOWN,2026-08-03T09:15:00+05:30,NO_DIRECTIONAL_START,,NONE,NONE,0,,,,,,UNKNOWN,0,0,0,0,False,False,NO_QUALIFIED_ACCEPTED_RANGE,0,,,,,,0,,,,,UNASSESSABLE,UNASSESSABLE,UNASSESSABLE,UNASSESSABLE,False,0,False,False,True,True,,COHERENT,[],[],"{""accepted_range_breakout_eligible"":false,""accepted_range_established_at"":null,""accepted_range_high"":7438.0,""accepted_range_id"":""PROVISIONAL:2026-08-03"",""accepted_range_inside"":true,""accepted_range_low"":7243.0,""accepted_range_outside_atr"":0.0,""accepted_range_position"":0.9333333333333332,""accepted_range_provisional"":true,""atr"":45.54500108461593,""close"":7425.0,""current_leg_mature"":false,""directional_bias"":""UP"",""directional_efficiency"":0.9307692307692308,""directional_efficiency_source"":""PRICE_ACTION"",""exhausted_side"":""UNKNOWN"",""exhaustion_active"":false,""extension_mature"":false,""failed_extreme_observed"":false,""high"":7438.0,""low"":7243.0,""observation_state"":""UNKNOWN"",""overlap_ratio"":null,""range_width_atr"":4.2814797531285285,""rejection_observed"":false,""snapshot_time"":""2026-08-03T09:15:00+05:30"",""source_reason_codes"":[""WAITING_FOR_MINIMUM_HISTORY"",""OBSERVATION_PROPOSAL_MATCHED_CURRENT"",""OBSERVATION_STATE_UNKNOWN"",""INSUFFICIENT_HISTORY_BARS"",""DYNAMIC_BOUNDARY_UNKNOWN"",""OBJECTIVE_ACCEPTED_RANGE_GEOMETRY_PRESENT""],""structural_failure_confirmed"":false,""symbol"":""ABB"",""trading_day"":""2026-08-03"",""trend_direction"":""UP"",""trend_protection_level"":null,""trend_protection_source"":"""",""trend_protection_time"":null}","{""continuation_failure_seen"":false,""continuation_failure_time"":null,""current_state"":""NONE"",""direction"":""UNKNOWN"",""episode_id"":null,""extreme_price"":null,""extreme_time"":null,""first_adverse_bar_close"":null,""first_adverse_bar_level"":null,""first_adverse_bar_time"":null,""origin_event_id"":null,""origin_price"":null,""origin_source"":""NONE"",""parent_episode_id"":null,""previous_state"":""NONE"",""protection_level"":null,""protection_source"":"""",""reason_codes"":[""NO_DIRECTIONAL_START""],""rejection_seen"":false,""reversal_confirmation_breach_closes"":0,""reversal_confirmation_level"":null,""reversal_confirmation_level_time"":null,""reversal_confirmation_source"":"""",""reversal_leg_failure_closes"":0,""reversal_leg_progress_atr"":0.0,""reversal_leg_progress_bars"":0,""started_at"":null,""state_age_bars"":0,""state_started_at"":null}","{""attempt_limit_reached"":false,""candidate_bar_expansion_count"":0,""candidate_high"":null,""candidate_last_valid_at"":null,""candidate_low"":null,""candidate_merge_count"":0,""containment_bars"":0,""containment_ratio"":0.0,""current_state"":""NONE"",""down_escape_attempt_count"":0,""episode_id"":null,""escape_attempt_count"":0,""escape_direction"":""UNKNOWN"",""failed_escape_count"":0,""forming_bars_observed"":0,""forming_invalid_bars"":0,""frozen_high"":null,""frozen_low"":null,""last_escape_direction"":""UNKNOWN"",""last_escape_failed_at"":null,""last_escape_started_at"":null,""marginal_excursion_bars"":0,""meaningful_escape_bars"":0,""outside_close_count"":0,""previous_state"":""NONE"",""range_id"":null,""rearm_bars_elapsed"":0,""rearm_inside_close_count"":0,""rearm_required"":false,""reason_codes"":[""NO_QUALIFIED_ACCEPTED_RANGE""],""reentry_close_count"":0,""source_range_ids"":[],""started_at"":null,""state_age_bars"":0,""state_started_at"":null,""up_escape_attempt_count"":0}","{""balance_attempt_limit_reached"":false,""balance_candidate_bar_expansion_count"":0,""balance_candidate_merge_count"":0,""balance_containment_ratio"":0.0,""balance_down_escape_attempt_count"":0,""balance_escape_attempt_count"":0,""balance_failed_escape_count"":0,""balance_forming_bars_observed"":0,""balance_forming_invalid_bars"":0,""balance_last_escape_direction"":""UNKNOWN"",""balance_last_escape_failed_at"":null,""balance_last_escape_started_at"":null,""balance_marginal_excursion_bars"":0,""balance_meaningful_escape_bars"":0,""balance_rearm_bars_elapsed"":0,""balance_rearm_inside_close_count"":0,""balance_rearm_required"":false,""balance_up_escape_attempt_count"":0,""directional_origin_event_id"":null,""directional_origin_source"":""NONE"",""directional_parent_episode_id"":null,""directional_reversal_watch_age_bars"":0,""directional_start_candidate_bars"":0,""directional_start_candidate_side"":""UNKNOWN"",""observation_accepted_range_id"":""PROVISIONAL:2026-08-03"",""observation_current_leg_mature"":false,""observation_directional_bias"":""UP"",""observation_exhaustion_active"":false,""observation_state"":""UNKNOWN""}","{""balance"":{""attempt_limit_reached"":false,""candidate_bar_expansion_count"":0,""candidate_high"":null,""candidate_last_valid_at"":null,""candidate_low"":null,""candidate_merge_count"":0,""containment_bars"":0,""down_escape_attempt_count"":0,""emitted_event_ids"":[],""episode_id"":null,""escape_attempt_count"":0,""escape_direction"":""UNKNOWN"",""failed_escape_count"":0,""forming_bars_observed"":0,""forming_invalid_bars"":0,""frozen_high"":null,""frozen_low"":null,""last_escape_direction"":""UNKNOWN"",""last_escape_failed_at"":null,""last_escape_started_at"":null,""last_reason_codes"":[""NO_QUALIFIED_ACCEPTED_RANGE""],""marginal_excursion_bars"":0,""meaningful_escape_bars"":0,""outside_close_count"":0,""range_id"":null,""rearm_bars_elapsed"":0,""rearm_inside_close_count"":0,""rearm_required"":false,""reentry_close_count"":0,""sequence"":0,""source_range_ids"":[],""started_at"":null,""state"":""NONE"",""state_age_bars"":0,""state_started_at"":null,""up_escape_attempt_count"":0},""directional"":{""continuation_failure_progress_bars"":0,""continuation_failure_seen"":false,""continuation_failure_seen_at"":null,""direction"":""UNKNOWN"",""emitted_event_ids"":[],""episode_id"":null,""extreme_price"":null,""extreme_time"":null,""first_adverse_bar_close"":null,""first_adverse_bar_level"":null,""first_adverse_bar_time"":null,""inactive_bars"":0,""last_close"":7425.0,""last_observation_state"":""UNKNOWN"",""last_observation_state_time"":""2026-08-03T09:15:00+05:30"",""last_reason_codes"":[""NO_DIRECTIONAL_START""],""opposite_control_bars"":0,""origin_event_id"":null,""origin_price"":null,""origin_source"":""NONE"",""parent_episode_id"":null,""protection_level"":null,""protection_source"":"""",""protection_time"":null,""rejection_seen"":false,""rejection_seen_at"":null,""reversal_confirmation_breach_closes"":0,""reversal_confirmation_level"":null,""reversal_confirmation_level_time"":null,""reversal_confirmation_source"":"""",""reversal_leg_failure_closes"":0,""reversal_leg_progress_atr"":0.0,""reversal_leg_progress_bars"":0,""reversal_watch_age_bars"":0,""sequence"":0,""start_candidate_bars"":0,""start_candidate_side"":""UNKNOWN"",""started_at"":null,""state"":""NONE"",""state_age_bars"":0,""state_started_at"":null,""trend_restore_bars"":0},""evidence_history"":[{""atr"":45.54500108461593,""bar"":{""body_fraction"":0.9307692307692308,""close"":7425.0,""close_position"":0.9333333333333332,""direction"":""UP"",""high"":7438.0,""low"":7243.0,""lower_wick_fraction"":0.002564102564102564,""move_atr"":3.985069616373477,""move_points"":181.5,""open"":7243.5,""snapshot_time"":""2026-08-03T09:15:00+05:30"",""upper_wick_fraction"":0.06666666666666667,""volume"":109134.0},""close"":7425.0,""trend"":{""ema_ref"":7364.440197523344,""ema_slow"":7381.733341041906,""hma_order"":""SELL"",""hma_spread_atr"":3.965591992638049}}],""last_observation_hash"":""fda9ffa674f7e74f06b7643d5d910e80074f1fb4950cba25a83f78a4b9a9c979"",""last_snapshot_time"":""2026-08-03T09:15:00+05:30"",""observation"":{""compression_box_high"":null,""compression_box_low"":null,""compression_candidate_bars"":0,""current_state"":""UNKNOWN"",""established_side"":""UNKNOWN"",""exhaustion_active"":false,""exhaustion_age_bars"":0,""exhaustion_clear_bars"":0,""exhaustion_last_seen_at"":null,""exhaustion_side"":""UNKNOWN"",""exhaustion_started_at"":null,""failure_breach_bars"":0,""last_close"":7425.0,""last_reason_codes"":[""WAITING_FOR_MINIMUM_HISTORY"",""OBSERVATION_PROPOSAL_MATCHED_CURRENT"",""OBSERVATION_STATE_UNKNOWN""],""last_snapshot_time"":""2026-08-03T09:15:00+05:30"",""leg_age_bars"":0,""leg_anchor_price"":null,""leg_anchor_time"":null,""leg_extreme_price"":null,""leg_maturity_consumed"":false,""leg_maturity_extreme_price"":null,""leg_maturity_onset_time"":null,""leg_no_progress_bars"":0,""observation_count"":1,""pending_bars"":0,""pending_state"":null,""protection_level"":null,""protection_source"":"""",""protection_time"":null,""pullback_age_bars"":0,""pullback_candidate_bars"":0,""pullback_extreme_price"":null,""reacceleration_age_bars"":0,""recompression_age_bars"":0,""reversal_confirmation_bars"":0,""reversal_side"":""UNKNOWN"",""state_age_bars"":1,""trading_day"":""2026-08-03"",""trend_anchor_price"":null,""trend_candidate_bars"":1,""trend_candidate_side"":""UP"",""trend_extreme_price"":null,""trend_failure_age_bars"":0,""trend_onset_time"":null},""symbol"":""ABB"",""trading_day"":""2026-08-03""}"
restoration-v3-current-day,development,restoration-trend-control-v3,backtest-default,OK,,,,ABB,2026-08-03,2026-08-03T09:18:00+05:30,2026-08-03T09:15:00+05:30,SNAPSHOT_AUCTION_AUTHORITY_V3A,3m,True,True,7381.0,2026-08-03T09:18:00,7427.5,7445.0,7369.5,7381.0,40337.0,47.68464386428623,UNKNOWN,NEUTRAL,not_enough_historical_bars_for_balance,RANGE_PROVISIONAL,PROVISIONAL:2026-08-03,7243.0,7438.0,2,warming_up,UNKNOWN,,,OK,INCREMENTAL_PREVIOUS_SNAPSHOT,AUTOTRADES_AUCTION_ENGINE,1.1.0,,,UNKNOWN,UP,UP,False,False,False,UNKNOWN,False,False,False,,,,PROVISIONAL:2026-08-03,7243.0,7438.0,True,0.7076923076923077,0.6806930693069307,PRICE_ACTION,,WAITING_FOR_MINIMUM_HISTORY|OBSERVATION_PROPOSAL_MATCHED_CURRENT|OBSERVATION_STATE_UNKNOWN|INSUFFICIENT_HISTORY_BARS|DYNAMIC_BOUNDARY_UNKNOWN|OBJECTIVE_ACCEPTED_RANGE_GEOMETRY_PRESENT,,NONE,NONE,UNKNOWN,NONE,,,,,0,,,,,,,,,0,0.0,0,False,NO_DIRECTIONAL_START,0,UNKNOWN,0,0,0,0,0,UNKNOWN,2026-08-03T09:18:00+05:30,NO_DIRECTIONAL_START,,NONE,NONE,0,,,,,,UNKNOWN,0,0,0,0,False,False,NO_QUALIFIED_ACCEPTED_RANGE,0,,,,,,0,,,,,UNASSESSABLE,UNASSESSABLE,UNASSESSABLE,UNASSESSABLE,False,0,False,False,False,True,,COHERENT,[],[],"{""accepted_range_breakout_eligible"":false,""accepted_range_established_at"":null,""accepted_range_high"":7438.0,""accepted_range_id"":""PROVISIONAL:2026-08-03"",""accepted_range_inside"":true,""accepted_range_low"":7243.0,""accepted_range_outside_atr"":0.0,""accepted_range_position"":0.7076923076923077,""accepted_range_provisional"":true,""atr"":47.68464386428623,""close"":7381.0,""current_leg_mature"":false,""directional_bias"":""UP"",""directional_efficiency"":0.6806930693069307,""directional_efficiency_source"":""PRICE_ACTION"",""exhausted_side"":""UNKNOWN"",""exhaustion_active"":false,""extension_mature"":false,""failed_extreme_observed"":false,""high"":7445.0,""low"":7369.5,""observation_state"":""UNKNOWN"",""overlap_ratio"":null,""range_width_atr"":4.08936681072807,""rejection_observed"":false,""snapshot_time"":""2026-08-03T09:18:00+05:30"",""source_reason_codes"":[""WAITING_FOR_MINIMUM_HISTORY"",""OBSERVATION_PROPOSAL_MATCHED_CURRENT"",""OBSERVATION_STATE_UNKNOWN"",""INSUFFICIENT_HISTORY_BARS"",""DYNAMIC_BOUNDARY_UNKNOWN"",""OBJECTIVE_ACCEPTED_RANGE_GEOMETRY_PRESENT""],""structural_failure_confirmed"":false,""symbol"":""ABB"",""trading_day"":""2026-08-03"",""trend_direction"":""UP"",""trend_protection_level"":null,""trend_protection_source"":"""",""trend_protection_time"":null}","{""continuation_failure_seen"":false,""continuation_failure_time"":null,""current_state"":""NONE"",""direction"":""UNKNOWN"",""episode_id"":null,""extreme_price"":null,""extreme_time"":null,""first_adverse_bar_close"":null,""first_adverse_bar_level"":null,""first_adverse_bar_time"":null,""origin_event_id"":null,""origin_price"":null,""origin_source"":""NONE"",""parent_episode_id"":null,""previous_state"":""NONE"",""protection_level"":null,""protection_source"":"""",""reason_codes"":[""NO_DIRECTIONAL_START""],""rejection_seen"":false,""reversal_confirmation_breach_closes"":0,""reversal_confirmation_level"":null,""reversal_confirmation_level_time"":null,""reversal_confirmation_source"":"""",""reversal_leg_failure_closes"":0,""reversal_leg_progress_atr"":0.0,""reversal_leg_progress_bars"":0,""started_at"":null,""state_age_bars"":0,""state_started_at"":null}","{""attempt_limit_reached"":false,""candidate_bar_expansion_count"":0,""candidate_high"":null,""candidate_last_valid_at"":null,""candidate_low"":null,""candidate_merge_count"":0,""containment_bars"":0,""containment_ratio"":0.0,""current_state"":""NONE"",""down_escape_attempt_count"":0,""episode_id"":null,""escape_attempt_count"":0,""escape_direction"":""UNKNOWN"",""failed_escape_count"":0,""forming_bars_observed"":0,""forming_invalid_bars"":0,""frozen_high"":null,""frozen_low"":null,""last_escape_direction"":""UNKNOWN"",""last_escape_failed_at"":null,""last_escape_started_at"":null,""marginal_excursion_bars"":0,""meaningful_escape_bars"":0,""outside_close_count"":0,""previous_state"":""NONE"",""range_id"":null,""rearm_bars_elapsed"":0,""rearm_inside_close_count"":0,""rearm_required"":false,""reason_codes"":[""NO_QUALIFIED_ACCEPTED_RANGE""],""reentry_close_count"":0,""source_range_ids"":[],""started_at"":null,""state_age_bars"":0,""state_started_at"":null,""up_escape_attempt_count"":0}","{""balance_attempt_limit_reached"":false,""balance_candidate_bar_expansion_count"":0,""balance_candidate_merge_count"":0,""balance_containment_ratio"":0.0,""balance_down_escape_attempt_count"":0,""balance_escape_attempt_count"":0,""balance_failed_escape_count"":0,""balance_forming_bars_observed"":0,""balance_forming_invalid_bars"":0,""balance_last_escape_direction"":""UNKNOWN"",""balance_last_escape_failed_at"":null,""balance_last_escape_started_at"":null,""balance_marginal_excursion_bars"":0,""balance_meaningful_escape_bars"":0,""balance_rearm_bars_elapsed"":0,""balance_rearm_inside_close_count"":0,""balance_rearm_required"":false,""balance_up_escape_attempt_count"":0,""directional_origin_event_id"":null,""directional_origin_source"":""NONE"",""directional_parent_episode_id"":null,""directional_reversal_watch_age_bars"":0,""directional_start_candidate_bars"":0,""directional_start_candidate_side"":""UNKNOWN"",""observation_accepted_range_id"":""PROVISIONAL:2026-08-03"",""observation_current_leg_mature"":false,""observation_directional_bias"":""UP"",""observation_exhaustion_active"":false,""observation_state"":""UNKNOWN""}","{""balance"":{""attempt_limit_reached"":false,""candidate_bar_expansion_count"":0,""candidate_high"":null,""candidate_last_valid_at"":null,""candidate_low"":null,""candidate_merge_count"":0,""containment_bars"":0,""down_escape_attempt_count"":0,""emitted_event_ids"":[],""episode_id"":null,""escape_attempt_count"":0,""escape_direction"":""UNKNOWN"",""failed_escape_count"":0,""forming_bars_observed"":0,""forming_invalid_bars"":0,""frozen_high"":null,""frozen_low"":null,""last_escape_direction"":""UNKNOWN"",""last_escape_failed_at"":null,""last_escape_started_at"":null,""last_reason_codes"":[""NO_QUALIFIED_ACCEPTED_RANGE""],""marginal_excursion_bars"":0,""meaningful_escape_bars"":0,""outside_close_count"":0,""range_id"":null,""rearm_bars_elapsed"":0,""rearm_inside_close_count"":0,""rearm_required"":false,""reentry_close_count"":0,""sequence"":0,""source_range_ids"":[],""started_at"":null,""state"":""NONE"",""state_age_bars"":0,""state_started_at"":null,""up_escape_attempt_count"":0},""directional"":{""continuation_failure_progress_bars"":0,""continuation_failure_seen"":false,""continuation_failure_seen_at"":null,""direction"":""UNKNOWN"",""emitted_event_ids"":[],""episode_id"":null,""extreme_price"":null,""extreme_time"":null,""first_adverse_bar_close"":null,""first_adverse_bar_level"":null,""first_adverse_bar_time"":null,""inactive_bars"":0,""last_close"":7381.0,""last_observation_state"":""UNKNOWN"",""last_observation_state_time"":""2026-08-03T09:18:00+05:30"",""last_reason_codes"":[""NO_DIRECTIONAL_START""],""opposite_control_bars"":0,""origin_event_id"":null,""origin_price"":null,""origin_source"":""NONE"",""parent_episode_id"":null,""protection_level"":null,""protection_source"":"""",""protection_time"":null,""rejection_seen"":false,""rejection_seen_at"":null,""reversal_confirmation_breach_closes"":0,""reversal_confirmation_level"":null,""reversal_confirmation_level_time"":null,""reversal_confirmation_source"":"""",""reversal_leg_failure_closes"":0,""reversal_leg_progress_atr"":0.0,""reversal_leg_progress_bars"":0,""reversal_watch_age_bars"":0,""sequence"":0,""start_candidate_bars"":0,""start_candidate_side"":""UNKNOWN"",""started_at"":null,""state"":""NONE"",""state_age_bars"":0,""state_started_at"":null,""trend_restore_bars"":0},""evidence_history"":[{""atr"":45.54500108461593,""bar"":{""body_fraction"":0.9307692307692308,""close"":7425.0,""close_position"":0.9333333333333332,""direction"":""UP"",""high"":7438.0,""low"":7243.0,""lower_wick_fraction"":0.002564102564102564,""move_atr"":3.985069616373477,""move_points"":181.5,""open"":7243.5,""snapshot_time"":""2026-08-03T09:15:00+05:30"",""upper_wick_fraction"":0.06666666666666667,""volume"":109134.0},""close"":7425.0,""trend"":{""ema_ref"":7364.440197523344,""ema_slow"":7381.733341041906,""hma_order"":""SELL"",""hma_spread_atr"":3.965591992638049}},{""atr"":47.68464386428623,""bar"":{""body_fraction"":0.6158940397350994,""close"":7381.0,""close_position"":0.152317880794702,""direction"":""DOWN"",""high"":7445.0,""low"":7369.5,""lower_wick_fraction"":0.152317880794702,""move_atr"":-0.9751567010197704,""move_points"":-46.5,""open"":7427.5,""snapshot_time"":""2026-08-03T09:18:00+05:30"",""upper_wick_fraction"":0.2317880794701987,""volume"":40337.0},""close"":7381.0,""trend"":{""ema_ref"":7364.6049716773405,""ema_slow"":7381.718819437116,""hma_order"":""SELL"",""hma_spread_atr"":2.9539428582673453}}],""last_observation_hash"":""71ec690af573d4123ab60a0c759e6469a7a60d533b616a11c052b13164f9291b"",""last_snapshot_time"":""2026-08-03T09:18:00+05:30"",""observation"":{""compression_box_high"":null,""compression_box_low"":null,""compression_candidate_bars"":0,""current_state"":""UNKNOWN"",""established_side"":""UNKNOWN"",""exhaustion_active"":false,""exhaustion_age_bars"":0,""exhaustion_clear_bars"":0,""exhaustion_last_seen_at"":null,""exhaustion_side"":""UNKNOWN"",""exhaustion_started_at"":null,""failure_breach_bars"":0,""last_close"":7381.0,""last_reason_codes"":[""WAITING_FOR_MINIMUM_HISTORY"",""OBSERVATION_PROPOSAL_MATCHED_CURRENT"",""OBSERVATION_STATE_UNKNOWN""],""last_snapshot_time"":""2026-08-03T09:18:00+05:30"",""leg_age_bars"":0,""leg_anchor_price"":null,""leg_anchor_time"":null,""leg_extreme_price"":null,""leg_maturity_consumed"":false,""leg_maturity_extreme_price"":null,""leg_maturity_onset_time"":null,""leg_no_progress_bars"":0,""observation_count"":2,""pending_bars"":0,""pending_state"":null,""protection_level"":null,""protection_source"":"""",""protection_time"":null,""pullback_age_bars"":0,""pullback_candidate_bars"":0,""pullback_extreme_price"":null,""reacceleration_age_bars"":0,""recompression_age_bars"":0,""reversal_confirmation_bars"":0,""reversal_side"":""UNKNOWN"",""state_age_bars"":2,""trading_day"":""2026-08-03"",""trend_anchor_price"":null,""trend_candidate_bars"":2,""trend_candidate_side"":""UP"",""trend_extreme_price"":null,""trend_failure_age_bars"":0,""trend_onset_time"":null},""symbol"":""ABB"",""trading_day"":""2026-08-03""}"
restoration-v3-current-day,development,restoration-trend-control-v3,backtest-default,OK,,,,ABB,2026-08-03,2026-08-03T09:21:00+05:30,2026-08-03T09:18:00+05:30,SNAPSHOT_AUCTION_AUTHORITY_V3A,3m,True,True,7332.0,2026-08-03T09:21:00,7372.0,7372.0,7306.0,7332.0,24784.0,49.63574073112292,UNKNOWN,NEUTRAL,not_enough_historical_bars_for_balance,RANGE_PROVISIONAL,PROVISIONAL:2026-08-03,7243.0,7438.0,3,warming_up,UNKNOWN,-0.9368249433788196,,OK,INCREMENTAL_PREVIOUS_SNAPSHOT,AUTOTRADES_AUCTION_ENGINE,1.1.0,,,UNKNOWN,UNKNOWN,UP,False,False,False,UNKNOWN,False,False,False,,,,PROVISIONAL:2026-08-03,7243.0,7438.0,True,0.4564102564102564,0.4381188118811881,PRICE_ACTION,0.4725817780453542,WAITING_FOR_MINIMUM_HISTORY|OBSERVATION_PROPOSAL_MATCHED_CURRENT|OBSERVATION_STATE_UNKNOWN|INSUFFICIENT_HISTORY_BARS|DYNAMIC_BOUNDARY_UNKNOWN|OBJECTIVE_ACCEPTED_RANGE_GEOMETRY_PRESENT,,NONE,NONE,UNKNOWN,NONE,,,,,0,,,,,,,,,0,0.0,0,False,NO_DIRECTIONAL_START,0,UNKNOWN,0,0,0,0,0,UNKNOWN,2026-08-03T09:21:00+05:30,NO_DIRECTIONAL_START,,NONE,NONE,0,,,,,,UNKNOWN,0,0,0,0,False,False,NO_QUALIFIED_ACCEPTED_RANGE,0,,,,,,0,,,,,UNASSESSABLE,UNASSESSABLE,UNASSESSABLE,UNASSESSABLE,False,0,False,False,False,True,,COHERENT,[],[],"{""accepted_range_breakout_eligible"":false,""accepted_range_established_at"":null,""accepted_range_high"":7438.0,""accepted_range_id"":""PROVISIONAL:2026-08-03"",""accepted_range_inside"":true,""accepted_range_low"":7243.0,""accepted_range_outside_atr"":0.0,""accepted_range_position"":0.4564102564102564,""accepted_range_provisional"":true,""atr"":49.63574073112292,""close"":7332.0,""current_leg_mature"":false,""directional_bias"":""UNKNOWN"",""directional_efficiency"":0.4381188118811881,""directional_efficiency_source"":""PRICE_ACTION"",""exhausted_side"":""UNKNOWN"",""exhaustion_active"":false,""extension_mature"":false,""failed_extreme_observed"":false,""high"":7372.0,""low"":7306.0,""observation_state"":""UNKNOWN"",""overlap_ratio"":0.4725817780453542,""range_width_atr"":3.928620730298275,""rejection_observed"":false,""snapshot_time"":""2026-08-03T09:21:00+05:30"",""source_reason_codes"":[""WAITING_FOR_MINIMUM_HISTORY"",""OBSERVATION_PROPOSAL_MATCHED_CURRENT"",""OBSERVATION_STATE_UNKNOWN"",""INSUFFICIENT_HISTORY_BARS"",""DYNAMIC_BOUNDARY_UNKNOWN"",""OBJECTIVE_ACCEPTED_RANGE_GEOMETRY_PRESENT""],""structural_failure_confirmed"":false,""symbol"":""ABB"",""trading_day"":""2026-08-03"",""trend_direction"":""UP"",""trend_protection_level"":null,""trend_protection_source"":"""",""trend_protection_time"":null}","{""continuation_failure_seen"":false,""continuation_failure_time"":null,""current_state"":""NONE"",""direction"":""UNKNOWN"",""episode_id"":null,""extreme_price"":null,""extreme_time"":null,""first_adverse_bar_close"":null,""first_adverse_bar_level"":null,""first_adverse_bar_time"":null,""origin_event_id"":null,""origin_price"":null,""origin_source"":""NONE"",""parent_episode_id"":null,""previous_state"":""NONE"",""protection_level"":null,""protection_source"":"""",""reason_codes"":[""NO_DIRECTIONAL_START""],""rejection_seen"":false,""reversal_confirmation_breach_closes"":0,""reversal_confirmation_level"":null,""reversal_confirmation_level_time"":null,""reversal_confirmation_source"":"""",""reversal_leg_failure_closes"":0,""reversal_leg_progress_atr"":0.0,""reversal_leg_progress_bars"":0,""started_at"":null,""state_age_bars"":0,""state_started_at"":null}","{""attempt_limit_reached"":false,""candidate_bar_expansion_count"":0,""candidate_high"":null,""candidate_last_valid_at"":null,""candidate_low"":null,""candidate_merge_count"":0,""containment_bars"":0,""containment_ratio"":0.0,""current_state"":""NONE"",""down_escape_attempt_count"":0,""episode_id"":null,""escape_attempt_count"":0,""escape_direction"":""UNKNOWN"",""failed_escape_count"":0,""forming_bars_observed"":0,""forming_invalid_bars"":0,""frozen_high"":null,""frozen_low"":null,""last_escape_direction"":""UNKNOWN"",""last_escape_failed_at"":null,""last_escape_started_at"":null,""marginal_excursion_bars"":0,""meaningful_escape_bars"":0,""outside_close_count"":0,""previous_state"":""NONE"",""range_id"":null,""rearm_bars_elapsed"":0,""rearm_inside_close_count"":0,""rearm_required"":false,""reason_codes"":[""NO_QUALIFIED_ACCEPTED_RANGE""],""reentry_close_count"":0,""source_range_ids"":[],""started_at"":null,""state_age_bars"":0,""state_started_at"":null,""up_escape_attempt_count"":0}","{""balance_attempt_limit_reached"":false,""balance_candidate_bar_expansion_count"":0,""balance_candidate_merge_count"":0,""balance_containment_ratio"":0.0,""balance_down_escape_attempt_count"":0,""balance_escape_attempt_count"":0,""balance_failed_escape_count"":0,""balance_forming_bars_observed"":0,""balance_forming_invalid_bars"":0,""balance_last_escape_direction"":""UNKNOWN"",""balance_last_escape_failed_at"":null,""balance_last_escape_started_at"":null,""balance_marginal_excursion_bars"":0,""balance_meaningful_escape_bars"":0,""balance_rearm_bars_elapsed"":0,""balance_rearm_inside_close_count"":0,""balance_rearm_required"":false,""balance_up_escape_attempt_count"":0,""directional_origin_event_id"":null,""directional_origin_source"":""NONE"",""directional_parent_episode_id"":null,""directional_reversal_watch_age_bars"":0,""directional_start_candidate_bars"":0,""directional_start_candidate_side"":""UNKNOWN"",""observation_accepted_range_id"":""PROVISIONAL:2026-08-03"",""observation_current_leg_mature"":false,""observation_directional_bias"":""UNKNOWN"",""observation_exhaustion_active"":false,""observation_state"":""UNKNOWN""}","{""balance"":{""attempt_limit_reached"":false,""candidate_bar_expansion_count"":0,""candidate_high"":null,""candidate_last_valid_at"":null,""candidate_low"":null,""candidate_merge_count"":0,""containment_bars"":0,""down_escape_attempt_count"":0,""emitted_event_ids"":[],""episode_id"":null,""escape_attempt_count"":0,""escape_direction"":""UNKNOWN"",""failed_escape_count"":0,""forming_bars_observed"":0,""forming_invalid_bars"":0,""frozen_high"":null,""frozen_low"":null,""last_escape_direction"":""UNKNOWN"",""last_escape_failed_at"":null,""last_escape_started_at"":null,""last_reason_codes"":[""NO_QUALIFIED_ACCEPTED_RANGE""],""marginal_excursion_bars"":0,""meaningful_escape_bars"":0,""outside_close_count"":0,""range_id"":null,""rearm_bars_elapsed"":0,""rearm_inside_close_count"":0,""rearm_required"":false,""reentry_close_count"":0,""sequence"":0,""source_range_ids"":[],""started_at"":null,""state"":""NONE"",""state_age_bars"":0,""state_started_at"":null,""up_escape_attempt_count"":0},""directional"":{""continuation_failure_progress_bars"":0,""continuation_failure_seen"":false,""continuation_failure_seen_at"":null,""direction"":""UNKNOWN"",""emitted_event_ids"":[],""episode_id"":null,""extreme_price"":null,""extreme_time"":null,""first_adverse_bar_close"":null,""first_adverse_bar_level"":null,""first_adverse_bar_time"":null,""inactive_bars"":0,""last_close"":7332.0,""last_observation_state"":""UNKNOWN"",""last_observation_state_time"":""2026-08-03T09:21:00+05:30"",""last_reason_codes"":[""NO_DIRECTIONAL_START""],""opposite_control_bars"":0,""origin_event_id"":null,""origin_price"":null,""origin_source"":""NONE"",""parent_episode_id"":null,""protection_level"":null,""protection_source"":"""",""protection_time"":null,""rejection_seen"":false,""rejection_seen_at"":null,""reversal_confirmation_breach_closes"":0,""reversal_confirmation_level"":null,""reversal_confirmation_level_time"":null,""reversal_confirmation_source"":"""",""reversal_leg_failure_closes"":0,""reversal_leg_progress_atr"":0.0,""reversal_leg_progress_bars"":0,""reversal_watch_age_bars"":0,""sequence"":0,""start_candidate_bars"":0,""start_candidate_side"":""UNKNOWN"",""started_at"":null,""state"":""NONE"",""state_age_bars"":0,""state_started_at"":null,""trend_restore_bars"":0},""evidence_history"":[{""atr"":45.54500108461593,""bar"":{""body_fraction"":0.9307692307692308,""close"":7425.0,""close_position"":0.9333333333333332,""direction"":""UP"",""high"":7438.0,""low"":7243.0,""lower_wick_fraction"":0.002564102564102564,""move_atr"":3.985069616373477,""move_points"":181.5,""open"":7243.5,""snapshot_time"":""2026-08-03T09:15:00+05:30"",""upper_wick_fraction"":0.06666666666666667,""volume"":109134.0},""close"":7425.0,""trend"":{""ema_ref"":7364.440197523344,""ema_slow"":7381.733341041906,""hma_order"":""SELL"",""hma_spread_atr"":3.965591992638049}},{""atr"":47.68464386428623,""bar"":{""body_fraction"":0.6158940397350994,""close"":7381.0,""close_position"":0.152317880794702,""direction"":""DOWN"",""high"":7445.0,""low"":7369.5,""lower_wick_fraction"":0.152317880794702,""move_atr"":-0.9751567010197704,""move_points"":-46.5,""open"":7427.5,""snapshot_time"":""2026-08-03T09:18:00+05:30"",""upper_wick_fraction"":0.2317880794701987,""volume"":40337.0},""close"":7381.0,""trend"":{""ema_ref"":7364.6049716773405,""ema_slow"":7381.718819437116,""hma_order"":""SELL"",""hma_spread_atr"":2.9539428582673453}},{""atr"":49.63574073112292,""bar"":{""body_fraction"":0.6060606060606061,""close"":7332.0,""close_position"":0.3939393939393939,""direction"":""DOWN"",""high"":7372.0,""low"":7306.0,""lower_wick_fraction"":0.3939393939393939,""move_atr"":-0.8058709190355438,""move_points"":-40.0,""open"":7372.0,""snapshot_time"":""2026-08-03T09:21:00+05:30"",""upper_wick_fraction"":0.0,""volume"":24784.0},""close"":7332.0,""trend"":{""ema_ref"":7364.280544098462,""ema_slow"":7380.734288359153,""hma_order"":""BUY"",""hma_spread_atr"":2.5395999141753047}}],""last_observation_hash"":""3b418ce4fd8d8bbeaac6ee8059a7922fba9419d081b9433d56795f2c4c68cf79"",""last_snapshot_time"":""2026-08-03T09:21:00+05:30"",""observation"":{""compression_box_high"":null,""compression_box_low"":null,""compression_candidate_bars"":0,""current_state"":""UNKNOWN"",""established_side"":""UNKNOWN"",""exhaustion_active"":false,""exhaustion_age_bars"":0,""exhaustion_clear_bars"":0,""exhaustion_last_seen_at"":null,""exhaustion_side"":""UNKNOWN"",""exhaustion_started_at"":null,""failure_breach_bars"":0,""last_close"":7332.0,""last_reason_codes"":[""WAITING_FOR_MINIMUM_HISTORY"",""OBSERVATION_PROPOSAL_MATCHED_CURRENT"",""OBSERVATION_STATE_UNKNOWN""],""last_snapshot_time"":""2026-08-03T09:21:00+05:30"",""leg_age_bars"":0,""leg_anchor_price"":null,""leg_anchor_time"":null,""leg_extreme_price"":null,""leg_maturity_consumed"":false,""leg_maturity_extreme_price"":null,""leg_maturity_onset_time"":null,""leg_no_progress_bars"":0,""observation_count"":3,""pending_bars"":0,""pending_state"":null,""protection_level"":null,""protection_source"":"""",""protection_time"":null,""pullback_age_bars"":0,""pullback_candidate_bars"":0,""pullback_extreme_price"":null,""reacceleration_age_bars"":0,""recompression_age_bars"":0,""reversal_confirmation_bars"":0,""reversal_side"":""UNKNOWN"",""state_age_bars"":3,""trading_day"":""2026-08-03"",""trend_anchor_price"":null,""trend_candidate_bars"":1,""trend_candidate_side"":""UP"",""trend_extreme_price"":null,""trend_failure_age_bars"":0,""trend_onset_time"":null},""symbol"":""ABB"",""trading_day"":""2026-08-03""}"
restoration-v3-current-day,development,restoration-trend-control-v3,backtest-default,OK,,,,ABB,2026-08-03,2026-08-03T09:24:00+05:30,2026-08-03T09:21:00+05:30,SNAPSHOT_AUCTION_AUTHORITY_V3A,3m,True,True,7301.0,2026-08-03T09:24:00,7331.5,7346.0,7289.5,7301.0,17089.0,50.126044964614145,UNKNOWN,NEUTRAL,not_enough_historical_bars_for_balance,RANGE_PROVISIONAL,PROVISIONAL:2026-08-03,7243.0,7438.0,4,warming_up,UNKNOWN,-0.7979883517288767,,OK,INCREMENTAL_PREVIOUS_SNAPSHOT,AUTOTRADES_AUCTION_ENGINE,1.1.0,,,UNKNOWN,UNKNOWN,UP,False,False,False,UNKNOWN,False,False,False,,,,PROVISIONAL:2026-08-03,7243.0,7438.0,True,0.29743589743589743,0.28465346534653463,PRICE_ACTION,0.5510427192868733,WAITING_FOR_MINIMUM_HISTORY|OBSERVATION_PROPOSAL_MATCHED_CURRENT|OBSERVATION_STATE_UNKNOWN|INSUFFICIENT_HISTORY_BARS|DYNAMIC_BOUNDARY_UNKNOWN|OBJECTIVE_ACCEPTED_RANGE_GEOMETRY_PRESENT,,NONE,NONE,UNKNOWN,NONE,,,,,0,,,,,,,,,0,0.0,0,False,NO_DIRECTIONAL_START,0,UNKNOWN,0,0,0,0,0,UNKNOWN,2026-08-03T09:24:00+05:30,NO_DIRECTIONAL_START,,NONE,NONE,0,,,,,,UNKNOWN,0,0,0,0,False,False,NO_QUALIFIED_ACCEPTED_RANGE,0,,,,,,0,,,,,UNASSESSABLE,UNASSESSABLE,UNASSESSABLE,UNASSESSABLE,False,0,False,False,False,True,,COHERENT,[],[],"{""accepted_range_breakout_eligible"":false,""accepted_range_established_at"":null,""accepted_range_high"":7438.0,""accepted_range_id"":""PROVISIONAL:2026-08-03"",""accepted_range_inside"":true,""accepted_range_low"":7243.0,""accepted_range_outside_atr"":0.0,""accepted_range_position"":0.29743589743589743,""accepted_range_provisional"":true,""atr"":50.126044964614145,""close"":7301.0,""current_leg_mature"":false,""directional_bias"":""UNKNOWN"",""directional_efficiency"":0.28465346534653463,""directional_efficiency_source"":""PRICE_ACTION"",""exhausted_side"":""UNKNOWN"",""exhaustion_active"":false,""extension_mature"":false,""failed_extreme_observed"":false,""high"":7346.0,""low"":7289.5,""observation_state"":""UNKNOWN"",""overlap_ratio"":0.5510427192868733,""range_width_atr"":3.890193214678274,""rejection_observed"":false,""snapshot_time"":""2026-08-03T09:24:00+05:30"",""source_reason_codes"":[""WAITING_FOR_MINIMUM_HISTORY"",""OBSERVATION_PROPOSAL_MATCHED_CURRENT"",""OBSERVATION_STATE_UNKNOWN"",""INSUFFICIENT_HISTORY_BARS"",""DYNAMIC_BOUNDARY_UNKNOWN"",""OBJECTIVE_ACCEPTED_RANGE_GEOMETRY_PRESENT""],""structural_failure_confirmed"":false,""symbol"":""ABB"",""trading_day"":""2026-08-03"",""trend_direction"":""UP"",""trend_protection_level"":null,""trend_protection_source"":"""",""trend_protection_time"":null}","{""continuation_failure_seen"":false,""continuation_failure_time"":null,""current_state"":""NONE"",""direction"":""UNKNOWN"",""episode_id"":null,""extreme_price"":null,""extreme_time"":null,""first_adverse_bar_close"":null,""first_adverse_bar_level"":null,""first_adverse_bar_time"":null,""origin_event_id"":null,""origin_price"":null,""origin_source"":""NONE"",""parent_episode_id"":null,""previous_state"":""NONE"",""protection_level"":null,""protection_source"":"""",""reason_codes"":[""NO_DIRECTIONAL_START""],""rejection_seen"":false,""reversal_confirmation_breach_closes"":0,""reversal_confirmation_level"":null,""reversal_confirmation_level_time"":null,""reversal_confirmation_source"":"""",""reversal_leg_failure_closes"":0,""reversal_leg_progress_atr"":0.0,""reversal_leg_progress_bars"":0,""started_at"":null,""state_age_bars"":0,""state_started_at"":null}","{""attempt_limit_reached"":false,""candidate_bar_expansion_count"":0,""candidate_high"":null,""candidate_last_valid_at"":null,""candidate_low"":null,""candidate_merge_count"":0,""containment_bars"":0,""containment_ratio"":0.0,""current_state"":""NONE"",""down_escape_attempt_count"":0,""episode_id"":null,""escape_attempt_count"":0,""escape_direction"":""UNKNOWN"",""failed_escape_count"":0,""forming_bars_observed"":0,""forming_invalid_bars"":0,""frozen_high"":null,""frozen_low"":null,""last_escape_direction"":""UNKNOWN"",""last_escape_failed_at"":null,""last_escape_started_at"":null,""marginal_excursion_bars"":0,""meaningful_escape_bars"":0,""outside_close_count"":0,""previous_state"":""NONE"",""range_id"":null,""rearm_bars_elapsed"":0,""rearm_inside_close_count"":0,""rearm_required"":false,""reason_codes"":[""NO_QUALIFIED_ACCEPTED_RANGE""],""reentry_close_count"":0,""source_range_ids"":[],""started_at"":null,""state_age_bars"":0,""state_started_at"":null,""up_escape_attempt_count"":0}","{""balance_attempt_limit_reached"":false,""balance_candidate_bar_expansion_count"":0,""balance_candidate_merge_count"":0,""balance_containment_ratio"":0.0,""balance_down_escape_attempt_count"":0,""balance_escape_attempt_count"":0,""balance_failed_escape_count"":0,""balance_forming_bars_observed"":0,""balance_forming_invalid_bars"":0,""balance_last_escape_direction"":""UNKNOWN"",""balance_last_escape_failed_at"":null,""balance_last_escape_started_at"":null,""balance_marginal_excursion_bars"":0,""balance_meaningful_escape_bars"":0,""balance_rearm_bars_elapsed"":0,""balance_rearm_inside_close_count"":0,""balance_rearm_required"":false,""balance_up_escape_attempt_count"":0,""directional_origin_event_id"":null,""directional_origin_source"":""NONE"",""directional_parent_episode_id"":null,""directional_reversal_watch_age_bars"":0,""directional_start_candidate_bars"":0,""directional_start_candidate_side"":""UNKNOWN"",""observation_accepted_range_id"":""PROVISIONAL:2026-08-03"",""observation_current_leg_mature"":false,""observation_directional_bias"":""UNKNOWN"",""observation_exhaustion_active"":false,""observation_state"":""UNKNOWN""}","{""balance"":{""attempt_limit_reached"":false,""candidate_bar_expansion_count"":0,""candidate_high"":null,""candidate_last_valid_at"":null,""candidate_low"":null,""candidate_merge_count"":0,""containment_bars"":0,""down_escape_attempt_count"":0,""emitted_event_ids"":[],""episode_id"":null,""escape_attempt_count"":0,""escape_direction"":""UNKNOWN"",""failed_escape_count"":0,""forming_bars_observed"":0,""forming_invalid_bars"":0,""frozen_high"":null,""frozen_low"":null,""last_escape_direction"":""UNKNOWN"",""last_escape_failed_at"":null,""last_escape_started_at"":null,""last_reason_codes"":[""NO_QUALIFIED_ACCEPTED_RANGE""],""marginal_excursion_bars"":0,""meaningful_escape_bars"":0,""outside_close_count"":0,""range_id"":null,""rearm_bars_elapsed"":0,""rearm_inside_close_count"":0,""rearm_required"":false,""reentry_close_count"":0,""sequence"":0,""source_range_ids"":[],""started_at"":null,""state"":""NONE"",""state_age_bars"":0,""state_started_at"":null,""up_escape_attempt_count"":0},""directional"":{""continuation_failure_progress_bars"":0,""continuation_failure_seen"":false,""continuation_failure_seen_at"":null,""direction"":""UNKNOWN"",""emitted_event_ids"":[],""episode_id"":null,""extreme_price"":null,""extreme_time"":null,""first_adverse_bar_close"":null,""first_adverse_bar_level"":null,""first_adverse_bar_time"":null,""inactive_bars"":0,""last_close"":7301.0,""last_observation_state"":""UNKNOWN"",""last_observation_state_time"":""2026-08-03T09:24:00+05:30"",""last_reason_codes"":[""NO_DIRECTIONAL_START""],""opposite_control_bars"":0,""origin_event_id"":null,""origin_price"":null,""origin_source"":""NONE"",""parent_episode_id"":null,""protection_level"":null,""protection_source"":"""",""protection_time"":null,""rejection_seen"":false,""rejection_seen_at"":null,""reversal_confirmation_breach_closes"":0,""reversal_confirmation_level"":null,""reversal_confirmation_level_time"":null,""reversal_confirmation_source"":"""",""reversal_leg_failure_closes"":0,""reversal_leg_progress_atr"":0.0,""reversal_leg_progress_bars"":0,""reversal_watch_age_bars"":0,""sequence"":0,""start_candidate_bars"":0,""start_candidate_side"":""UNKNOWN"",""started_at"":null,""state"":""NONE"",""state_age_bars"":0,""state_started_at"":null,""trend_restore_bars"":0},""evidence_history"":[{""atr"":45.54500108461593,""bar"":{""body_fraction"":0.9307692307692308,""close"":7425.0,""close_position"":0.9333333333333332,""direction"":""UP"",""high"":7438.0,""low"":7243.0,""lower_wick_fraction"":0.002564102564102564,""move_atr"":3.985069616373477,""move_points"":181.5,""open"":7243.5,""snapshot_time"":""2026-08-03T09:15:00+05:30"",""upper_wick_fraction"":0.06666666666666667,""volume"":109134.0},""close"":7425.0,""trend"":{""ema_ref"":7364.440197523344,""ema_slow"":7381.733341041906,""hma_order"":""SELL"",""hma_spread_atr"":3.965591992638049}},{""atr"":47.68464386428623,""bar"":{""body_fraction"":0.6158940397350994,""close"":7381.0,""close_position"":0.152317880794702,""direction"":""DOWN"",""high"":7445.0,""low"":7369.5,""lower_wick_fraction"":0.152317880794702,""move_atr"":-0.9751567010197704,""move_points"":-46.5,""open"":7427.5,""snapshot_time"":""2026-08-03T09:18:00+05:30"",""upper_wick_fraction"":0.2317880794701987,""volume"":40337.0},""close"":7381.0,""trend"":{""ema_ref"":7364.6049716773405,""ema_slow"":7381.718819437116,""hma_order"":""SELL"",""hma_spread_atr"":2.9539428582673453}},{""atr"":49.63574073112292,""bar"":{""body_fraction"":0.6060606060606061,""close"":7332.0,""close_position"":0.3939393939393939,""direction"":""DOWN"",""high"":7372.0,""low"":7306.0,""lower_wick_fraction"":0.3939393939393939,""move_atr"":-0.8058709190355438,""move_points"":-40.0,""open"":7372.0,""snapshot_time"":""2026-08-03T09:21:00+05:30"",""upper_wick_fraction"":0.0,""volume"":24784.0},""close"":7332.0,""trend"":{""ema_ref"":7364.280544098462,""ema_slow"":7380.734288359153,""hma_order"":""BUY"",""hma_spread_atr"":2.5395999141753047}},{""atr"":50.126044964614145,""bar"":{""body_fraction"":0.5398230088495575,""close"":7301.0,""close_position"":0.20353982300884957,""direction"":""DOWN"",""high"":7346.0,""low"":7289.5,""lower_wick_fraction"":0.20353982300884957,""move_atr"":-0.6084661181932685,""move_points"":-30.5,""open"":7331.5,""snapshot_time"":""2026-08-03T09:24:00+05:30"",""upper_wick_fraction"":0.25663716814159293,""volume"":17089.0},""close"":7301.0,""trend"":{""ema_ref"":7363.650886943254,""ema_slow"":7379.155391559962,""hma_order"":""BUY"",""hma_spread_atr"":2.510492865403228}}],""last_observation_hash"":""d39339b4f64c8a70efbe2f88e62fd7d9ea830c9e4a6dd7e6746b8c2e679c4b1b"",""last_snapshot_time"":""2026-08-03T09:24:00+05:30"",""observation"":{""compression_box_high"":null,""compression_box_low"":null,""compression_candidate_bars"":0,""current_state"":""UNKNOWN"",""established_side"":""UNKNOWN"",""exhaustion_active"":false,""exhaustion_age_bars"":0,""exhaustion_clear_bars"":0,""exhaustion_last_seen_at"":null,""exhaustion_side"":""UNKNOWN"",""exhaustion_started_at"":null,""failure_breach_bars"":0,""last_close"":7301.0,""last_reason_codes"":[""WAITING_FOR_MINIMUM_HISTORY"",""OBSERVATION_PROPOSAL_MATCHED_CURRENT"",""OBSERVATION_STATE_UNKNOWN""],""last_snapshot_time"":""2026-08-03T09:24:00+05:30"",""leg_age_bars"":0,""leg_anchor_price"":null,""leg_anchor_time"":null,""leg_extreme_price"":null,""leg_maturity_consumed"":false,""leg_maturity_extreme_price"":null,""leg_maturity_onset_time"":null,""leg_no_progress_bars"":0,""observation_count"":4,""pending_bars"":0,""pending_state"":null,""protection_level"":null,""protection_source"":"""",""protection_time"":null,""pullback_age_bars"":0,""pullback_candidate_bars"":0,""pullback_extreme_price"":null,""reacceleration_age_bars"":0,""recompression_age_bars"":0,""reversal_confirmation_bars"":0,""reversal_side"":""UNKNOWN"",""state_age_bars"":4,""trading_day"":""2026-08-03"",""trend_anchor_price"":null,""trend_candidate_bars"":0,""trend_candidate_side"":""UNKNOWN"",""trend_extreme_price"":null,""trend_failure_age_bars"":0,""trend_onset_time"":null},""symbol"":""ABB"",""trading_day"":""2026-08-03""}"
restoration-v3-current-day,development,restoration-trend-control-v3,backtest-default,OK,,,,ABB,2026-08-03,2026-08-03T09:27:00+05:30,2026-08-03T09:24:00+05:30,SNAPSHOT_AUCTION_AUTHORITY_V3A,3m,True,True,7296.5,2026-08-03T09:27:00,7301.5,7305.0,7280.0,7296.5,19228.0,48.331327467141705,UNKNOWN,NEUTRAL,not_enough_historical_bars_for_balance,RANGE_ACCEPTED,ORB:2026-08-03,7243.0,7445.0,1,ok,DOWN_SLOWING,-0.3672566207097752,-0.6646827572000861,OK,INCREMENTAL_PREVIOUS_SNAPSHOT,AUTOTRADES_AUCTION_ENGINE,1.1.0,,,UNKNOWN,UP,UP,False,False,False,UNKNOWN,True,False,False,,,,ORB:2026-08-03,7243.0,7445.0,True,0.26485148514851486,1.0,PRICE_ACTION,0.568282039465155,NO_DIRECTIONAL_OBSERVATION_CONFIRMED|OBSERVATION_PROPOSAL_MATCHED_CURRENT|OBSERVATION_STATE_UNKNOWN|DYNAMIC_BOUNDARY_UNKNOWN|OBJECTIVE_REJECTION_OBSERVED|OBJECTIVE_ACCEPTED_RANGE_GEOMETRY_PRESENT,,NONE,NONE,UNKNOWN,NONE,,,,,0,,,,,,,,,0,0.0,0,False,NO_DIRECTIONAL_START,0,UNKNOWN,0,0,0,0,0,UNKNOWN,2026-08-03T09:27:00+05:30,NO_DIRECTIONAL_START,,NONE,NONE,0,,,,,,UNKNOWN,0,0,0,0,False,False,NO_QUALIFIED_ACCEPTED_RANGE,0,,,,,,0,,,,,UNASSESSABLE,UNASSESSABLE,UNASSESSABLE,UNASSESSABLE,False,0,False,False,False,True,,COHERENT,[],[],"{""accepted_range_breakout_eligible"":false,""accepted_range_established_at"":""2026-08-03T09:27:00+05:30"",""accepted_range_high"":7445.0,""accepted_range_id"":""ORB:2026-08-03"",""accepted_range_inside"":true,""accepted_range_low"":7243.0,""accepted_range_outside_atr"":0.0,""accepted_range_position"":0.26485148514851486,""accepted_range_provisional"":false,""atr"":48.331327467141705,""close"":7296.5,""current_leg_mature"":false,""directional_bias"":""UP"",""directional_efficiency"":1.0,""directional_efficiency_source"":""PRICE_ACTION"",""exhausted_side"":""UNKNOWN"",""exhaustion_active"":false,""extension_mature"":false,""failed_extreme_observed"":false,""high"":7305.0,""low"":7280.0,""observation_state"":""UNKNOWN"",""overlap_ratio"":0.568282039465155,""range_width_atr"":4.179483796246456,""rejection_observed"":true,""snapshot_time"":""2026-08-03T09:27:00+05:30"",""source_reason_codes"":[""NO_DIRECTIONAL_OBSERVATION_CONFIRMED"",""OBSERVATION_PROPOSAL_MATCHED_CURRENT"",""OBSERVATION_STATE_UNKNOWN"",""DYNAMIC_BOUNDARY_UNKNOWN"",""OBJECTIVE_REJECTION_OBSERVED"",""OBJECTIVE_ACCEPTED_RANGE_GEOMETRY_PRESENT""],""structural_failure_confirmed"":false,""symbol"":""ABB"",""trading_day"":""2026-08-03"",""trend_direction"":""UP"",""trend_protection_level"":null,""trend_protection_source"":"""",""trend_protection_time"":null}","{""continuation_failure_seen"":false,""continuation_failure_time"":null,""current_state"":""NONE"",""direction"":""UNKNOWN"",""episode_id"":null,""extreme_price"":null,""extreme_time"":null,""first_adverse_bar_close"":null,""first_adverse_bar_level"":null,""first_adverse_bar_time"":null,""origin_event_id"":null,""origin_price"":null,""origin_source"":""NONE"",""parent_episode_id"":null,""previous_state"":""NONE"",""protection_level"":null,""protection_source"":"""",""reason_codes"":[""NO_DIRECTIONAL_START""],""rejection_seen"":false,""reversal_confirmation_breach_closes"":0,""reversal_confirmation_level"":null,""reversal_confirmation_level_time"":null,""reversal_confirmation_source"":"""",""reversal_leg_failure_closes"":0,""reversal_leg_progress_atr"":0.0,""reversal_leg_progress_bars"":0,""started_at"":null,""state_age_bars"":0,""state_started_at"":null}","{""attempt_limit_reached"":false,""candidate_bar_expansion_count"":0,""candidate_high"":null,""candidate_last_valid_at"":null,""candidate_low"":null,""candidate_merge_count"":0,""containment_bars"":0,""containment_ratio"":0.0,""current_state"":""NONE"",""down_escape_attempt_count"":0,""episode_id"":null,""escape_attempt_count"":0,""escape_direction"":""UNKNOWN"",""failed_escape_count"":0,""forming_bars_observed"":0,""forming_invalid_bars"":0,""frozen_high"":null,""frozen_low"":null,""last_escape_direction"":""UNKNOWN"",""last_escape_failed_at"":null,""last_escape_started_at"":null,""marginal_excursion_bars"":0,""meaningful_escape_bars"":0,""outside_close_count"":0,""previous_state"":""NONE"",""range_id"":null,""rearm_bars_elapsed"":0,""rearm_inside_close_count"":0,""rearm_required"":false,""reason_codes"":[""NO_QUALIFIED_ACCEPTED_RANGE""],""reentry_close_count"":0,""source_range_ids"":[],""started_at"":null,""state_age_bars"":0,""state_started_at"":null,""up_escape_attempt_count"":0}","{""balance_attempt_limit_reached"":false,""balance_candidate_bar_expansion_count"":0,""balance_candidate_merge_count"":0,""balance_containment_ratio"":0.0,""balance_down_escape_attempt_count"":0,""balance_escape_attempt_count"":0,""balance_failed_escape_count"":0,""balance_forming_bars_observed"":0,""balance_forming_invalid_bars"":0,""balance_last_escape_direction"":""UNKNOWN"",""balance_last_escape_failed_at"":null,""balance_last_escape_started_at"":null,""balance_marginal_excursion_bars"":0,""balance_meaningful_escape_bars"":0,""balance_rearm_bars_elapsed"":0,""balance_rearm_inside_close_count"":0,""balance_rearm_required"":false,""balance_up_escape_attempt_count"":0,""directional_origin_event_id"":null,""directional_origin_source"":""NONE"",""directional_parent_episode_id"":null,""directional_reversal_watch_age_bars"":0,""directional_start_candidate_bars"":0,""directional_start_candidate_side"":""UNKNOWN"",""observation_accepted_range_id"":""ORB:2026-08-03"",""observation_current_leg_mature"":false,""observation_directional_bias"":""UP"",""observation_exhaustion_active"":false,""observation_state"":""UNKNOWN""}","{""balance"":{""attempt_limit_reached"":false,""candidate_bar_expansion_count"":0,""candidate_high"":null,""candidate_last_valid_at"":null,""candidate_low"":null,""candidate_merge_count"":0,""containment_bars"":0,""down_escape_attempt_count"":0,""emitted_event_ids"":[],""episode_id"":null,""escape_attempt_count"":0,""escape_direction"":""UNKNOWN"",""failed_escape_count"":0,""forming_bars_observed"":0,""forming_invalid_bars"":0,""frozen_high"":null,""frozen_low"":null,""last_escape_direction"":""UNKNOWN"",""last_escape_failed_at"":null,""last_escape_started_at"":null,""last_reason_codes"":[""NO_QUALIFIED_ACCEPTED_RANGE""],""marginal_excursion_bars"":0,""meaningful_escape_bars"":0,""outside_close_count"":0,""range_id"":null,""rearm_bars_elapsed"":0,""rearm_inside_close_count"":0,""rearm_required"":false,""reentry_close_count"":0,""sequence"":0,""source_range_ids"":[],""started_at"":null,""state"":""NONE"",""state_age_bars"":0,""state_started_at"":null,""up_escape_attempt_count"":0},""directional"":{""continuation_failure_progress_bars"":0,""continuation_failure_seen"":false,""continuation_failure_seen_at"":null,""direction"":""UNKNOWN"",""emitted_event_ids"":[],""episode_id"":null,""extreme_price"":null,""extreme_time"":null,""first_adverse_bar_close"":null,""first_adverse_bar_level"":null,""first_adverse_bar_time"":null,""inactive_bars"":0,""last_close"":7296.5,""last_observation_state"":""UNKNOWN"",""last_observation_state_time"":""2026-08-03T09:27:00+05:30"",""last_reason_codes"":[""NO_DIRECTIONAL_START""],""opposite_control_bars"":0,""origin_event_id"":null,""origin_price"":null,""origin_source"":""NONE"",""parent_episode_id"":null,""protection_level"":null,""protection_source"":"""",""protection_time"":null,""rejection_seen"":false,""rejection_seen_at"":null,""reversal_confirmation_breach_closes"":0,""reversal_confirmation_level"":null,""reversal_confirmation_level_time"":null,""reversal_confirmation_source"":"""",""reversal_leg_failure_closes"":0,""reversal_leg_progress_atr"":0.0,""reversal_leg_progress_bars"":0,""reversal_watch_age_bars"":0,""sequence"":0,""start_candidate_bars"":0,""start_candidate_side"":""UNKNOWN"",""started_at"":null,""state"":""NONE"",""state_age_bars"":0,""state_started_at"":null,""trend_restore_bars"":0},""evidence_history"":[{""atr"":45.54500108461593,""bar"":{""body_fraction"":0.9307692307692308,""close"":7425.0,""close_position"":0.9333333333333332,""direction"":""UP"",""high"":7438.0,""low"":7243.0,""lower_wick_fraction"":0.002564102564102564,""move_atr"":3.985069616373477,""move_points"":181.5,""open"":7243.5,""snapshot_time"":""2026-08-03T09:15:00+05:30"",""upper_wick_fraction"":0.06666666666666667,""volume"":109134.0},""close"":7425.0,""trend"":{""ema_ref"":7364.440197523344,""ema_slow"":7381.733341041906,""hma_order"":""SELL"",""hma_spread_atr"":3.965591992638049}},{""atr"":47.68464386428623,""bar"":{""body_fraction"":0.6158940397350994,""close"":7381.0,""close_position"":0.152317880794702,""direction"":""DOWN"",""high"":7445.0,""low"":7369.5,""lower_wick_fraction"":0.152317880794702,""move_atr"":-0.9751567010197704,""move_points"":-46.5,""open"":7427.5,""snapshot_time"":""2026-08-03T09:18:00+05:30"",""upper_wick_fraction"":0.2317880794701987,""volume"":40337.0},""close"":7381.0,""trend"":{""ema_ref"":7364.6049716773405,""ema_slow"":7381.718819437116,""hma_order"":""SELL"",""hma_spread_atr"":2.9539428582673453}},{""atr"":49.63574073112292,""bar"":{""body_fraction"":0.6060606060606061,""close"":7332.0,""close_position"":0.3939393939393939,""direction"":""DOWN"",""high"":7372.0,""low"":7306.0,""lower_wick_fraction"":0.3939393939393939,""move_atr"":-0.8058709190355438,""move_points"":-40.0,""open"":7372.0,""snapshot_time"":""2026-08-03T09:21:00+05:30"",""upper_wick_fraction"":0.0,""volume"":24784.0},""close"":7332.0,""trend"":{""ema_ref"":7364.280544098462,""ema_slow"":7380.734288359153,""hma_order"":""BUY"",""hma_spread_atr"":2.5395999141753047}},{""atr"":50.126044964614145,""bar"":{""body_fraction"":0.5398230088495575,""close"":7301.0,""close_position"":0.20353982300884957,""direction"":""DOWN"",""high"":7346.0,""low"":7289.5,""lower_wick_fraction"":0.20353982300884957,""move_atr"":-0.6084661181932685,""move_points"":-30.5,""open"":7331.5,""snapshot_time"":""2026-08-03T09:24:00+05:30"",""upper_wick_fraction"":0.25663716814159293,""volume"":17089.0},""close"":7301.0,""trend"":{""ema_ref"":7363.650886943254,""ema_slow"":7379.155391559962,""hma_order"":""BUY"",""hma_spread_atr"":2.510492865403228}},{""atr"":48.331327467141705,""bar"":{""body_fraction"":0.2,""close"":7296.5,""close_position"":0.66,""direction"":""DOWN"",""high"":7305.0,""low"":7280.0,""lower_wick_fraction"":0.66,""move_atr"":-0.10345256921402116,""move_points"":-5.0,""open"":7301.5,""snapshot_time"":""2026-08-03T09:27:00+05:30"",""upper_wick_fraction"":0.14,""volume"":19228.0},""close"":7296.5,""trend"":{""ema_ref"":7362.982718913968,""ema_slow"":7377.518651133031,""hma_order"":""BUY"",""hma_spread_atr"":2.597092117785921}}],""last_observation_hash"":""287e511e470f2f5796beba8416b33c52e72a07866d3bf2dbcd7421111735d766"",""last_snapshot_time"":""2026-08-03T09:27:00+05:30"",""observation"":{""compression_box_high"":null,""compression_box_low"":null,""compression_candidate_bars"":0,""current_state"":""UNKNOWN"",""established_side"":""UNKNOWN"",""exhaustion_active"":false,""exhaustion_age_bars"":0,""exhaustion_clear_bars"":0,""exhaustion_last_seen_at"":null,""exhaustion_side"":""UNKNOWN"",""exhaustion_started_at"":null,""failure_breach_bars"":0,""last_close"":7296.5,""last_reason_codes"":[""NO_DIRECTIONAL_OBSERVATION_CONFIRMED"",""OBSERVATION_PROPOSAL_MATCHED_CURRENT"",""OBSERVATION_STATE_UNKNOWN""],""last_snapshot_time"":""2026-08-03T09:27:00+05:30"",""leg_age_bars"":0,""leg_anchor_price"":null,""leg_anchor_time"":null,""leg_extreme_price"":null,""leg_maturity_consumed"":false,""leg_maturity_extreme_price"":null,""leg_maturity_onset_time"":null,""leg_no_progress_bars"":0,""observation_count"":5,""pending_bars"":0,""pending_state"":null,""protection_level"":null,""protection_source"":"""",""protection_time"":null,""pullback_age_bars"":0,""pullback_candidate_bars"":0,""pullback_extreme_price"":null,""reacceleration_age_bars"":0,""recompression_age_bars"":0,""reversal_confirmation_bars"":0,""reversal_side"":""UNKNOWN"",""state_age_bars"":5,""trading_day"":""2026-08-03"",""trend_anchor_price"":null,""trend_candidate_bars"":1,""trend_candidate_side"":""UP"",""trend_extreme_price"":null,""trend_failure_age_bars"":0,""trend_onset_time"":null},""symbol"":""ABB"",""trading_day"":""2026-08-03""}"
restoration-v3-current-day,development,restoration-trend-control-v3,backtest-default,OK,,,,ABB,2026-08-03,2026-08-03T09:30:00+05:30,2026-08-03T09:27:00+05:30,SNAPSHOT_AUCTION_AUTHORITY_V3A,3m,True,True,7375.0,2026-08-03T09:30:00,7296.5,7380.0,7290.5,7375.0,20643.0,51.27194693377445,UNKNOWN,NEUTRAL,not_enough_historical_bars_for_balance,RANGE_ACCEPTED,ORB:2026-08-03,7243.0,7445.0,2,ok,TURNING_UP,0.7216421886180986,-0.02925576440343643,OK,INCREMENTAL_PREVIOUS_SNAPSHOT,AUTOTRADES_AUCTION_ENGINE,1.1.0,,,UNKNOWN,UNKNOWN,UP,False,False,False,UNKNOWN,False,False,False,,,,ORB:2026-08-03,7243.0,7445.0,True,0.6534653465346535,0.24154589371980675,PRICE_ACTION,0.570625631572124,NO_DIRECTIONAL_OBSERVATION_CONFIRMED|OBSERVATION_PROPOSAL_MATCHED_CURRENT|OBSERVATION_STATE_UNKNOWN|DYNAMIC_BOUNDARY_UNKNOWN|OBJECTIVE_ACCEPTED_RANGE_GEOMETRY_PRESENT,,NONE,NONE,UNKNOWN,NONE,,,,,0,,,,,,,,,0,0.0,0,False,NO_DIRECTIONAL_START,0,UNKNOWN,0,0,0,0,0,UNKNOWN,2026-08-03T09:30:00+05:30,NO_DIRECTIONAL_START,,NONE,NONE,0,,,,,,UNKNOWN,0,0,0,0,False,False,NO_QUALIFIED_ACCEPTED_RANGE,0,,,,,,0,,,,,UNASSESSABLE,UNASSESSABLE,UNASSESSABLE,UNASSESSABLE,False,0,False,False,False,True,,COHERENT,[],[],"{""accepted_range_breakout_eligible"":false,""accepted_range_established_at"":""2026-08-03T09:27:00+05:30"",""accepted_range_high"":7445.0,""accepted_range_id"":""ORB:2026-08-03"",""accepted_range_inside"":true,""accepted_range_low"":7243.0,""accepted_range_outside_atr"":0.0,""accepted_range_position"":0.6534653465346535,""accepted_range_provisional"":false,""atr"":51.27194693377445,""close"":7375.0,""current_leg_mature"":false,""directional_bias"":""UNKNOWN"",""directional_efficiency"":0.24154589371980675,""directional_efficiency_source"":""PRICE_ACTION"",""exhausted_side"":""UNKNOWN"",""exhaustion_active"":false,""extension_mature"":false,""failed_extreme_observed"":false,""high"":7380.0,""low"":7290.5,""observation_state"":""UNKNOWN"",""overlap_ratio"":0.570625631572124,""range_width_atr"":3.939776272996106,""rejection_observed"":false,""snapshot_time"":""2026-08-03T09:30:00+05:30"",""source_reason_codes"":[""NO_DIRECTIONAL_OBSERVATION_CONFIRMED"",""OBSERVATION_PROPOSAL_MATCHED_CURRENT"",""OBSERVATION_STATE_UNKNOWN"",""DYNAMIC_BOUNDARY_UNKNOWN"",""OBJECTIVE_ACCEPTED_RANGE_GEOMETRY_PRESENT""],""structural_failure_confirmed"":false,""symbol"":""ABB"",""trading_day"":""2026-08-03"",""trend_direction"":""UP"",""trend_protection_level"":null,""trend_protection_source"":"""",""trend_protection_time"":null}","{""continuation_failure_seen"":false,""continuation_failure_time"":null,""current_state"":""NONE"",""direction"":""UNKNOWN"",""episode_id"":null,""extreme_price"":null,""extreme_time"":null,""first_adverse_bar_close"":null,""first_adverse_bar_level"":null,""first_adverse_bar_time"":null,""origin_event_id"":null,""origin_price"":null,""origin_source"":""NONE"",""parent_episode_id"":null,""previous_state"":""NONE"",""protection_level"":null,""protection_source"":"""",""reason_codes"":[""NO_DIRECTIONAL_START""],""rejection_seen"":false,""reversal_confirmation_breach_closes"":0,""reversal_confirmation_level"":null,""reversal_confirmation_level_time"":null,""reversal_confirmation_source"":"""",""reversal_leg_failure_closes"":0,""reversal_leg_progress_atr"":0.0,""reversal_leg_progress_bars"":0,""started_at"":null,""state_age_bars"":0,""state_started_at"":null}","{""attempt_limit_reached"":false,""candidate_bar_expansion_count"":0,""candidate_high"":null,""candidate_last_valid_at"":null,""candidate_low"":null,""candidate_merge_count"":0,""containment_bars"":0,""containment_ratio"":0.0,""current_state"":""NONE"",""down_escape_attempt_count"":0,""episode_id"":null,""escape_attempt_count"":0,""escape_direction"":""UNKNOWN"",""failed_escape_count"":0,""forming_bars_observed"":0,""forming_invalid_bars"":0,""frozen_high"":null,""frozen_low"":null,""last_escape_direction"":""UNKNOWN"",""last_escape_failed_at"":null,""last_escape_started_at"":null,""marginal_excursion_bars"":0,""meaningful_escape_bars"":0,""outside_close_count"":0,""previous_state"":""NONE"",""range_id"":null,""rearm_bars_elapsed"":0,""rearm_inside_close_count"":0,""rearm_required"":false,""reason_codes"":[""NO_QUALIFIED_ACCEPTED_RANGE""],""reentry_close_count"":0,""source_range_ids"":[],""started_at"":null,""state_age_bars"":0,""state_started_at"":null,""up_escape_attempt_count"":0}","{""balance_attempt_limit_reached"":false,""balance_candidate_bar_expansion_count"":0,""balance_candidate_merge_count"":0,""balance_containment_ratio"":0.0,""balance_down_escape_attempt_count"":0,""balance_escape_attempt_count"":0,""balance_failed_escape_count"":0,""balance_forming_bars_observed"":0,""balance_forming_invalid_bars"":0,""balance_last_escape_direction"":""UNKNOWN"",""balance_last_escape_failed_at"":null,""balance_last_escape_started_at"":null,""balance_marginal_excursion_bars"":0,""balance_meaningful_escape_bars"":0,""balance_rearm_bars_elapsed"":0,""balance_rearm_inside_close_count"":0,""balance_rearm_required"":false,""balance_up_escape_attempt_count"":0,""directional_origin_event_id"":null,""directional_origin_source"":""NONE"",""directional_parent_episode_id"":null,""directional_reversal_watch_age_bars"":0,""directional_start_candidate_bars"":0,""directional_start_candidate_side"":""UNKNOWN"",""observation_accepted_range_id"":""ORB:2026-08-03"",""observation_current_leg_mature"":false,""observation_directional_bias"":""UNKNOWN"",""observation_exhaustion_active"":false,""observation_state"":""UNKNOWN""}","{""balance"":{""attempt_limit_reached"":false,""candidate_bar_expansion_count"":0,""candidate_high"":null,""candidate_last_valid_at"":null,""candidate_low"":null,""candidate_merge_count"":0,""containment_bars"":0,""down_escape_attempt_count"":0,""emitted_event_ids"":[],""episode_id"":null,""escape_attempt_count"":0,""escape_direction"":""UNKNOWN"",""failed_escape_count"":0,""forming_bars_observed"":0,""forming_invalid_bars"":0,""frozen_high"":null,""frozen_low"":null,""last_escape_direction"":""UNKNOWN"",""last_escape_failed_at"":null,""last_escape_started_at"":null,""last_reason_codes"":[""NO_QUALIFIED_ACCEPTED_RANGE""],""marginal_excursion_bars"":0,""meaningful_escape_bars"":0,""outside_close_count"":0,""range_id"":null,""rearm_bars_elapsed"":0,""rearm_inside_close_count"":0,""rearm_required"":false,""reentry_close_count"":0,""sequence"":0,""source_range_ids"":[],""started_at"":null,""state"":""NONE"",""state_age_bars"":0,""state_started_at"":null,""up_escape_attempt_count"":0},""directional"":{""continuation_failure_progress_bars"":0,""continuation_failure_seen"":false,""continuation_failure_seen_at"":null,""direction"":""UNKNOWN"",""emitted_event_ids"":[],""episode_id"":null,""extreme_price"":null,""extreme_time"":null,""first_adverse_bar_close"":null,""first_adverse_bar_level"":null,""first_adverse_bar_time"":null,""inactive_bars"":0,""last_close"":7375.0,""last_observation_state"":""UNKNOWN"",""last_observation_state_time"":""2026-08-03T09:30:00+05:30"",""last_reason_codes"":[""NO_DIRECTIONAL_START""],""opposite_control_bars"":0,""origin_event_id"":null,""origin_price"":null,""origin_source"":""NONE"",""parent_episode_id"":null,""protection_level"":null,""protection_source"":"""",""protection_time"":null,""rejection_seen"":false,""rejection_seen_at"":null,""reversal_confirmation_breach_closes"":0,""reversal_confirmation_level"":null,""reversal_confirmation_level_time"":null,""reversal_confirmation_source"":"""",""reversal_leg_failure_closes"":0,""reversal_leg_progress_atr"":0.0,""reversal_leg_progress_bars"":0,""reversal_watch_age_bars"":0,""sequence"":0,""start_candidate_bars"":0,""start_candidate_side"":""UNKNOWN"",""started_at"":null,""state"":""NONE"",""state_age_bars"":0,""state_started_at"":null,""trend_restore_bars"":0},""evidence_history"":[{""atr"":45.54500108461593,""bar"":{""body_fraction"":0.9307692307692308,""close"":7425.0,""close_position"":0.9333333333333332,""direction"":""UP"",""high"":7438.0,""low"":7243.0,""lower_wick_fraction"":0.002564102564102564,""move_atr"":3.985069616373477,""move_points"":181.5,""open"":7243.5,""snapshot_time"":""2026-08-03T09:15:00+05:30"",""upper_wick_fraction"":0.06666666666666667,""volume"":109134.0},""close"":7425.0,""trend"":{""ema_ref"":7364.440197523344,""ema_slow"":7381.733341041906,""hma_order"":""SELL"",""hma_spread_atr"":3.965591992638049}},{""atr"":47.68464386428623,""bar"":{""body_fraction"":0.6158940397350994,""close"":7381.0,""close_position"":0.152317880794702,""direction"":""DOWN"",""high"":7445.0,""low"":7369.5,""lower_wick_fraction"":0.152317880794702,""move_atr"":-0.9751567010197704,""move_points"":-46.5,""open"":7427.5,""snapshot_time"":""2026-08-03T09:18:00+05:30"",""upper_wick_fraction"":0.2317880794701987,""volume"":40337.0},""close"":7381.0,""trend"":{""ema_ref"":7364.6049716773405,""ema_slow"":7381.718819437116,""hma_order"":""SELL"",""hma_spread_atr"":2.9539428582673453}},{""atr"":49.63574073112292,""bar"":{""body_fraction"":0.6060606060606061,""close"":7332.0,""close_position"":0.3939393939393939,""direction"":""DOWN"",""high"":7372.0,""low"":7306.0,""lower_wick_fraction"":0.3939393939393939,""move_atr"":-0.8058709190355438,""move_points"":-40.0,""open"":7372.0,""snapshot_time"":""2026-08-03T09:21:00+05:30"",""upper_wick_fraction"":0.0,""volume"":24784.0},""close"":7332.0,""trend"":{""ema_ref"":7364.280544098462,""ema_slow"":7380.734288359153,""hma_order"":""BUY"",""hma_spread_atr"":2.5395999141753047}},{""atr"":50.126044964614145,""bar"":{""body_fraction"":0.5398230088495575,""close"":7301.0,""close_position"":0.20353982300884957,""direction"":""DOWN"",""high"":7346.0,""low"":7289.5,""lower_wick_fraction"":0.20353982300884957,""move_atr"":-0.6084661181932685,""move_points"":-30.5,""open"":7331.5,""snapshot_time"":""2026-08-03T09:24:00+05:30"",""upper_wick_fraction"":0.25663716814159293,""volume"":17089.0},""close"":7301.0,""trend"":{""ema_ref"":7363.650886943254,""ema_slow"":7379.155391559962,""hma_order"":""BUY"",""hma_spread_atr"":2.510492865403228}},{""atr"":48.331327467141705,""bar"":{""body_fraction"":0.2,""close"":7296.5,""close_position"":0.66,""direction"":""DOWN"",""high"":7305.0,""low"":7280.0,""lower_wick_fraction"":0.66,""move_atr"":-0.10345256921402116,""move_points"":-5.0,""open"":7301.5,""snapshot_time"":""2026-08-03T09:27:00+05:30"",""upper_wick_fraction"":0.14,""volume"":19228.0},""close"":7296.5,""trend"":{""ema_ref"":7362.982718913968,""ema_slow"":7377.518651133031,""hma_order"":""BUY"",""hma_spread_atr"":2.597092117785921}},{""atr"":51.27194693377445,""bar"":{""body_fraction"":0.8770949720670391,""close"":7375.0,""close_position"":0.9441340782122905,""direction"":""UP"",""high"":7380.0,""low"":7290.5,""lower_wick_fraction"":0.0670391061452514,""move_atr"":1.5310516704465065,""move_points"":78.5,""open"":7296.5,""snapshot_time"":""2026-08-03T09:30:00+05:30"",""upper_wick_fraction"":0.055865921787709494,""volume"":20643.0},""close"":7375.0,""trend"":{""ema_ref"":7363.102293850147,""ema_slow"":7377.468776853168,""hma_order"":""BUY"",""hma_spread_atr"":2.4106832085124803}}],""last_observation_hash"":""7da9bfed37fa0c098b21ec19f29efd7e1b99617a29f95ae09b5c06f5a271dc40"",""last_snapshot_time"":""2026-08-03T09:30:00+05:30"",""observation"":{""compression_box_high"":null,""compression_box_low"":null,""compression_candidate_bars"":0,""current_state"":""UNKNOWN"",""established_side"":""UNKNOWN"",""exhaustion_active"":false,""exhaustion_age_bars"":0,""exhaustion_clear_bars"":0,""exhaustion_last_seen_at"":null,""exhaustion_side"":""UNKNOWN"",""exhaustion_started_at"":null,""failure_breach_bars"":0,""last_close"":7375.0,""last_reason_codes"":[""NO_DIRECTIONAL_OBSERVATION_CONFIRMED"",""OBSERVATION_PROPOSAL_MATCHED_CURRENT"",""OBSERVATION_STATE_UNKNOWN""],""last_snapshot_time"":""2026-08-03T09:30:00+05:30"",""leg_age_bars"":0,""leg_anchor_price"":null,""leg_anchor_time"":null,""leg_extreme_price"":null,""leg_maturity_consumed"":false,""leg_maturity_extreme_price"":null,""leg_maturity_onset_time"":null,""leg_no_progress_bars"":0,""observation_count"":6,""pending_bars"":0,""pending_state"":null,""protection_level"":null,""protection_source"":"""",""protection_time"":null,""pullback_age_bars"":0,""pullback_candidate_bars"":0,""pullback_extreme_price"":null,""reacceleration_age_bars"":0,""recompression_age_bars"":0,""reversal_confirmation_bars"":0,""reversal_side"":""UNKNOWN"",""state_age_bars"":6,""trading_day"":""2026-08-03"",""trend_anchor_price"":null,""trend_candidate_bars"":0,""trend_candidate_side"":""UNKNOWN"",""trend_extreme_price"":null,""trend_failure_age_bars"":0,""trend_onset_time"":null},""symbol"":""ABB"",""trading_day"":""2026-08-03""}"
restoration-v3-current-day,development,restoration-trend-control-v3,backtest-default,OK,,,,ABB,2026-08-03,2026-08-03T09:33:00+05:30,2026-08-03T09:30:00+05:30,SNAPSHOT_AUCTION_AUTHORITY_V3A,3m,True,True,7364.0,2026-08-03T09:33:00,7370.5,7385.5,7344.0,7364.0,14363.0,50.57395072421913,EXPANDING_RANGE,BUY,candidate_boundaries_or_midpoint_still_drifting,RANGE_ACCEPTED,ORB:2026-08-03,7243.0,7445.0,3,ok,UP_ACCELERATING,0.6673395990762022,0.15818420126250718,OK,INCREMENTAL_PREVIOUS_SNAPSHOT,AUTOTRADES_AUCTION_ENGINE,1.1.0,,,UNKNOWN,UNKNOWN,UP,False,False,False,UNKNOWN,True,False,False,,,,ORB:2026-08-03,7243.0,7445.0,True,0.599009900990099,0.2798165137614679,PRICE_ACTION,0.5626626538333543,NO_DIRECTIONAL_OBSERVATION_CONFIRMED|OBSERVATION_PROPOSAL_MATCHED_CURRENT|OBSERVATION_STATE_UNKNOWN|DYNAMIC_BOUNDARY_UNKNOWN|OBJECTIVE_REJECTION_OBSERVED|OBJECTIVE_ACCEPTED_RANGE_GEOMETRY_PRESENT,,NONE,NONE,UNKNOWN,NONE,,,,,0,,,,,,,,,0,0.0,0,False,NO_DIRECTIONAL_START,0,UNKNOWN,0,0,0,0,0,UNKNOWN,2026-08-03T09:33:00+05:30,NO_DIRECTIONAL_START,,NONE,NONE,0,,,,,,UNKNOWN,0,0,0,0,False,False,NO_QUALIFIED_ACCEPTED_RANGE,0,,,,,,0,,,,,UNASSESSABLE,UNASSESSABLE,UNASSESSABLE,MATCH,False,0,False,False,False,True,,COHERENT,[],[],"{""accepted_range_breakout_eligible"":false,""accepted_range_established_at"":""2026-08-03T09:27:00+05:30"",""accepted_range_high"":7445.0,""accepted_range_id"":""ORB:2026-08-03"",""accepted_range_inside"":true,""accepted_range_low"":7243.0,""accepted_range_outside_atr"":0.0,""accepted_range_position"":0.599009900990099,""accepted_range_provisional"":false,""atr"":50.57395072421913,""close"":7364.0,""current_leg_mature"":false,""directional_bias"":""UNKNOWN"",""directional_efficiency"":0.2798165137614679,""directional_efficiency_source"":""PRICE_ACTION"",""exhausted_side"":""UNKNOWN"",""exhaustion_active"":false,""extension_mature"":false,""failed_extreme_observed"":false,""high"":7385.5,""low"":7344.0,""observation_state"":""UNKNOWN"",""overlap_ratio"":0.5626626538333543,""range_width_atr"":3.9941510818783064,""rejection_observed"":true,""snapshot_time"":""2026-08-03T09:33:00+05:30"",""source_reason_codes"":[""NO_DIRECTIONAL_OBSERVATION_CONFIRMED"",""OBSERVATION_PROPOSAL_MATCHED_CURRENT"",""OBSERVATION_STATE_UNKNOWN"",""DYNAMIC_BOUNDARY_UNKNOWN"",""OBJECTIVE_REJECTION_OBSERVED"",""OBJECTIVE_ACCEPTED_RANGE_GEOMETRY_PRESENT""],""structural_failure_confirmed"":false,""symbol"":""ABB"",""trading_day"":""2026-08-03"",""trend_direction"":""UP"",""trend_protection_level"":null,""trend_protection_source"":"""",""trend_protection_time"":null}","{""continuation_failure_seen"":false,""continuation_failure_time"":null,""current_state"":""NONE"",""direction"":""UNKNOWN"",""episode_id"":null,""extreme_price"":null,""extreme_time"":null,""first_adverse_bar_close"":null,""first_adverse_bar_level"":null,""first_adverse_bar_time"":null,""origin_event_id"":null,""origin_price"":null,""origin_source"":""NONE"",""parent_episode_id"":null,""previous_state"":""NONE"",""protection_level"":null,""protection_source"":"""",""reason_codes"":[""NO_DIRECTIONAL_START""],""rejection_seen"":false,""reversal_confirmation_breach_closes"":0,""reversal_confirmation_level"":null,""reversal_confirmation_level_time"":null,""reversal_confirmation_source"":"""",""reversal_leg_failure_closes"":0,""reversal_leg_progress_atr"":0.0,""reversal_leg_progress_bars"":0,""started_at"":null,""state_age_bars"":0,""state_started_at"":null}","{""attempt_limit_reached"":false,""candidate_bar_expansion_count"":0,""candidate_high"":null,""candidate_last_valid_at"":null,""candidate_low"":null,""candidate_merge_count"":0,""containment_bars"":0,""containment_ratio"":0.0,""current_state"":""NONE"",""down_escape_attempt_count"":0,""episode_id"":null,""escape_attempt_count"":0,""escape_direction"":""UNKNOWN"",""failed_escape_count"":0,""forming_bars_observed"":0,""forming_invalid_bars"":0,""frozen_high"":null,""frozen_low"":null,""last_escape_direction"":""UNKNOWN"",""last_escape_failed_at"":null,""last_escape_started_at"":null,""marginal_excursion_bars"":0,""meaningful_escape_bars"":0,""outside_close_count"":0,""previous_state"":""NONE"",""range_id"":null,""rearm_bars_elapsed"":0,""rearm_inside_close_count"":0,""rearm_required"":false,""reason_codes"":[""NO_QUALIFIED_ACCEPTED_RANGE""],""reentry_close_count"":0,""source_range_ids"":[],""started_at"":null,""state_age_bars"":0,""state_started_at"":null,""up_escape_attempt_count"":0}","{""balance_attempt_limit_reached"":false,""balance_candidate_bar_expansion_count"":0,""balance_candidate_merge_count"":0,""balance_containment_ratio"":0.0,""balance_down_escape_attempt_count"":0,""balance_escape_attempt_count"":0,""balance_failed_escape_count"":0,""balance_forming_bars_observed"":0,""balance_forming_invalid_bars"":0,""balance_last_escape_direction"":""UNKNOWN"",""balance_last_escape_failed_at"":null,""balance_last_escape_started_at"":null,""balance_marginal_excursion_bars"":0,""balance_meaningful_escape_bars"":0,""balance_rearm_bars_elapsed"":0,""balance_rearm_inside_close_count"":0,""balance_rearm_required"":false,""balance_up_escape_attempt_count"":0,""directional_origin_event_id"":null,""directional_origin_source"":""NONE"",""directional_parent_episode_id"":null,""directional_reversal_watch_age_bars"":0,""directional_start_candidate_bars"":0,""directional_start_candidate_side"":""UNKNOWN"",""observation_accepted_range_id"":""ORB:2026-08-03"",""observation_current_leg_mature"":false,""observation_directional_bias"":""UNKNOWN"",""observation_exhaustion_active"":false,""observation_state"":""UNKNOWN""}","{""balance"":{""attempt_limit_reached"":false,""candidate_bar_expansion_count"":0,""candidate_high"":null,""candidate_last_valid_at"":null,""candidate_low"":null,""candidate_merge_count"":0,""containment_bars"":0,""down_escape_attempt_count"":0,""emitted_event_ids"":[],""episode_id"":null,""escape_attempt_count"":0,""escape_direction"":""UNKNOWN"",""failed_escape_count"":0,""forming_bars_observed"":0,""forming_invalid_bars"":0,""frozen_high"":null,""frozen_low"":null,""last_escape_direction"":""UNKNOWN"",""last_escape_failed_at"":null,""last_escape_started_at"":null,""last_reason_codes"":[""NO_QUALIFIED_ACCEPTED_RANGE""],""marginal_excursion_bars"":0,""meaningful_escape_bars"":0,""outside_close_count"":0,""range_id"":null,""rearm_bars_elapsed"":0,""rearm_inside_close_count"":0,""rearm_required"":false,""reentry_close_count"":0,""sequence"":0,""source_range_ids"":[],""started_at"":null,""state"":""NONE"",""state_age_bars"":0,""state_started_at"":null,""up_escape_attempt_count"":0},""directional"":{""continuation_failure_progress_bars"":0,""continuation_failure_seen"":false,""continuation_failure_seen_at"":null,""direction"":""UNKNOWN"",""emitted_event_ids"":[],""episode_id"":null,""extreme_price"":null,""extreme_time"":null,""first_adverse_bar_close"":null,""first_adverse_bar_level"":null,""first_adverse_bar_time"":null,""inactive_bars"":0,""last_close"":7364.0,""last_observation_state"":""UNKNOWN"",""last_observation_state_time"":""2026-08-03T09:33:00+05:30"",""last_reason_codes"":[""NO_DIRECTIONAL_START""],""opposite_control_bars"":0,""origin_event_id"":null,""origin_price"":null,""origin_source"":""NONE"",""parent_episode_id"":null,""protection_level"":null,""protection_source"":"""",""protection_time"":null,""rejection_seen"":false,""rejection_seen_at"":null,""reversal_confirmation_breach_closes"":0,""reversal_confirmation_level"":null,""reversal_confirmation_level_time"":null,""reversal_confirmation_source"":"""",""reversal_leg_failure_closes"":0,""reversal_leg_progress_atr"":0.0,""reversal_leg_progress_bars"":0,""reversal_watch_age_bars"":0,""sequence"":0,""start_candidate_bars"":0,""start_candidate_side"":""UNKNOWN"",""started_at"":null,""state"":""NONE"",""state_age_bars"":0,""state_started_at"":null,""trend_restore_bars"":0},""evidence_history"":[{""atr"":45.54500108461593,""bar"":{""body_fraction"":0.9307692307692308,""close"":7425.0,""close_position"":0.9333333333333332,""direction"":""UP"",""high"":7438.0,""low"":7243.0,""lower_wick_fraction"":0.002564102564102564,""move_atr"":3.985069616373477,""move_points"":181.5,""open"":7243.5,""snapshot_time"":""2026-08-03T09:15:00+05:30"",""upper_wick_fraction"":0.06666666666666667,""volume"":109134.0},""close"":7425.0,""trend"":{""ema_ref"":7364.440197523344,""ema_slow"":7381.733341041906,""hma_order"":""SELL"",""hma_spread_atr"":3.965591992638049}},{""atr"":47.68464386428623,""bar"":{""body_fraction"":0.6158940397350994,""close"":7381.0,""close_position"":0.152317880794702,""direction"":""DOWN"",""high"":7445.0,""low"":7369.5,""lower_wick_fraction"":0.152317880794702,""move_atr"":-0.9751567010197704,""move_points"":-46.5,""open"":7427.5,""snapshot_time"":""2026-08-03T09:18:00+05:30"",""upper_wick_fraction"":0.2317880794701987,""volume"":40337.0},""close"":7381.0,""trend"":{""ema_ref"":7364.6049716773405,""ema_slow"":7381.718819437116,""hma_order"":""SELL"",""hma_spread_atr"":2.9539428582673453}},{""atr"":49.63574073112292,""bar"":{""body_fraction"":0.6060606060606061,""close"":7332.0,""close_position"":0.3939393939393939,""direction"":""DOWN"",""high"":7372.0,""low"":7306.0,""lower_wick_fraction"":0.3939393939393939,""move_atr"":-0.8058709190355438,""move_points"":-40.0,""open"":7372.0,""snapshot_time"":""2026-08-03T09:21:00+05:30"",""upper_wick_fraction"":0.0,""volume"":24784.0},""close"":7332.0,""trend"":{""ema_ref"":7364.280544098462,""ema_slow"":7380.734288359153,""hma_order"":""BUY"",""hma_spread_atr"":2.5395999141753047}},{""atr"":50.126044964614145,""bar"":{""body_fraction"":0.5398230088495575,""close"":7301.0,""close_position"":0.20353982300884957,""direction"":""DOWN"",""high"":7346.0,""low"":7289.5,""lower_wick_fraction"":0.20353982300884957,""move_atr"":-0.6084661181932685,""move_points"":-30.5,""open"":7331.5,""snapshot_time"":""2026-08-03T09:24:00+05:30"",""upper_wick_fraction"":0.25663716814159293,""volume"":17089.0},""close"":7301.0,""trend"":{""ema_ref"":7363.650886943254,""ema_slow"":7379.155391559962,""hma_order"":""BUY"",""hma_spread_atr"":2.510492865403228}},{""atr"":48.331327467141705,""bar"":{""body_fraction"":0.2,""close"":7296.5,""close_position"":0.66,""direction"":""DOWN"",""high"":7305.0,""low"":7280.0,""lower_wick_fraction"":0.66,""move_atr"":-0.10345256921402116,""move_points"":-5.0,""open"":7301.5,""snapshot_time"":""2026-08-03T09:27:00+05:30"",""upper_wick_fraction"":0.14,""volume"":19228.0},""close"":7296.5,""trend"":{""ema_ref"":7362.982718913968,""ema_slow"":7377.518651133031,""hma_order"":""BUY"",""hma_spread_atr"":2.597092117785921}},{""atr"":51.27194693377445,""bar"":{""body_fraction"":0.8770949720670391,""close"":7375.0,""close_position"":0.9441340782122905,""direction"":""UP"",""high"":7380.0,""low"":7290.5,""lower_wick_fraction"":0.0670391061452514,""move_atr"":1.5310516704465065,""move_points"":78.5,""open"":7296.5,""snapshot_time"":""2026-08-03T09:30:00+05:30"",""upper_wick_fraction"":0.055865921787709494,""volume"":20643.0},""close"":7375.0,""trend"":{""ema_ref"":7363.102293850147,""ema_slow"":7377.468776853168,""hma_order"":""BUY"",""hma_spread_atr"":2.4106832085124803}},{""atr"":50.57395072421913,""bar"":{""body_fraction"":0.1566265060240964,""close"":7364.0,""close_position"":0.4819277108433735,""direction"":""DOWN"",""high"":7385.5,""low"":7344.0,""lower_wick_fraction"":0.4819277108433735,""move_atr"":-0.1285246635257871,""move_points"":-6.5,""open"":7370.5,""snapshot_time"":""2026-08-03T09:33:00+05:30"",""upper_wick_fraction"":0.3614457831325301,""volume"":14363.0},""close"":7364.0,""trend"":{""ema_ref"":7363.111226249649,""ema_slow"":7377.202068400631,""hma_order"":""BUY"",""hma_spread_atr"":2.3889705536928414}}],""last_observation_hash"":""0971626c0bbe4a1eed96cbea0d8d2e1b3d780d573aea0d1e83240f01ef52eabe"",""last_snapshot_time"":""2026-08-03T09:33:00+05:30"",""observation"":{""compression_box_high"":null,""compression_box_low"":null,""compression_candidate_bars"":0,""current_state"":""UNKNOWN"",""established_side"":""UNKNOWN"",""exhaustion_active"":false,""exhaustion_age_bars"":0,""exhaustion_clear_bars"":0,""exhaustion_last_seen_at"":null,""exhaustion_side"":""UNKNOWN"",""exhaustion_started_at"":null,""failure_breach_bars"":0,""last_close"":7364.0,""last_reason_codes"":[""NO_DIRECTIONAL_OBSERVATION_CONFIRMED"",""OBSERVATION_PROPOSAL_MATCHED_CURRENT"",""OBSERVATION_STATE_UNKNOWN""],""last_snapshot_time"":""2026-08-03T09:33:00+05:30"",""leg_age_bars"":0,""leg_anchor_price"":null,""leg_anchor_time"":null,""leg_extreme_price"":null,""leg_maturity_consumed"":false,""leg_maturity_extreme_price"":null,""leg_maturity_onset_time"":null,""leg_no_progress_bars"":0,""observation_count"":7,""pending_bars"":0,""pending_state"":null,""protection_level"":null,""protection_source"":"""",""protection_time"":null,""pullback_age_bars"":0,""pullback_candidate_bars"":0,""pullback_extreme_price"":null,""reacceleration_age_bars"":0,""recompression_age_bars"":0,""reversal_confirmation_bars"":0,""reversal_side"":""UNKNOWN"",""state_age_bars"":7,""trading_day"":""2026-08-03"",""trend_anchor_price"":null,""trend_candidate_bars"":0,""trend_candidate_side"":""UNKNOWN"",""trend_extreme_price"":null,""trend_failure_age_bars"":0,""trend_onset_time"":null},""symbol"":""ABB"",""trading_day"":""2026-08-03""}"
restoration-v3-current-day,development,restoration-trend-control-v3,backtest-default,OK,,,,ABB,2026-08-03,2026-08-03T09:36:00+05:30,2026-08-03T09:33:00+05:30,SNAPSHOT_AUCTION_AUTHORITY_V3A,3m,True,True,7363.5,2026-08-03T09:36:00,7365.0,7380.5,7359.5,7363.5,11340.0,48.461525672489195,EXPANDING_RANGE,BUY,candidate_boundaries_or_midpoint_still_drifting,RANGE_ACCEPTED,ORB:2026-08-03,7243.0,7445.0,4,ok,TURNING_DOWN,-0.11865082496286698,0.3224207200077907,OK,INCREMENTAL_PREVIOUS_SNAPSHOT,AUTOTRADES_AUCTION_ENGINE,1.1.0,,,UNKNOWN,UNKNOWN,UP,False,False,False,UNKNOWN,True,False,False,,,,ORB:2026-08-03,7243.0,7445.0,True,0.5965346534653465,0.2814645308924485,PRICE_ACTION,0.7550868962575967,NO_DIRECTIONAL_OBSERVATION_CONFIRMED|OBSERVATION_PROPOSAL_MATCHED_CURRENT|OBSERVATION_STATE_UNKNOWN|DYNAMIC_BOUNDARY_UNKNOWN|OBJECTIVE_REJECTION_OBSERVED|OBJECTIVE_ACCEPTED_RANGE_GEOMETRY_PRESENT,,NONE,NONE,UNKNOWN,NONE,,,,,0,,,,,,,,,0,0.0,0,False,NO_DIRECTIONAL_START,0,UNKNOWN,0,0,0,0,0,UNKNOWN,2026-08-03T09:36:00+05:30,NO_DIRECTIONAL_START,,NONE,NONE,0,,,,,,UNKNOWN,0,0,0,0,False,False,NO_QUALIFIED_ACCEPTED_RANGE,0,,,,,,0,,,,,UNASSESSABLE,UNASSESSABLE,UNASSESSABLE,MATCH,False,0,False,False,False,True,,COHERENT,[],[],"{""accepted_range_breakout_eligible"":false,""accepted_range_established_at"":""2026-08-03T09:27:00+05:30"",""accepted_range_high"":7445.0,""accepted_range_id"":""ORB:2026-08-03"",""accepted_range_inside"":true,""accepted_range_low"":7243.0,""accepted_range_outside_atr"":0.0,""accepted_range_position"":0.5965346534653465,""accepted_range_provisional"":false,""atr"":48.461525672489195,""close"":7363.5,""current_leg_mature"":false,""directional_bias"":""UNKNOWN"",""directional_efficiency"":0.2814645308924485,""directional_efficiency_source"":""PRICE_ACTION"",""exhausted_side"":""UNKNOWN"",""exhaustion_active"":false,""extension_mature"":false,""failed_extreme_observed"":false,""high"":7380.5,""low"":7359.5,""observation_state"":""UNKNOWN"",""overlap_ratio"":0.7550868962575967,""range_width_atr"":4.168255068260718,""rejection_observed"":true,""snapshot_time"":""2026-08-03T09:36:00+05:30"",""source_reason_codes"":[""NO_DIRECTIONAL_OBSERVATION_CONFIRMED"",""OBSERVATION_PROPOSAL_MATCHED_CURRENT"",""OBSERVATION_STATE_UNKNOWN"",""DYNAMIC_BOUNDARY_UNKNOWN"",""OBJECTIVE_REJECTION_OBSERVED"",""OBJECTIVE_ACCEPTED_RANGE_GEOMETRY_PRESENT""],""structural_failure_confirmed"":false,""symbol"":""ABB"",""trading_day"":""2026-08-03"",""trend_direction"":""UP"",""trend_protection_level"":null,""trend_protection_source"":"""",""trend_protection_time"":null}","{""continuation_failure_seen"":false,""continuation_failure_time"":null,""current_state"":""NONE"",""direction"":""UNKNOWN"",""episode_id"":null,""extreme_price"":null,""extreme_time"":null,""first_adverse_bar_close"":null,""first_adverse_bar_level"":null,""first_adverse_bar_time"":null,""origin_event_id"":null,""origin_price"":null,""origin_source"":""NONE"",""parent_episode_id"":null,""previous_state"":""NONE"",""protection_level"":null,""protection_source"":"""",""reason_codes"":[""NO_DIRECTIONAL_START""],""rejection_seen"":false,""reversal_confirmation_breach_closes"":0,""reversal_confirmation_level"":null,""reversal_confirmation_level_time"":null,""reversal_confirmation_source"":"""",""reversal_leg_failure_closes"":0,""reversal_leg_progress_atr"":0.0,""reversal_leg_progress_bars"":0,""started_at"":null,""state_age_bars"":0,""state_started_at"":null}","{""attempt_limit_reached"":false,""candidate_bar_expansion_count"":0,""candidate_high"":null,""candidate_last_valid_at"":null,""candidate_low"":null,""candidate_merge_count"":0,""containment_bars"":0,""containment_ratio"":0.0,""current_state"":""NONE"",""down_escape_attempt_count"":0,""episode_id"":null,""escape_attempt_count"":0,""escape_direction"":""UNKNOWN"",""failed_escape_count"":0,""forming_bars_observed"":0,""forming_invalid_bars"":0,""frozen_high"":null,""frozen_low"":null,""last_escape_direction"":""UNKNOWN"",""last_escape_failed_at"":null,""last_escape_started_at"":null,""marginal_excursion_bars"":0,""meaningful_escape_bars"":0,""outside_close_count"":0,""previous_state"":""NONE"",""range_id"":null,""rearm_bars_elapsed"":0,""rearm_inside_close_count"":0,""rearm_required"":false,""reason_codes"":[""NO_QUALIFIED_ACCEPTED_RANGE""],""reentry_close_count"":0,""source_range_ids"":[],""started_at"":null,""state_age_bars"":0,""state_started_at"":null,""up_escape_attempt_count"":0}","{""balance_attempt_limit_reached"":false,""balance_candidate_bar_expansion_count"":0,""balance_candidate_merge_count"":0,""balance_containment_ratio"":0.0,""balance_down_escape_attempt_count"":0,""balance_escape_attempt_count"":0,""balance_failed_escape_count"":0,""balance_forming_bars_observed"":0,""balance_forming_invalid_bars"":0,""balance_last_escape_direction"":""UNKNOWN"",""balance_last_escape_failed_at"":null,""balance_last_escape_started_at"":null,""balance_marginal_excursion_bars"":0,""balance_meaningful_escape_bars"":0,""balance_rearm_bars_elapsed"":0,""balance_rearm_inside_close_count"":0,""balance_rearm_required"":false,""balance_up_escape_attempt_count"":0,""directional_origin_event_id"":null,""directional_origin_source"":""NONE"",""directional_parent_episode_id"":null,""directional_reversal_watch_age_bars"":0,""directional_start_candidate_bars"":0,""directional_start_candidate_side"":""UNKNOWN"",""observation_accepted_range_id"":""ORB:2026-08-03"",""observation_current_leg_mature"":false,""observation_directional_bias"":""UNKNOWN"",""observation_exhaustion_active"":false,""observation_state"":""UNKNOWN""}","{""balance"":{""attempt_limit_reached"":false,""candidate_bar_expansion_count"":0,""candidate_high"":null,""candidate_last_valid_at"":null,""candidate_low"":null,""candidate_merge_count"":0,""containment_bars"":0,""down_escape_attempt_count"":0,""emitted_event_ids"":[],""episode_id"":null,""escape_attempt_count"":0,""escape_direction"":""UNKNOWN"",""failed_escape_count"":0,""forming_bars_observed"":0,""forming_invalid_bars"":0,""frozen_high"":null,""frozen_low"":null,""last_escape_direction"":""UNKNOWN"",""last_escape_failed_at"":null,""last_escape_started_at"":null,""last_reason_codes"":[""NO_QUALIFIED_ACCEPTED_RANGE""],""marginal_excursion_bars"":0,""meaningful_escape_bars"":0,""outside_close_count"":0,""range_id"":null,""rearm_bars_elapsed"":0,""rearm_inside_close_count"":0,""rearm_required"":false,""reentry_close_count"":0,""sequence"":0,""source_range_ids"":[],""started_at"":null,""state"":""NONE"",""state_age_bars"":0,""state_started_at"":null,""up_escape_attempt_count"":0},""directional"":{""continuation_failure_progress_bars"":0,""continuation_failure_seen"":false,""continuation_failure_seen_at"":null,""direction"":""UNKNOWN"",""emitted_event_ids"":[],""episode_id"":null,""extreme_price"":null,""extreme_time"":null,""first_adverse_bar_close"":null,""first_adverse_bar_level"":null,""first_adverse_bar_time"":null,""inactive_bars"":0,""last_close"":7363.5,""last_observation_state"":""UNKNOWN"",""last_observation_state_time"":""2026-08-03T09:36:00+05:30"",""last_reason_codes"":[""NO_DIRECTIONAL_START""],""opposite_control_bars"":0,""origin_event_id"":null,""origin_price"":null,""origin_source"":""NONE"",""parent_episode_id"":null,""protection_level"":null,""protection_source"":"""",""protection_time"":null,""rejection_seen"":false,""rejection_seen_at"":null,""reversal_confirmation_breach_closes"":0,""reversal_confirmation_level"":null,""reversal_confirmation_level_time"":null,""reversal_confirmation_source"":"""",""reversal_leg_failure_closes"":0,""reversal_leg_progress_atr"":0.0,""reversal_leg_progress_bars"":0,""reversal_watch_age_bars"":0,""sequence"":0,""start_candidate_bars"":0,""start_candidate_side"":""UNKNOWN"",""started_at"":null,""state"":""NONE"",""state_age_bars"":0,""state_started_at"":null,""trend_restore_bars"":0},""evidence_history"":[{""atr"":45.54500108461593,""bar"":{""body_fraction"":0.9307692307692308,""close"":7425.0,""close_position"":0.9333333333333332,""direction"":""UP"",""high"":7438.0,""low"":7243.0,""lower_wick_fraction"":0.002564102564102564,""move_atr"":3.985069616373477,""move_points"":181.5,""open"":7243.5,""snapshot_time"":""2026-08-03T09:15:00+05:30"",""upper_wick_fraction"":0.06666666666666667,""volume"":109134.0},""close"":7425.0,""trend"":{""ema_ref"":7364.440197523344,""ema_slow"":7381.733341041906,""hma_order"":""SELL"",""hma_spread_atr"":3.965591992638049}},{""atr"":47.68464386428623,""bar"":{""body_fraction"":0.6158940397350994,""close"":7381.0,""close_position"":0.152317880794702,""direction"":""DOWN"",""high"":7445.0,""low"":7369.5,""lower_wick_fraction"":0.152317880794702,""move_atr"":-0.9751567010197704,""move_points"":-46.5,""open"":7427.5,""snapshot_time"":""2026-08-03T09:18:00+05:30"",""upper_wick_fraction"":0.2317880794701987,""volume"":40337.0},""close"":7381.0,""trend"":{""ema_ref"":7364.6049716773405,""ema_slow"":7381.718819437116,""hma_order"":""SELL"",""hma_spread_atr"":2.9539428582673453}},{""atr"":49.63574073112292,""bar"":{""body_fraction"":0.6060606060606061,""close"":7332.0,""close_position"":0.3939393939393939,""direction"":""DOWN"",""high"":7372.0,""low"":7306.0,""lower_wick_fraction"":0.3939393939393939,""move_atr"":-0.8058709190355438,""move_points"":-40.0,""open"":7372.0,""snapshot_time"":""2026-08-03T09:21:00+05:30"",""upper_wick_fraction"":0.0,""volume"":24784.0},""close"":7332.0,""trend"":{""ema_ref"":7364.280544098462,""ema_slow"":7380.734288359153,""hma_order"":""BUY"",""hma_spread_atr"":2.5395999141753047}},{""atr"":50.126044964614145,""bar"":{""body_fraction"":0.5398230088495575,""close"":7301.0,""close_position"":0.20353982300884957,""direction"":""DOWN"",""high"":7346.0,""low"":7289.5,""lower_wick_fraction"":0.20353982300884957,""move_atr"":-0.6084661181932685,""move_points"":-30.5,""open"":7331.5,""snapshot_time"":""2026-08-03T09:24:00+05:30"",""upper_wick_fraction"":0.25663716814159293,""volume"":17089.0},""close"":7301.0,""trend"":{""ema_ref"":7363.650886943254,""ema_slow"":7379.155391559962,""hma_order"":""BUY"",""hma_spread_atr"":2.510492865403228}},{""atr"":48.331327467141705,""bar"":{""body_fraction"":0.2,""close"":7296.5,""close_position"":0.66,""direction"":""DOWN"",""high"":7305.0,""low"":7280.0,""lower_wick_fraction"":0.66,""move_atr"":-0.10345256921402116,""move_points"":-5.0,""open"":7301.5,""snapshot_time"":""2026-08-03T09:27:00+05:30"",""upper_wick_fraction"":0.14,""volume"":19228.0},""close"":7296.5,""trend"":{""ema_ref"":7362.982718913968,""ema_slow"":7377.518651133031,""hma_order"":""BUY"",""hma_spread_atr"":2.597092117785921}},{""atr"":51.27194693377445,""bar"":{""body_fraction"":0.8770949720670391,""close"":7375.0,""close_position"":0.9441340782122905,""direction"":""UP"",""high"":7380.0,""low"":7290.5,""lower_wick_fraction"":0.0670391061452514,""move_atr"":1.5310516704465065,""move_points"":78.5,""open"":7296.5,""snapshot_time"":""2026-08-03T09:30:00+05:30"",""upper_wick_fraction"":0.055865921787709494,""volume"":20643.0},""close"":7375.0,""trend"":{""ema_ref"":7363.102293850147,""ema_slow"":7377.468776853168,""hma_order"":""BUY"",""hma_spread_atr"":2.4106832085124803}},{""atr"":50.57395072421913,""bar"":{""body_fraction"":0.1566265060240964,""close"":7364.0,""close_position"":0.4819277108433735,""direction"":""DOWN"",""high"":7385.5,""low"":7344.0,""lower_wick_fraction"":0.4819277108433735,""move_atr"":-0.1285246635257871,""move_points"":-6.5,""open"":7370.5,""snapshot_time"":""2026-08-03T09:33:00+05:30"",""upper_wick_fraction"":0.3614457831325301,""volume"":14363.0},""close"":7364.0,""trend"":{""ema_ref"":7363.111226249649,""ema_slow"":7377.202068400631,""hma_order"":""BUY"",""hma_spread_atr"":2.3889705536928414}},{""atr"":48.461525672489195,""bar"":{""body_fraction"":0.07142857142857142,""close"":7363.5,""close_position"":0.1904761904761905,""direction"":""DOWN"",""high"":7380.5,""low"":7359.5,""lower_wick_fraction"":0.1904761904761905,""move_atr"":-0.03095238912074791,""move_points"":-1.5,""open"":7365.0,""snapshot_time"":""2026-08-03T09:36:00+05:30"",""upper_wick_fraction"":0.7380952380952381,""volume"":11340.0},""close"":7363.5,""trend"":{""ema_ref"":7363.115094645175,""ema_slow"":7376.93074031349,""hma_order"":""BUY"",""hma_spread_atr"":2.4298834562910336}}],""last_observation_hash"":""547639ed3f24d90e6ab7c7fe0701b67469bb55dc63bb5085a8b124b41ef1a2f0"",""last_snapshot_time"":""2026-08-03T09:36:00+05:30"",""observation"":{""compression_box_high"":null,""compression_box_low"":null,""compression_candidate_bars"":0,""current_state"":""UNKNOWN"",""established_side"":""UNKNOWN"",""exhaustion_active"":false,""exhaustion_age_bars"":0,""exhaustion_clear_bars"":0,""exhaustion_last_seen_at"":null,""exhaustion_side"":""UNKNOWN"",""exhaustion_started_at"":null,""failure_breach_bars"":0,""last_close"":7363.5,""last_reason_codes"":[""NO_DIRECTIONAL_OBSERVATION_CONFIRMED"",""OBSERVATION_PROPOSAL_MATCHED_CURRENT"",""OBSERVATION_STATE_UNKNOWN""],""last_snapshot_time"":""2026-08-03T09:36:00+05:30"",""leg_age_bars"":0,""leg_anchor_price"":null,""leg_anchor_time"":null,""leg_extreme_price"":null,""leg_maturity_consumed"":false,""leg_maturity_extreme_price"":null,""leg_maturity_onset_time"":null,""leg_no_progress_bars"":0,""observation_count"":8,""pending_bars"":0,""pending_state"":null,""protection_level"":null,""protection_source"":"""",""protection_time"":null,""pullback_age_bars"":0,""pullback_candidate_bars"":0,""pullback_extreme_price"":null,""reacceleration_age_bars"":0,""recompression_age_bars"":0,""reversal_confirmation_bars"":0,""reversal_side"":""UNKNOWN"",""state_age_bars"":8,""trading_day"":""2026-08-03"",""trend_anchor_price"":null,""trend_candidate_bars"":0,""trend_candidate_side"":""UNKNOWN"",""trend_extreme_price"":null,""trend_failure_age_bars"":0,""trend_onset_time"":null},""symbol"":""ABB"",""trading_day"":""2026-08-03""}"
restoration-v3-current-day,development,restoration-trend-control-v3,backtest-default,OK,,,,ABB,2026-08-03,2026-08-03T09:39:00+05:30,2026-08-03T09:36:00+05:30,SNAPSHOT_AUCTION_AUTHORITY_V3A,3m,True,True,7396.5,2026-08-03T09:39:00,7363.5,7440.0,7363.5,7396.5,38190.0,50.46427383873997,EXPANDING_RANGE,BUY,candidate_boundaries_or_midpoint_still_drifting,RANGE_ACCEPTED,ORB:2026-08-03,7243.0,7445.0,5,ok,UP_SLOWING,0.3220099837744092,0.4953999750375526,OK,INCREMENTAL_PREVIOUS_SNAPSHOT,AUTOTRADES_AUCTION_ENGINE,1.1.0,,,UNKNOWN,UNKNOWN,UP,False,False,False,UNKNOWN,True,False,False,,,,ORB:2026-08-03,7243.0,7445.0,True,0.7599009900990099,0.0746987951807229,PRICE_ACTION,0.7753987378083764,NO_DIRECTIONAL_OBSERVATION_CONFIRMED|OBSERVATION_PROPOSAL_MATCHED_CURRENT|OBSERVATION_STATE_UNKNOWN|DYNAMIC_BOUNDARY_UNKNOWN|OBJECTIVE_REJECTION_OBSERVED|OBJECTIVE_ACCEPTED_RANGE_GEOMETRY_PRESENT,,NONE,NONE,UNKNOWN,NONE,,,,,0,,,,,,,,,0,0.0,0,False,NO_DIRECTIONAL_START,0,UNKNOWN,0,0,0,0,0,UNKNOWN,2026-08-03T09:39:00+05:30,NO_DIRECTIONAL_START,,NONE,NONE,0,,,,,,UNKNOWN,0,0,0,0,False,False,NO_QUALIFIED_ACCEPTED_RANGE,0,,,,,,0,,,,,UNASSESSABLE,UNASSESSABLE,UNASSESSABLE,MATCH,False,0,False,False,False,True,,COHERENT,[],[],"{""accepted_range_breakout_eligible"":false,""accepted_range_established_at"":""2026-08-03T09:27:00+05:30"",""accepted_range_high"":7445.0,""accepted_range_id"":""ORB:2026-08-03"",""accepted_range_inside"":true,""accepted_range_low"":7243.0,""accepted_range_outside_atr"":0.0,""accepted_range_position"":0.7599009900990099,""accepted_range_provisional"":false,""atr"":50.46427383873997,""close"":7396.5,""current_leg_mature"":false,""directional_bias"":""UNKNOWN"",""directional_efficiency"":0.0746987951807229,""directional_efficiency_source"":""PRICE_ACTION"",""exhausted_side"":""UNKNOWN"",""exhaustion_active"":false,""extension_mature"":false,""failed_extreme_observed"":false,""high"":7440.0,""low"":7363.5,""observation_state"":""UNKNOWN"",""overlap_ratio"":0.7753987378083764,""range_width_atr"":4.002831798303425,""rejection_observed"":true,""snapshot_time"":""2026-08-03T09:39:00+05:30"",""source_reason_codes"":[""NO_DIRECTIONAL_OBSERVATION_CONFIRMED"",""OBSERVATION_PROPOSAL_MATCHED_CURRENT"",""OBSERVATION_STATE_UNKNOWN"",""DYNAMIC_BOUNDARY_UNKNOWN"",""OBJECTIVE_REJECTION_OBSERVED"",""OBJECTIVE_ACCEPTED_RANGE_GEOMETRY_PRESENT""],""structural_failure_confirmed"":false,""symbol"":""ABB"",""trading_day"":""2026-08-03"",""trend_direction"":""UP"",""trend_protection_level"":null,""trend_protection_source"":"""",""trend_protection_time"":null}","{""continuation_failure_seen"":false,""continuation_failure_time"":null,""current_state"":""NONE"",""direction"":""UNKNOWN"",""episode_id"":null,""extreme_price"":null,""extreme_time"":null,""first_adverse_bar_close"":null,""first_adverse_bar_level"":null,""first_adverse_bar_time"":null,""origin_event_id"":null,""origin_price"":null,""origin_source"":""NONE"",""parent_episode_id"":null,""previous_state"":""NONE"",""protection_level"":null,""protection_source"":"""",""reason_codes"":[""NO_DIRECTIONAL_START""],""rejection_seen"":false,""reversal_confirmation_breach_closes"":0,""reversal_confirmation_level"":null,""reversal_confirmation_level_time"":null,""reversal_confirmation_source"":"""",""reversal_leg_failure_closes"":0,""reversal_leg_progress_atr"":0.0,""reversal_leg_progress_bars"":0,""started_at"":null,""state_age_bars"":0,""state_started_at"":null}","{""attempt_limit_reached"":false,""candidate_bar_expansion_count"":0,""candidate_high"":null,""candidate_last_valid_at"":null,""candidate_low"":null,""candidate_merge_count"":0,""containment_bars"":0,""containment_ratio"":0.0,""current_state"":""NONE"",""down_escape_attempt_count"":0,""episode_id"":null,""escape_attempt_count"":0,""escape_direction"":""UNKNOWN"",""failed_escape_count"":0,""forming_bars_observed"":0,""forming_invalid_bars"":0,""frozen_high"":null,""frozen_low"":null,""last_escape_direction"":""UNKNOWN"",""last_escape_failed_at"":null,""last_escape_started_at"":null,""marginal_excursion_bars"":0,""meaningful_escape_bars"":0,""outside_close_count"":0,""previous_state"":""NONE"",""range_id"":null,""rearm_bars_elapsed"":0,""rearm_inside_close_count"":0,""rearm_required"":false,""reason_codes"":[""NO_QUALIFIED_ACCEPTED_RANGE""],""reentry_close_count"":0,""source_range_ids"":[],""started_at"":null,""state_age_bars"":0,""state_started_at"":null,""up_escape_attempt_count"":0}","{""balance_attempt_limit_reached"":false,""balance_candidate_bar_expansion_count"":0,""balance_candidate_merge_count"":0,""balance_containment_ratio"":0.0,""balance_down_escape_attempt_count"":0,""balance_escape_attempt_count"":0,""balance_failed_escape_count"":0,""balance_forming_bars_observed"":0,""balance_forming_invalid_bars"":0,""balance_last_escape_direction"":""UNKNOWN"",""balance_last_escape_failed_at"":null,""balance_last_escape_started_at"":null,""balance_marginal_excursion_bars"":0,""balance_meaningful_escape_bars"":0,""balance_rearm_bars_elapsed"":0,""balance_rearm_inside_close_count"":0,""balance_rearm_required"":false,""balance_up_escape_attempt_count"":0,""directional_origin_event_id"":null,""directional_origin_source"":""NONE"",""directional_parent_episode_id"":null,""directional_reversal_watch_age_bars"":0,""directional_start_candidate_bars"":0,""directional_start_candidate_side"":""UNKNOWN"",""observation_accepted_range_id"":""ORB:2026-08-03"",""observation_current_leg_mature"":false,""observation_directional_bias"":""UNKNOWN"",""observation_exhaustion_active"":false,""observation_state"":""UNKNOWN""}","{""balance"":{""attempt_limit_reached"":false,""candidate_bar_expansion_count"":0,""candidate_high"":null,""candidate_last_valid_at"":null,""candidate_low"":null,""candidate_merge_count"":0,""containment_bars"":0,""down_escape_attempt_count"":0,""emitted_event_ids"":[],""episode_id"":null,""escape_attempt_count"":0,""escape_direction"":""UNKNOWN"",""failed_escape_count"":0,""forming_bars_observed"":0,""forming_invalid_bars"":0,""frozen_high"":null,""frozen_low"":null,""last_escape_direction"":""UNKNOWN"",""last_escape_failed_at"":null,""last_escape_started_at"":null,""last_reason_codes"":[""NO_QUALIFIED_ACCEPTED_RANGE""],""marginal_excursion_bars"":0,""meaningful_escape_bars"":0,""outside_close_count"":0,""range_id"":null,""rearm_bars_elapsed"":0,""rearm_inside_close_count"":0,""rearm_required"":false,""reentry_close_count"":0,""sequence"":0,""source_range_ids"":[],""started_at"":null,""state"":""NONE"",""state_age_bars"":0,""state_started_at"":null,""up_escape_attempt_count"":0},""directional"":{""continuation_failure_progress_bars"":0,""continuation_failure_seen"":false,""continuation_failure_seen_at"":null,""direction"":""UNKNOWN"",""emitted_event_ids"":[],""episode_id"":null,""extreme_price"":null,""extreme_time"":null,""first_adverse_bar_close"":null,""first_adverse_bar_level"":null,""first_adverse_bar_time"":null,""inactive_bars"":0,""last_close"":7396.5,""last_observation_state"":""UNKNOWN"",""last_observation_state_time"":""2026-08-03T09:39:00+05:30"",""last_reason_codes"":[""NO_DIRECTIONAL_START""],""opposite_control_bars"":0,""origin_event_id"":null,""origin_price"":null,""origin_source"":""NONE"",""parent_episode_id"":null,""protection_level"":null,""protection_source"":"""",""protection_time"":null,""rejection_seen"":false,""rejection_seen_at"":null,""reversal_confirmation_breach_closes"":0,""reversal_confirmation_level"":null,""reversal_confirmation_level_time"":null,""reversal_confirmation_source"":"""",""reversal_leg_failure_closes"":0,""reversal_leg_progress_atr"":0.0,""reversal_leg_progress_bars"":0,""reversal_watch_age_bars"":0,""sequence"":0,""start_candidate_bars"":0,""start_candidate_side"":""UNKNOWN"",""started_at"":null,""state"":""NONE"",""state_age_bars"":0,""state_started_at"":null,""trend_restore_bars"":0},""evidence_history"":[{""atr"":45.54500108461593,""bar"":{""body_fraction"":0.9307692307692308,""close"":7425.0,""close_position"":0.9333333333333332,""direction"":""UP"",""high"":7438.0,""low"":7243.0,""lower_wick_fraction"":0.002564102564102564,""move_atr"":3.985069616373477,""move_points"":181.5,""open"":7243.5,""snapshot_time"":""2026-08-03T09:15:00+05:30"",""upper_wick_fraction"":0.06666666666666667,""volume"":109134.0},""close"":7425.0,""trend"":{""ema_ref"":7364.440197523344,""ema_slow"":7381.733341041906,""hma_order"":""SELL"",""hma_spread_atr"":3.965591992638049}},{""atr"":47.68464386428623,""bar"":{""body_fraction"":0.6158940397350994,""close"":7381.0,""close_position"":0.152317880794702,""direction"":""DOWN"",""high"":7445.0,""low"":7369.5,""lower_wick_fraction"":0.152317880794702,""move_atr"":-0.9751567010197704,""move_points"":-46.5,""open"":7427.5,""snapshot_time"":""2026-08-03T09:18:00+05:30"",""upper_wick_fraction"":0.2317880794701987,""volume"":40337.0},""close"":7381.0,""trend"":{""ema_ref"":7364.6049716773405,""ema_slow"":7381.718819437116,""hma_order"":""SELL"",""hma_spread_atr"":2.9539428582673453}},{""atr"":49.63574073112292,""bar"":{""body_fraction"":0.6060606060606061,""close"":7332.0,""close_position"":0.3939393939393939,""direction"":""DOWN"",""high"":7372.0,""low"":7306.0,""lower_wick_fraction"":0.3939393939393939,""move_atr"":-0.8058709190355438,""move_points"":-40.0,""open"":7372.0,""snapshot_time"":""2026-08-03T09:21:00+05:30"",""upper_wick_fraction"":0.0,""volume"":24784.0},""close"":7332.0,""trend"":{""ema_ref"":7364.280544098462,""ema_slow"":7380.734288359153,""hma_order"":""BUY"",""hma_spread_atr"":2.5395999141753047}},{""atr"":50.126044964614145,""bar"":{""body_fraction"":0.5398230088495575,""close"":7301.0,""close_position"":0.20353982300884957,""direction"":""DOWN"",""high"":7346.0,""low"":7289.5,""lower_wick_fraction"":0.20353982300884957,""move_atr"":-0.6084661181932685,""move_points"":-30.5,""open"":7331.5,""snapshot_time"":""2026-08-03T09:24:00+05:30"",""upper_wick_fraction"":0.25663716814159293,""volume"":17089.0},""close"":7301.0,""trend"":{""ema_ref"":7363.650886943254,""ema_slow"":7379.155391559962,""hma_order"":""BUY"",""hma_spread_atr"":2.510492865403228}},{""atr"":48.331327467141705,""bar"":{""body_fraction"":0.2,""close"":7296.5,""close_position"":0.66,""direction"":""DOWN"",""high"":7305.0,""low"":7280.0,""lower_wick_fraction"":0.66,""move_atr"":-0.10345256921402116,""move_points"":-5.0,""open"":7301.5,""snapshot_time"":""2026-08-03T09:27:00+05:30"",""upper_wick_fraction"":0.14,""volume"":19228.0},""close"":7296.5,""trend"":{""ema_ref"":7362.982718913968,""ema_slow"":7377.518651133031,""hma_order"":""BUY"",""hma_spread_atr"":2.597092117785921}},{""atr"":51.27194693377445,""bar"":{""body_fraction"":0.8770949720670391,""close"":7375.0,""close_position"":0.9441340782122905,""direction"":""UP"",""high"":7380.0,""low"":7290.5,""lower_wick_fraction"":0.0670391061452514,""move_atr"":1.5310516704465065,""move_points"":78.5,""open"":7296.5,""snapshot_time"":""2026-08-03T09:30:00+05:30"",""upper_wick_fraction"":0.055865921787709494,""volume"":20643.0},""close"":7375.0,""trend"":{""ema_ref"":7363.102293850147,""ema_slow"":7377.468776853168,""hma_order"":""BUY"",""hma_spread_atr"":2.4106832085124803}},{""atr"":50.57395072421913,""bar"":{""body_fraction"":0.1566265060240964,""close"":7364.0,""close_position"":0.4819277108433735,""direction"":""DOWN"",""high"":7385.5,""low"":7344.0,""lower_wick_fraction"":0.4819277108433735,""move_atr"":-0.1285246635257871,""move_points"":-6.5,""open"":7370.5,""snapshot_time"":""2026-08-03T09:33:00+05:30"",""upper_wick_fraction"":0.3614457831325301,""volume"":14363.0},""close"":7364.0,""trend"":{""ema_ref"":7363.111226249649,""ema_slow"":7377.202068400631,""hma_order"":""BUY"",""hma_spread_atr"":2.3889705536928414}},{""atr"":48.461525672489195,""bar"":{""body_fraction"":0.07142857142857142,""close"":7363.5,""close_position"":0.1904761904761905,""direction"":""DOWN"",""high"":7380.5,""low"":7359.5,""lower_wick_fraction"":0.1904761904761905,""move_atr"":-0.03095238912074791,""move_points"":-1.5,""open"":7365.0,""snapshot_time"":""2026-08-03T09:36:00+05:30"",""upper_wick_fraction"":0.7380952380952381,""volume"":11340.0},""close"":7363.5,""trend"":{""ema_ref"":7363.115094645175,""ema_slow"":7376.93074031349,""hma_order"":""BUY"",""hma_spread_atr"":2.4298834562910336}},{""atr"":50.46427383873997,""bar"":{""body_fraction"":0.43137254901960786,""close"":7396.5,""close_position"":0.43137254901960786,""direction"":""UP"",""high"":7440.0,""low"":7363.5,""lower_wick_fraction"":0.0,""move_atr"":0.6539279670495695,""move_points"":33.0,""open"":7363.5,""snapshot_time"":""2026-08-03T09:39:00+05:30"",""upper_wick_fraction"":0.5686274509803921,""volume"":38190.0},""close"":7396.5,""trend"":{""ema_ref"":7363.447282758159,""ema_slow"":7377.3182504062925,""hma_order"":""BUY"",""hma_spread_atr"":2.2487900297231076}}],""last_observation_hash"":""c459d70ee767ec719f2477ca1679dc3a1b539fe05e0b39c9f095a2fdc03587c1"",""last_snapshot_time"":""2026-08-03T09:39:00+05:30"",""observation"":{""compression_box_high"":null,""compression_box_low"":null,""compression_candidate_bars"":0,""current_state"":""UNKNOWN"",""established_side"":""UNKNOWN"",""exhaustion_active"":false,""exhaustion_age_bars"":0,""exhaustion_clear_bars"":0,""exhaustion_last_seen_at"":null,""exhaustion_side"":""UNKNOWN"",""exhaustion_started_at"":null,""failure_breach_bars"":0,""last_close"":7396.5,""last_reason_codes"":[""NO_DIRECTIONAL_OBSERVATION_CONFIRMED"",""OBSERVATION_PROPOSAL_MATCHED_CURRENT"",""OBSERVATION_STATE_UNKNOWN""],""last_snapshot_time"":""2026-08-03T09:39:00+05:30"",""leg_age_bars"":0,""leg_anchor_price"":null,""leg_anchor_time"":null,""leg_extreme_price"":null,""leg_maturity_consumed"":false,""leg_maturity_extreme_price"":null,""leg_maturity_onset_time"":null,""leg_no_progress_bars"":0,""observation_count"":9,""pending_bars"":0,""pending_state"":null,""protection_level"":null,""protection_source"":"""",""protection_time"":null,""pullback_age_bars"":0,""pullback_candidate_bars"":0,""pullback_extreme_price"":null,""reacceleration_age_bars"":0,""recompression_age_bars"":0,""reversal_confirmation_bars"":0,""reversal_side"":""UNKNOWN"",""state_age_bars"":9,""trading_day"":""2026-08-03"",""trend_anchor_price"":null,""trend_candidate_bars"":0,""trend_candidate_side"":""UNKNOWN"",""trend_extreme_price"":null,""trend_failure_age_bars"":0,""trend_onset_time"":null},""symbol"":""ABB"",""trading_day"":""2026-08-03""}"
restoration-v3-current-day,development,restoration-trend-control-v3,backtest-default,OK,,,,ABB,2026-08-03,2026-08-03T09:42:00+05:30,2026-08-03T09:39:00+05:30,SNAPSHOT_AUCTION_AUTHORITY_V3A,3m,True,True,7342.0,2026-08-03T09:42:00,7394.5,7394.5,7336.5,7342.0,22990.0,51.14539713597283,BALANCE_QUALIFIED,SELL,dynamic_balance_waiting_for_stable_historical_cutoff,RANGE_ACCEPTED,ORB:2026-08-03,7243.0,7445.0,6,ok,DOWN_ACCELERATING,-0.21018509195305568,-0.1613048380104846,OK,INCREMENTAL_PREVIOUS_SNAPSHOT,AUTOTRADES_AUCTION_ENGINE,1.1.0,,,UNKNOWN,UNKNOWN,UP,False,False,False,UNKNOWN,False,False,False,,,,ORB:2026-08-03,7243.0,7445.0,True,0.4900990099009901,0.046948356807511735,PRICE_ACTION,0.7582952895325142,NO_DIRECTIONAL_OBSERVATION_CONFIRMED|OBSERVATION_PROPOSAL_MATCHED_CURRENT|OBSERVATION_STATE_UNKNOWN|DYNAMIC_BOUNDARY_UNKNOWN|OBJECTIVE_ACCEPTED_RANGE_GEOMETRY_PRESENT,,NONE,NONE,UNKNOWN,NONE,,,,,0,,,,,,,,,0,0.0,0,False,NO_DIRECTIONAL_START,0,UNKNOWN,0,0,0,0,0,UNKNOWN,2026-08-03T09:42:00+05:30,NO_DIRECTIONAL_START,,NONE,NONE,0,,,,,,UNKNOWN,0,0,0,0,False,False,NO_QUALIFIED_ACCEPTED_RANGE,0,,,,,,0,,,,,UNASSESSABLE,UNASSESSABLE,UNASSESSABLE,CONFLICT,False,0,False,False,False,True,,COHERENT,[],[],"{""accepted_range_breakout_eligible"":false,""accepted_range_established_at"":""2026-08-03T09:27:00+05:30"",""accepted_range_high"":7445.0,""accepted_range_id"":""ORB:2026-08-03"",""accepted_range_inside"":true,""accepted_range_low"":7243.0,""accepted_range_outside_atr"":0.0,""accepted_range_position"":0.4900990099009901,""accepted_range_provisional"":false,""atr"":51.14539713597283,""close"":7342.0,""current_leg_mature"":false,""directional_bias"":""UNKNOWN"",""directional_efficiency"":0.046948356807511735,""directional_efficiency_source"":""PRICE_ACTION"",""exhausted_side"":""UNKNOWN"",""exhaustion_active"":false,""extension_mature"":false,""failed_extreme_observed"":false,""high"":7394.5,""low"":7336.5,""observation_state"":""UNKNOWN"",""overlap_ratio"":0.7582952895325142,""range_width_atr"":3.949524518559744,""rejection_observed"":false,""snapshot_time"":""2026-08-03T09:42:00+05:30"",""source_reason_codes"":[""NO_DIRECTIONAL_OBSERVATION_CONFIRMED"",""OBSERVATION_PROPOSAL_MATCHED_CURRENT"",""OBSERVATION_STATE_UNKNOWN"",""DYNAMIC_BOUNDARY_UNKNOWN"",""OBJECTIVE_ACCEPTED_RANGE_GEOMETRY_PRESENT""],""structural_failure_confirmed"":false,""symbol"":""ABB"",""trading_day"":""2026-08-03"",""trend_direction"":""UP"",""trend_protection_level"":null,""trend_protection_source"":"""",""trend_protection_time"":null}","{""continuation_failure_seen"":false,""continuation_failure_time"":null,""current_state"":""NONE"",""direction"":""UNKNOWN"",""episode_id"":null,""extreme_price"":null,""extreme_time"":null,""first_adverse_bar_close"":null,""first_adverse_bar_level"":null,""first_adverse_bar_time"":null,""origin_event_id"":null,""origin_price"":null,""origin_source"":""NONE"",""parent_episode_id"":null,""previous_state"":""NONE"",""protection_level"":null,""protection_source"":"""",""reason_codes"":[""NO_DIRECTIONAL_START""],""rejection_seen"":false,""reversal_confirmation_breach_closes"":0,""reversal_confirmation_level"":null,""reversal_confirmation_level_time"":null,""reversal_confirmation_source"":"""",""reversal_leg_failure_closes"":0,""reversal_leg_progress_atr"":0.0,""reversal_leg_progress_bars"":0,""started_at"":null,""state_age_bars"":0,""state_started_at"":null}","{""attempt_limit_reached"":false,""candidate_bar_expansion_count"":0,""candidate_high"":null,""candidate_last_valid_at"":null,""candidate_low"":null,""candidate_merge_count"":0,""containment_bars"":0,""containment_ratio"":0.0,""current_state"":""NONE"",""down_escape_attempt_count"":0,""episode_id"":null,""escape_attempt_count"":0,""escape_direction"":""UNKNOWN"",""failed_escape_count"":0,""forming_bars_observed"":0,""forming_invalid_bars"":0,""frozen_high"":null,""frozen_low"":null,""last_escape_direction"":""UNKNOWN"",""last_escape_failed_at"":null,""last_escape_started_at"":null,""marginal_excursion_bars"":0,""meaningful_escape_bars"":0,""outside_close_count"":0,""previous_state"":""NONE"",""range_id"":null,""rearm_bars_elapsed"":0,""rearm_inside_close_count"":0,""rearm_required"":false,""reason_codes"":[""NO_QUALIFIED_ACCEPTED_RANGE""],""reentry_close_count"":0,""source_range_ids"":[],""started_at"":null,""state_age_bars"":0,""state_started_at"":null,""up_escape_attempt_count"":0}","{""balance_attempt_limit_reached"":false,""balance_candidate_bar_expansion_count"":0,""balance_candidate_merge_count"":0,""balance_containment_ratio"":0.0,""balance_down_escape_attempt_count"":0,""balance_escape_attempt_count"":0,""balance_failed_escape_count"":0,""balance_forming_bars_observed"":0,""balance_forming_invalid_bars"":0,""balance_last_escape_direction"":""UNKNOWN"",""balance_last_escape_failed_at"":null,""balance_last_escape_started_at"":null,""balance_marginal_excursion_bars"":0,""balance_meaningful_escape_bars"":0,""balance_rearm_bars_elapsed"":0,""balance_rearm_inside_close_count"":0,""balance_rearm_required"":false,""balance_up_escape_attempt_count"":0,""directional_origin_event_id"":null,""directional_origin_source"":""NONE"",""directional_parent_episode_id"":null,""directional_reversal_watch_age_bars"":0,""directional_start_candidate_bars"":0,""directional_start_candidate_side"":""UNKNOWN"",""observation_accepted_range_id"":""ORB:2026-08-03"",""observation_current_leg_mature"":false,""observation_directional_bias"":""UNKNOWN"",""observation_exhaustion_active"":false,""observation_state"":""UNKNOWN""}","{""balance"":{""attempt_limit_reached"":false,""candidate_bar_expansion_count"":0,""candidate_high"":null,""candidate_last_valid_at"":null,""candidate_low"":null,""candidate_merge_count"":0,""containment_bars"":0,""down_escape_attempt_count"":0,""emitted_event_ids"":[],""episode_id"":null,""escape_attempt_count"":0,""escape_direction"":""UNKNOWN"",""failed_escape_count"":0,""forming_bars_observed"":0,""forming_invalid_bars"":0,""frozen_high"":null,""frozen_low"":null,""last_escape_direction"":""UNKNOWN"",""last_escape_failed_at"":null,""last_escape_started_at"":null,""last_reason_codes"":[""NO_QUALIFIED_ACCEPTED_RANGE""],""marginal_excursion_bars"":0,""meaningful_escape_bars"":0,""outside_close_count"":0,""range_id"":null,""rearm_bars_elapsed"":0,""rearm_inside_close_count"":0,""rearm_required"":false,""reentry_close_count"":0,""sequence"":0,""source_range_ids"":[],""started_at"":null,""state"":""NONE"",""state_age_bars"":0,""state_started_at"":null,""up_escape_attempt_count"":0},""directional"":{""continuation_failure_progress_bars"":0,""continuation_failure_seen"":false,""continuation_failure_seen_at"":null,""direction"":""UNKNOWN"",""emitted_event_ids"":[],""episode_id"":null,""extreme_price"":null,""extreme_time"":null,""first_adverse_bar_close"":null,""first_adverse_bar_level"":null,""first_adverse_bar_time"":null,""inactive_bars"":0,""last_close"":7342.0,""last_observation_state"":""UNKNOWN"",""last_observation_state_time"":""2026-08-03T09:42:00+05:30"",""last_reason_codes"":[""NO_DIRECTIONAL_START""],""opposite_control_bars"":0,""origin_event_id"":null,""origin_price"":null,""origin_source"":""NONE"",""parent_episode_id"":null,""protection_level"":null,""protection_source"":"""",""protection_time"":null,""rejection_seen"":false,""rejection_seen_at"":null,""reversal_confirmation_breach_closes"":0,""reversal_confirmation_level"":null,""reversal_confirmation_level_time"":null,""reversal_confirmation_source"":"""",""reversal_leg_failure_closes"":0,""reversal_leg_progress_atr"":0.0,""reversal_leg_progress_bars"":0,""reversal_watch_age_bars"":0,""sequence"":0,""start_candidate_bars"":0,""start_candidate_side"":""UNKNOWN"",""started_at"":null,""state"":""NONE"",""state_age_bars"":0,""state_started_at"":null,""trend_restore_bars"":0},""evidence_history"":[{""atr"":45.54500108461593,""bar"":{""body_fraction"":0.9307692307692308,""close"":7425.0,""close_position"":0.9333333333333332,""direction"":""UP"",""high"":7438.0,""low"":7243.0,""lower_wick_fraction"":0.002564102564102564,""move_atr"":3.985069616373477,""move_points"":181.5,""open"":7243.5,""snapshot_time"":""2026-08-03T09:15:00+05:30"",""upper_wick_fraction"":0.06666666666666667,""volume"":109134.0},""close"":7425.0,""trend"":{""ema_ref"":7364.440197523344,""ema_slow"":7381.733341041906,""hma_order"":""SELL"",""hma_spread_atr"":3.965591992638049}},{""atr"":47.68464386428623,""bar"":{""body_fraction"":0.6158940397350994,""close"":7381.0,""close_position"":0.152317880794702,""direction"":""DOWN"",""high"":7445.0,""low"":7369.5,""lower_wick_fraction"":0.152317880794702,""move_atr"":-0.9751567010197704,""move_points"":-46.5,""open"":7427.5,""snapshot_time"":""2026-08-03T09:18:00+05:30"",""upper_wick_fraction"":0.2317880794701987,""volume"":40337.0},""close"":7381.0,""trend"":{""ema_ref"":7364.6049716773405,""ema_slow"":7381.718819437116,""hma_order"":""SELL"",""hma_spread_atr"":2.9539428582673453}},{""atr"":49.63574073112292,""bar"":{""body_fraction"":0.6060606060606061,""close"":7332.0,""close_position"":0.3939393939393939,""direction"":""DOWN"",""high"":7372.0,""low"":7306.0,""lower_wick_fraction"":0.3939393939393939,""move_atr"":-0.8058709190355438,""move_points"":-40.0,""open"":7372.0,""snapshot_time"":""2026-08-03T09:21:00+05:30"",""upper_wick_fraction"":0.0,""volume"":24784.0},""close"":7332.0,""trend"":{""ema_ref"":7364.280544098462,""ema_slow"":7380.734288359153,""hma_order"":""BUY"",""hma_spread_atr"":2.5395999141753047}},{""atr"":50.126044964614145,""bar"":{""body_fraction"":0.5398230088495575,""close"":7301.0,""close_position"":0.20353982300884957,""direction"":""DOWN"",""high"":7346.0,""low"":7289.5,""lower_wick_fraction"":0.20353982300884957,""move_atr"":-0.6084661181932685,""move_points"":-30.5,""open"":7331.5,""snapshot_time"":""2026-08-03T09:24:00+05:30"",""upper_wick_fraction"":0.25663716814159293,""volume"":17089.0},""close"":7301.0,""trend"":{""ema_ref"":7363.650886943254,""ema_slow"":7379.155391559962,""hma_order"":""BUY"",""hma_spread_atr"":2.510492865403228}},{""atr"":48.331327467141705,""bar"":{""body_fraction"":0.2,""close"":7296.5,""close_position"":0.66,""direction"":""DOWN"",""high"":7305.0,""low"":7280.0,""lower_wick_fraction"":0.66,""move_atr"":-0.10345256921402116,""move_points"":-5.0,""open"":7301.5,""snapshot_time"":""2026-08-03T09:27:00+05:30"",""upper_wick_fraction"":0.14,""volume"":19228.0},""close"":7296.5,""trend"":{""ema_ref"":7362.982718913968,""ema_slow"":7377.518651133031,""hma_order"":""BUY"",""hma_spread_atr"":2.597092117785921}},{""atr"":51.27194693377445,""bar"":{""body_fraction"":0.8770949720670391,""close"":7375.0,""close_position"":0.9441340782122905,""direction"":""UP"",""high"":7380.0,""low"":7290.5,""lower_wick_fraction"":0.0670391061452514,""move_atr"":1.5310516704465065,""move_points"":78.5,""open"":7296.5,""snapshot_time"":""2026-08-03T09:30:00+05:30"",""upper_wick_fraction"":0.055865921787709494,""volume"":20643.0},""close"":7375.0,""trend"":{""ema_ref"":7363.102293850147,""ema_slow"":7377.468776853168,""hma_order"":""BUY"",""hma_spread_atr"":2.4106832085124803}},{""atr"":50.57395072421913,""bar"":{""body_fraction"":0.1566265060240964,""close"":7364.0,""close_position"":0.4819277108433735,""direction"":""DOWN"",""high"":7385.5,""low"":7344.0,""lower_wick_fraction"":0.4819277108433735,""move_atr"":-0.1285246635257871,""move_points"":-6.5,""open"":7370.5,""snapshot_time"":""2026-08-03T09:33:00+05:30"",""upper_wick_fraction"":0.3614457831325301,""volume"":14363.0},""close"":7364.0,""trend"":{""ema_ref"":7363.111226249649,""ema_slow"":7377.202068400631,""hma_order"":""BUY"",""hma_spread_atr"":2.3889705536928414}},{""atr"":48.461525672489195,""bar"":{""body_fraction"":0.07142857142857142,""close"":7363.5,""close_position"":0.1904761904761905,""direction"":""DOWN"",""high"":7380.5,""low"":7359.5,""lower_wick_fraction"":0.1904761904761905,""move_atr"":-0.03095238912074791,""move_points"":-1.5,""open"":7365.0,""snapshot_time"":""2026-08-03T09:36:00+05:30"",""upper_wick_fraction"":0.7380952380952381,""volume"":11340.0},""close"":7363.5,""trend"":{""ema_ref"":7363.115094645175,""ema_slow"":7376.93074031349,""hma_order"":""BUY"",""hma_spread_atr"":2.4298834562910336}},{""atr"":50.46427383873997,""bar"":{""body_fraction"":0.43137254901960786,""close"":7396.5,""close_position"":0.43137254901960786,""direction"":""UP"",""high"":7440.0,""low"":7363.5,""lower_wick_fraction"":0.0,""move_atr"":0.6539279670495695,""move_points"":33.0,""open"":7363.5,""snapshot_time"":""2026-08-03T09:39:00+05:30"",""upper_wick_fraction"":0.5686274509803921,""volume"":38190.0},""close"":7396.5,""trend"":{""ema_ref"":7363.447282758159,""ema_slow"":7377.3182504062925,""hma_order"":""BUY"",""hma_spread_atr"":2.2487900297231076}},{""atr"":51.14539713597283,""bar"":{""body_fraction"":0.9051724137931034,""close"":7342.0,""close_position"":0.09482758620689656,""direction"":""DOWN"",""high"":7394.5,""low"":7336.5,""lower_wick_fraction"":0.09482758620689656,""move_atr"":-1.026485332793993,""move_points"":-52.5,""open"":7394.5,""snapshot_time"":""2026-08-03T09:42:00+05:30"",""upper_wick_fraction"":0.0,""volume"":22990.0},""close"":7342.0,""trend"":{""ema_ref"":7363.233876959571,""ema_slow"":7376.618879111118,""hma_order"":""BUY"",""hma_spread_atr"":2.135307102736866}}],""last_observation_hash"":""2130c767bf1298a4238ffe6dd0d442aa9370ebd1b50293c61a89ede36e3d0715"",""last_snapshot_time"":""2026-08-03T09:42:00+05:30"",""observation"":{""compression_box_high"":null,""compression_box_low"":null,""compression_candidate_bars"":0,""current_state"":""UNKNOWN"",""established_side"":""UNKNOWN"",""exhaustion_active"":false,""exhaustion_age_bars"":0,""exhaustion_clear_bars"":0,""exhaustion_last_seen_at"":null,""exhaustion_side"":""UNKNOWN"",""exhaustion_started_at"":null,""failure_breach_bars"":0,""last_close"":7342.0,""last_reason_codes"":[""NO_DIRECTIONAL_OBSERVATION_CONFIRMED"",""OBSERVATION_PROPOSAL_MATCHED_CURRENT"",""OBSERVATION_STATE_UNKNOWN""],""last_snapshot_time"":""2026-08-03T09:42:00+05:30"",""leg_age_bars"":0,""leg_anchor_price"":null,""leg_anchor_time"":null,""leg_extreme_price"":null,""leg_maturity_consumed"":false,""leg_maturity_extreme_price"":null,""leg_maturity_onset_time"":null,""leg_no_progress_bars"":0,""observation_count"":10,""pending_bars"":0,""pending_state"":null,""protection_level"":null,""protection_source"":"""",""protection_time"":null,""pullback_age_bars"":0,""pullback_candidate_bars"":0,""pullback_extreme_price"":null,""reacceleration_age_bars"":0,""recompression_age_bars"":0,""reversal_confirmation_bars"":0,""reversal_side"":""UNKNOWN"",""state_age_bars"":10,""trading_day"":""2026-08-03"",""trend_anchor_price"":null,""trend_candidate_bars"":0,""trend_candidate_side"":""UNKNOWN"",""trend_extreme_price"":null,""trend_failure_age_bars"":0,""trend_onset_time"":null},""symbol"":""ABB"",""trading_day"":""2026-08-03""}"
restoration-v3-current-day,development,restoration-trend-control-v3,backtest-default,OK,,,,ABB,2026-08-03,2026-08-03T09:45:00+05:30,2026-08-03T09:42:00+05:30,SNAPSHOT_AUCTION_AUTHORITY_V3A,3m,True,True,7342.0,2026-08-03T09:45:00,7340.5,7348.5,7330.0,7342.0,18072.0,48.81358305483191,BALANCE_QUALIFIED,SELL,dynamic_balance_stable_across_historical_cutoffs,RANGE_ACCEPTED,ORB:2026-08-03,7243.0,7445.0,7,ok,DOWN_ACCELERATING,-0.5582462563625025,-0.11267355633004636,OK,INCREMENTAL_PREVIOUS_SNAPSHOT,AUTOTRADES_AUCTION_ENGINE,1.1.0,,,UNKNOWN,UNKNOWN,DOWN,False,False,False,UNKNOWN,True,False,False,,,,ORB:2026-08-03,7243.0,7445.0,True,0.4900990099009901,0.22527472527472528,PRICE_ACTION,0.772025019262244,NO_DIRECTIONAL_OBSERVATION_CONFIRMED|OBSERVATION_PROPOSAL_MATCHED_CURRENT|OBSERVATION_STATE_UNKNOWN|DYNAMIC_BOUNDARY_UNKNOWN|OBJECTIVE_REJECTION_OBSERVED|OBJECTIVE_ACCEPTED_RANGE_GEOMETRY_PRESENT,,NONE,NONE,UNKNOWN,NONE,,,,,0,,,,,,,,,0,0.0,0,False,NO_DIRECTIONAL_START,0,UNKNOWN,0,0,0,0,0,UNKNOWN,2026-08-03T09:45:00+05:30,NO_DIRECTIONAL_START,,NONE,NONE,0,,,,,,UNKNOWN,0,0,0,0,False,False,NO_QUALIFIED_ACCEPTED_RANGE,0,,,,,,0,,,,,UNASSESSABLE,UNASSESSABLE,UNASSESSABLE,MATCH,False,0,False,False,False,True,,COHERENT,[],[],"{""accepted_range_breakout_eligible"":false,""accepted_range_established_at"":""2026-08-03T09:27:00+05:30"",""accepted_range_high"":7445.0,""accepted_range_id"":""ORB:2026-08-03"",""accepted_range_inside"":true,""accepted_range_low"":7243.0,""accepted_range_outside_atr"":0.0,""accepted_range_position"":0.4900990099009901,""accepted_range_provisional"":false,""atr"":48.81358305483191,""close"":7342.0,""current_leg_mature"":false,""directional_bias"":""UNKNOWN"",""directional_efficiency"":0.22527472527472528,""directional_efficiency_source"":""PRICE_ACTION"",""exhausted_side"":""UNKNOWN"",""exhaustion_active"":false,""extension_mature"":false,""failed_extreme_observed"":false,""high"":7348.5,""low"":7330.0,""observation_state"":""UNKNOWN"",""overlap_ratio"":0.772025019262244,""range_width_atr"":4.138192432485339,""rejection_observed"":true,""snapshot_time"":""2026-08-03T09:45:00+05:30"",""source_reason_codes"":[""NO_DIRECTIONAL_OBSERVATION_CONFIRMED"",""OBSERVATION_PROPOSAL_MATCHED_CURRENT"",""OBSERVATION_STATE_UNKNOWN"",""DYNAMIC_BOUNDARY_UNKNOWN"",""OBJECTIVE_REJECTION_OBSERVED"",""OBJECTIVE_ACCEPTED_RANGE_GEOMETRY_PRESENT""],""structural_failure_confirmed"":false,""symbol"":""ABB"",""trading_day"":""2026-08-03"",""trend_direction"":""DOWN"",""trend_protection_level"":null,""trend_protection_source"":"""",""trend_protection_time"":null}","{""continuation_failure_seen"":false,""continuation_failure_time"":null,""current_state"":""NONE"",""direction"":""UNKNOWN"",""episode_id"":null,""extreme_price"":null,""extreme_time"":null,""first_adverse_bar_close"":null,""first_adverse_bar_level"":null,""first_adverse_bar_time"":null,""origin_event_id"":null,""origin_price"":null,""origin_source"":""NONE"",""parent_episode_id"":null,""previous_state"":""NONE"",""protection_level"":null,""protection_source"":"""",""reason_codes"":[""NO_DIRECTIONAL_START""],""rejection_seen"":false,""reversal_confirmation_breach_closes"":0,""reversal_confirmation_level"":null,""reversal_confirmation_level_time"":null,""reversal_confirmation_source"":"""",""reversal_leg_failure_closes"":0,""reversal_leg_progress_atr"":0.0,""reversal_leg_progress_bars"":0,""started_at"":null,""state_age_bars"":0,""state_started_at"":null}","{""attempt_limit_reached"":false,""candidate_bar_expansion_count"":0,""candidate_high"":null,""candidate_last_valid_at"":null,""candidate_low"":null,""candidate_merge_count"":0,""containment_bars"":0,""containment_ratio"":0.0,""current_state"":""NONE"",""down_escape_attempt_count"":0,""episode_id"":null,""escape_attempt_count"":0,""escape_direction"":""UNKNOWN"",""failed_escape_count"":0,""forming_bars_observed"":0,""forming_invalid_bars"":0,""frozen_high"":null,""frozen_low"":null,""last_escape_direction"":""UNKNOWN"",""last_escape_failed_at"":null,""last_escape_started_at"":null,""marginal_excursion_bars"":0,""meaningful_escape_bars"":0,""outside_close_count"":0,""previous_state"":""NONE"",""range_id"":null,""rearm_bars_elapsed"":0,""rearm_inside_close_count"":0,""rearm_required"":false,""reason_codes"":[""NO_QUALIFIED_ACCEPTED_RANGE""],""reentry_close_count"":0,""source_range_ids"":[],""started_at"":null,""state_age_bars"":0,""state_started_at"":null,""up_escape_attempt_count"":0}","{""balance_attempt_limit_reached"":false,""balance_candidate_bar_expansion_count"":0,""balance_candidate_merge_count"":0,""balance_containment_ratio"":0.0,""balance_down_escape_attempt_count"":0,""balance_escape_attempt_count"":0,""balance_failed_escape_count"":0,""balance_forming_bars_observed"":0,""balance_forming_invalid_bars"":0,""balance_last_escape_direction"":""UNKNOWN"",""balance_last_escape_failed_at"":null,""balance_last_escape_started_at"":null,""balance_marginal_excursion_bars"":0,""balance_meaningful_escape_bars"":0,""balance_rearm_bars_elapsed"":0,""balance_rearm_inside_close_count"":0,""balance_rearm_required"":false,""balance_up_escape_attempt_count"":0,""directional_origin_event_id"":null,""directional_origin_source"":""NONE"",""directional_parent_episode_id"":null,""directional_reversal_watch_age_bars"":0,""directional_start_candidate_bars"":0,""directional_start_candidate_side"":""UNKNOWN"",""observation_accepted_range_id"":""ORB:2026-08-03"",""observation_current_leg_mature"":false,""observation_directional_bias"":""UNKNOWN"",""observation_exhaustion_active"":false,""observation_state"":""UNKNOWN""}","{""balance"":{""attempt_limit_reached"":false,""candidate_bar_expansion_count"":0,""candidate_high"":null,""candidate_last_valid_at"":null,""candidate_low"":null,""candidate_merge_count"":0,""containment_bars"":0,""down_escape_attempt_count"":0,""emitted_event_ids"":[],""episode_id"":null,""escape_attempt_count"":0,""escape_direction"":""UNKNOWN"",""failed_escape_count"":0,""forming_bars_observed"":0,""forming_invalid_bars"":0,""frozen_high"":null,""frozen_low"":null,""last_escape_direction"":""UNKNOWN"",""last_escape_failed_at"":null,""last_escape_started_at"":null,""last_reason_codes"":[""NO_QUALIFIED_ACCEPTED_RANGE""],""marginal_excursion_bars"":0,""meaningful_escape_bars"":0,""outside_close_count"":0,""range_id"":null,""rearm_bars_elapsed"":0,""rearm_inside_close_count"":0,""rearm_required"":false,""reentry_close_count"":0,""sequence"":0,""source_range_ids"":[],""started_at"":null,""state"":""NONE"",""state_age_bars"":0,""state_started_at"":null,""up_escape_attempt_count"":0},""directional"":{""continuation_failure_progress_bars"":0,""continuation_failure_seen"":false,""continuation_failure_seen_at"":null,""direction"":""UNKNOWN"",""emitted_event_ids"":[],""episode_id"":null,""extreme_price"":null,""extreme_time"":null,""first_adverse_bar_close"":null,""first_adverse_bar_level"":null,""first_adverse_bar_time"":null,""inactive_bars"":0,""last_close"":7342.0,""last_observation_state"":""UNKNOWN"",""last_observation_state_time"":""2026-08-03T09:45:00+05:30"",""last_reason_codes"":[""NO_DIRECTIONAL_START""],""opposite_control_bars"":0,""origin_event_id"":null,""origin_price"":null,""origin_source"":""NONE"",""parent_episode_id"":null,""protection_level"":null,""protection_source"":"""",""protection_time"":null,""rejection_seen"":false,""rejection_seen_at"":null,""reversal_confirmation_breach_closes"":0,""reversal_confirmation_level"":null,""reversal_confirmation_level_time"":null,""reversal_confirmation_source"":"""",""reversal_leg_failure_closes"":0,""reversal_leg_progress_atr"":0.0,""reversal_leg_progress_bars"":0,""reversal_watch_age_bars"":0,""sequence"":0,""start_candidate_bars"":0,""start_candidate_side"":""UNKNOWN"",""started_at"":null,""state"":""NONE"",""state_age_bars"":0,""state_started_at"":null,""trend_restore_bars"":0},""evidence_history"":[{""atr"":45.54500108461593,""bar"":{""body_fraction"":0.9307692307692308,""close"":7425.0,""close_position"":0.9333333333333332,""direction"":""UP"",""high"":7438.0,""low"":7243.0,""lower_wick_fraction"":0.002564102564102564,""move_atr"":3.985069616373477,""move_points"":181.5,""open"":7243.5,""snapshot_time"":""2026-08-03T09:15:00+05:30"",""upper_wick_fraction"":0.06666666666666667,""volume"":109134.0},""close"":7425.0,""trend"":{""ema_ref"":7364.440197523344,""ema_slow"":7381.733341041906,""hma_order"":""SELL"",""hma_spread_atr"":3.965591992638049}},{""atr"":47.68464386428623,""bar"":{""body_fraction"":0.6158940397350994,""close"":7381.0,""close_position"":0.152317880794702,""direction"":""DOWN"",""high"":7445.0,""low"":7369.5,""lower_wick_fraction"":0.152317880794702,""move_atr"":-0.9751567010197704,""move_points"":-46.5,""open"":7427.5,""snapshot_time"":""2026-08-03T09:18:00+05:30"",""upper_wick_fraction"":0.2317880794701987,""volume"":40337.0},""close"":7381.0,""trend"":{""ema_ref"":7364.6049716773405,""ema_slow"":7381.718819437116,""hma_order"":""SELL"",""hma_spread_atr"":2.9539428582673453}},{""atr"":49.63574073112292,""bar"":{""body_fraction"":0.6060606060606061,""close"":7332.0,""close_position"":0.3939393939393939,""direction"":""DOWN"",""high"":7372.0,""low"":7306.0,""lower_wick_fraction"":0.3939393939393939,""move_atr"":-0.8058709190355438,""move_points"":-40.0,""open"":7372.0,""snapshot_time"":""2026-08-03T09:21:00+05:30"",""upper_wick_fraction"":0.0,""volume"":24784.0},""close"":7332.0,""trend"":{""ema_ref"":7364.280544098462,""ema_slow"":7380.734288359153,""hma_order"":""BUY"",""hma_spread_atr"":2.5395999141753047}},{""atr"":50.126044964614145,""bar"":{""body_fraction"":0.5398230088495575,""close"":7301.0,""close_position"":0.20353982300884957,""direction"":""DOWN"",""high"":7346.0,""low"":7289.5,""lower_wick_fraction"":0.20353982300884957,""move_atr"":-0.6084661181932685,""move_points"":-30.5,""open"":7331.5,""snapshot_time"":""2026-08-03T09:24:00+05:30"",""upper_wick_fraction"":0.25663716814159293,""volume"":17089.0},""close"":7301.0,""trend"":{""ema_ref"":7363.650886943254,""ema_slow"":7379.155391559962,""hma_order"":""BUY"",""hma_spread_atr"":2.510492865403228}},{""atr"":48.331327467141705,""bar"":{""body_fraction"":0.2,""close"":7296.5,""close_position"":0.66,""direction"":""DOWN"",""high"":7305.0,""low"":7280.0,""lower_wick_fraction"":0.66,""move_atr"":-0.10345256921402116,""move_points"":-5.0,""open"":7301.5,""snapshot_time"":""2026-08-03T09:27:00+05:30"",""upper_wick_fraction"":0.14,""volume"":19228.0},""close"":7296.5,""trend"":{""ema_ref"":7362.982718913968,""ema_slow"":7377.518651133031,""hma_order"":""BUY"",""hma_spread_atr"":2.597092117785921}},{""atr"":51.27194693377445,""bar"":{""body_fraction"":0.8770949720670391,""close"":7375.0,""close_position"":0.9441340782122905,""direction"":""UP"",""high"":7380.0,""low"":7290.5,""lower_wick_fraction"":0.0670391061452514,""move_atr"":1.5310516704465065,""move_points"":78.5,""open"":7296.5,""snapshot_time"":""2026-08-03T09:30:00+05:30"",""upper_wick_fraction"":0.055865921787709494,""volume"":20643.0},""close"":7375.0,""trend"":{""ema_ref"":7363.102293850147,""ema_slow"":7377.468776853168,""hma_order"":""BUY"",""hma_spread_atr"":2.4106832085124803}},{""atr"":50.57395072421913,""bar"":{""body_fraction"":0.1566265060240964,""close"":7364.0,""close_position"":0.4819277108433735,""direction"":""DOWN"",""high"":7385.5,""low"":7344.0,""lower_wick_fraction"":0.4819277108433735,""move_atr"":-0.1285246635257871,""move_points"":-6.5,""open"":7370.5,""snapshot_time"":""2026-08-03T09:33:00+05:30"",""upper_wick_fraction"":0.3614457831325301,""volume"":14363.0},""close"":7364.0,""trend"":{""ema_ref"":7363.111226249649,""ema_slow"":7377.202068400631,""hma_order"":""BUY"",""hma_spread_atr"":2.3889705536928414}},{""atr"":48.461525672489195,""bar"":{""body_fraction"":0.07142857142857142,""close"":7363.5,""close_position"":0.1904761904761905,""direction"":""DOWN"",""high"":7380.5,""low"":7359.5,""lower_wick_fraction"":0.1904761904761905,""move_atr"":-0.03095238912074791,""move_points"":-1.5,""open"":7365.0,""snapshot_time"":""2026-08-03T09:36:00+05:30"",""upper_wick_fraction"":0.7380952380952381,""volume"":11340.0},""close"":7363.5,""trend"":{""ema_ref"":7363.115094645175,""ema_slow"":7376.93074031349,""hma_order"":""BUY"",""hma_spread_atr"":2.4298834562910336}},{""atr"":50.46427383873997,""bar"":{""body_fraction"":0.43137254901960786,""close"":7396.5,""close_position"":0.43137254901960786,""direction"":""UP"",""high"":7440.0,""low"":7363.5,""lower_wick_fraction"":0.0,""move_atr"":0.6539279670495695,""move_points"":33.0,""open"":7363.5,""snapshot_time"":""2026-08-03T09:39:00+05:30"",""upper_wick_fraction"":0.5686274509803921,""volume"":38190.0},""close"":7396.5,""trend"":{""ema_ref"":7363.447282758159,""ema_slow"":7377.3182504062925,""hma_order"":""BUY"",""hma_spread_atr"":2.2487900297231076}},{""atr"":51.14539713597283,""bar"":{""body_fraction"":0.9051724137931034,""close"":7342.0,""close_position"":0.09482758620689656,""direction"":""DOWN"",""high"":7394.5,""low"":7336.5,""lower_wick_fraction"":0.09482758620689656,""move_atr"":-1.026485332793993,""move_points"":-52.5,""open"":7394.5,""snapshot_time"":""2026-08-03T09:42:00+05:30"",""upper_wick_fraction"":0.0,""volume"":22990.0},""close"":7342.0,""trend"":{""ema_ref"":7363.233876959571,""ema_slow"":7376.618879111118,""hma_order"":""BUY"",""hma_spread_atr"":2.135307102736866}},{""atr"":48.81358305483191,""bar"":{""body_fraction"":0.08108108108108109,""close"":7342.0,""close_position"":0.6486486486486487,""direction"":""UP"",""high"":7348.5,""low"":7330.0,""lower_wick_fraction"":0.5675675675675675,""move_atr"":0.03072915172637628,""move_points"":1.5,""open"":7340.5,""snapshot_time"":""2026-08-03T09:45:00+05:30"",""upper_wick_fraction"":0.35135135135135137,""volume"":18072.0},""close"":7342.0,""trend"":{""ema_ref"":7363.0225946017645,""ema_slow"":7375.933356752482,""hma_order"":""BUY"",""hma_spread_atr"":2.1498712908389677}}],""last_observation_hash"":""21611beef2960e2f7b9c93f60d4ac7f38673667599cb4f43b4f2a9ce38b97c34"",""last_snapshot_time"":""2026-08-03T09:45:00+05:30"",""observation"":{""compression_box_high"":null,""compression_box_low"":null,""compression_candidate_bars"":0,""current_state"":""UNKNOWN"",""established_side"":""UNKNOWN"",""exhaustion_active"":false,""exhaustion_age_bars"":0,""exhaustion_clear_bars"":0,""exhaustion_last_seen_at"":null,""exhaustion_side"":""UNKNOWN"",""exhaustion_started_at"":null,""failure_breach_bars"":0,""last_close"":7342.0,""last_reason_codes"":[""NO_DIRECTIONAL_OBSERVATION_CONFIRMED"",""OBSERVATION_PROPOSAL_MATCHED_CURRENT"",""OBSERVATION_STATE_UNKNOWN""],""last_snapshot_time"":""2026-08-03T09:45:00+05:30"",""leg_age_bars"":0,""leg_anchor_price"":null,""leg_anchor_time"":null,""leg_extreme_price"":null,""leg_maturity_consumed"":false,""leg_maturity_extreme_price"":null,""leg_maturity_onset_time"":null,""leg_no_progress_bars"":0,""observation_count"":11,""pending_bars"":0,""pending_state"":null,""protection_level"":null,""protection_source"":"""",""protection_time"":null,""pullback_age_bars"":0,""pullback_candidate_bars"":0,""pullback_extreme_price"":null,""reacceleration_age_bars"":0,""recompression_age_bars"":0,""reversal_confirmation_bars"":0,""reversal_side"":""UNKNOWN"",""state_age_bars"":11,""trading_day"":""2026-08-03"",""trend_anchor_price"":null,""trend_candidate_bars"":0,""trend_candidate_side"":""UNKNOWN"",""trend_extreme_price"":null,""trend_failure_age_bars"":0,""trend_onset_time"":null},""symbol"":""ABB"",""trading_day"":""2026-08-03""}"
restoration-v3-current-day,development,restoration-trend-control-v3,backtest-default,OK,,,,ABB,2026-08-03,2026-08-03T09:48:00+05:30,2026-08-03T09:45:00+05:30,SNAPSHOT_AUCTION_AUTHORITY_V3A,3m,True,True,7345.0,2026-08-03T09:48:00,7342.5,7350.0,7311.0,7345.0,19161.0,48.11261283662963,EXPANDING_RANGE,SELL,candidate_boundaries_or_midpoint_still_drifting,RANGE_ACCEPTED,ORB:2026-08-03,7243.0,7445.0,8,ok,TURNING_UP,0.03117685595445366,-0.09612863919289878,OK,INCREMENTAL_PREVIOUS_SNAPSHOT,AUTOTRADES_AUCTION_ENGINE,1.1.0,,,UNKNOWN,UNKNOWN,DOWN,False,False,False,UNKNOWN,True,False,False,,,,ORB:2026-08-03,7243.0,7445.0,True,0.504950495049505,0.26869806094182824,PRICE_ACTION,0.7985310433586296,NO_DIRECTIONAL_OBSERVATION_CONFIRMED|OBSERVATION_PROPOSAL_MATCHED_CURRENT|OBSERVATION_STATE_UNKNOWN|DYNAMIC_BOUNDARY_UNKNOWN|OBJECTIVE_REJECTION_OBSERVED|OBJECTIVE_ACCEPTED_RANGE_GEOMETRY_PRESENT,,NONE,NONE,UNKNOWN,NONE,,,,,0,,,,,,,,,0,0.0,0,False,NO_DIRECTIONAL_START,0,UNKNOWN,0,0,0,0,0,UNKNOWN,2026-08-03T09:48:00+05:30,NO_DIRECTIONAL_START,,NONE,NONE,0,,,,,,UNKNOWN,0,0,0,0,False,False,NO_QUALIFIED_ACCEPTED_RANGE,0,,,,,,0,,,,,UNASSESSABLE,UNASSESSABLE,UNASSESSABLE,MATCH,False,0,False,False,False,True,,COHERENT,[],[],"{""accepted_range_breakout_eligible"":false,""accepted_range_established_at"":""2026-08-03T09:27:00+05:30"",""accepted_range_high"":7445.0,""accepted_range_id"":""ORB:2026-08-03"",""accepted_range_inside"":true,""accepted_range_low"":7243.0,""accepted_range_outside_atr"":0.0,""accepted_range_position"":0.504950495049505,""accepted_range_provisional"":false,""atr"":48.11261283662963,""close"":7345.0,""current_leg_mature"":false,""directional_bias"":""UNKNOWN"",""directional_efficiency"":0.26869806094182824,""directional_efficiency_source"":""PRICE_ACTION"",""exhausted_side"":""UNKNOWN"",""exhaustion_active"":false,""extension_mature"":false,""failed_extreme_observed"":false,""high"":7350.0,""low"":7311.0,""observation_state"":""UNKNOWN"",""overlap_ratio"":0.7985310433586296,""range_width_atr"":4.198483268533093,""rejection_observed"":true,""snapshot_time"":""2026-08-03T09:48:00+05:30"",""source_reason_codes"":[""NO_DIRECTIONAL_OBSERVATION_CONFIRMED"",""OBSERVATION_PROPOSAL_MATCHED_CURRENT"",""OBSERVATION_STATE_UNKNOWN"",""DYNAMIC_BOUNDARY_UNKNOWN"",""OBJECTIVE_REJECTION_OBSERVED"",""OBJECTIVE_ACCEPTED_RANGE_GEOMETRY_PRESENT""],""structural_failure_confirmed"":false,""symbol"":""ABB"",""trading_day"":""2026-08-03"",""trend_direction"":""DOWN"",""trend_protection_level"":null,""trend_protection_source"":"""",""trend_protection_time"":null}","{""continuation_failure_seen"":false,""continuation_failure_time"":null,""current_state"":""NONE"",""direction"":""UNKNOWN"",""episode_id"":null,""extreme_price"":null,""extreme_time"":null,""first_adverse_bar_close"":null,""first_adverse_bar_level"":null,""first_adverse_bar_time"":null,""origin_event_id"":null,""origin_price"":null,""origin_source"":""NONE"",""parent_episode_id"":null,""previous_state"":""NONE"",""protection_level"":null,""protection_source"":"""",""reason_codes"":[""NO_DIRECTIONAL_START""],""rejection_seen"":false,""reversal_confirmation_breach_closes"":0,""reversal_confirmation_level"":null,""reversal_confirmation_level_time"":null,""reversal_confirmation_source"":"""",""reversal_leg_failure_closes"":0,""reversal_leg_progress_atr"":0.0,""reversal_leg_progress_bars"":0,""started_at"":null,""state_age_bars"":0,""state_started_at"":null}","{""attempt_limit_reached"":false,""candidate_bar_expansion_count"":0,""candidate_high"":null,""candidate_last_valid_at"":null,""candidate_low"":null,""candidate_merge_count"":0,""containment_bars"":0,""containment_ratio"":0.0,""current_state"":""NONE"",""down_escape_attempt_count"":0,""episode_id"":null,""escape_attempt_count"":0,""escape_direction"":""UNKNOWN"",""failed_escape_count"":0,""forming_bars_observed"":0,""forming_invalid_bars"":0,""frozen_high"":null,""frozen_low"":null,""last_escape_direction"":""UNKNOWN"",""last_escape_failed_at"":null,""last_escape_started_at"":null,""marginal_excursion_bars"":0,""meaningful_escape_bars"":0,""outside_close_count"":0,""previous_state"":""NONE"",""range_id"":null,""rearm_bars_elapsed"":0,""rearm_inside_close_count"":0,""rearm_required"":false,""reason_codes"":[""NO_QUALIFIED_ACCEPTED_RANGE""],""reentry_close_count"":0,""source_range_ids"":[],""started_at"":null,""state_age_bars"":0,""state_started_at"":null,""up_escape_attempt_count"":0}","{""balance_attempt_limit_reached"":false,""balance_candidate_bar_expansion_count"":0,""balance_candidate_merge_count"":0,""balance_containment_ratio"":0.0,""balance_down_escape_attempt_count"":0,""balance_escape_attempt_count"":0,""balance_failed_escape_count"":0,""balance_forming_bars_observed"":0,""balance_forming_invalid_bars"":0,""balance_last_escape_direction"":""UNKNOWN"",""balance_last_escape_failed_at"":null,""balance_last_escape_started_at"":null,""balance_marginal_excursion_bars"":0,""balance_meaningful_escape_bars"":0,""balance_rearm_bars_elapsed"":0,""balance_rearm_inside_close_count"":0,""balance_rearm_required"":false,""balance_up_escape_attempt_count"":0,""directional_origin_event_id"":null,""directional_origin_source"":""NONE"",""directional_parent_episode_id"":null,""directional_reversal_watch_age_bars"":0,""directional_start_candidate_bars"":0,""directional_start_candidate_side"":""UNKNOWN"",""observation_accepted_range_id"":""ORB:2026-08-03"",""observation_current_leg_mature"":false,""observation_directional_bias"":""UNKNOWN"",""observation_exhaustion_active"":false,""observation_state"":""UNKNOWN""}","{""balance"":{""attempt_limit_reached"":false,""candidate_bar_expansion_count"":0,""candidate_high"":null,""candidate_last_valid_at"":null,""candidate_low"":null,""candidate_merge_count"":0,""containment_bars"":0,""down_escape_attempt_count"":0,""emitted_event_ids"":[],""episode_id"":null,""escape_attempt_count"":0,""escape_direction"":""UNKNOWN"",""failed_escape_count"":0,""forming_bars_observed"":0,""forming_invalid_bars"":0,""frozen_high"":null,""frozen_low"":null,""last_escape_direction"":""UNKNOWN"",""last_escape_failed_at"":null,""last_escape_started_at"":null,""last_reason_codes"":[""NO_QUALIFIED_ACCEPTED_RANGE""],""marginal_excursion_bars"":0,""meaningful_escape_bars"":0,""outside_close_count"":0,""range_id"":null,""rearm_bars_elapsed"":0,""rearm_inside_close_count"":0,""rearm_required"":false,""reentry_close_count"":0,""sequence"":0,""source_range_ids"":[],""started_at"":null,""state"":""NONE"",""state_age_bars"":0,""state_started_at"":null,""up_escape_attempt_count"":0},""directional"":{""continuation_failure_progress_bars"":0,""continuation_failure_seen"":false,""continuation_failure_seen_at"":null,""direction"":""UNKNOWN"",""emitted_event_ids"":[],""episode_id"":null,""extreme_price"":null,""extreme_time"":null,""first_adverse_bar_close"":null,""first_adverse_bar_level"":null,""first_adverse_bar_time"":null,""inactive_bars"":0,""last_close"":7345.0,""last_observation_state"":""UNKNOWN"",""last_observation_state_time"":""2026-08-03T09:48:00+05:30"",""last_reason_codes"":[""NO_DIRECTIONAL_START""],""opposite_control_bars"":0,""origin_event_id"":null,""origin_price"":null,""origin_source"":""NONE"",""parent_episode_id"":null,""protection_level"":null,""protection_source"":"""",""protection_time"":null,""rejection_seen"":false,""rejection_seen_at"":null,""reversal_confirmation_breach_closes"":0,""reversal_confirmation_level"":null,""reversal_confirmation_level_time"":null,""reversal_confirmation_source"":"""",""reversal_leg_failure_closes"":0,""reversal_leg_progress_atr"":0.0,""reversal_leg_progress_bars"":0,""reversal_watch_age_bars"":0,""sequence"":0,""start_candidate_bars"":0,""start_candidate_side"":""UNKNOWN"",""started_at"":null,""state"":""NONE"",""state_age_bars"":0,""state_started_at"":null,""trend_restore_bars"":0},""evidence_history"":[{""atr"":45.54500108461593,""bar"":{""body_fraction"":0.9307692307692308,""close"":7425.0,""close_position"":0.9333333333333332,""direction"":""UP"",""high"":7438.0,""low"":7243.0,""lower_wick_fraction"":0.002564102564102564,""move_atr"":3.985069616373477,""move_points"":181.5,""open"":7243.5,""snapshot_time"":""2026-08-03T09:15:00+05:30"",""upper_wick_fraction"":0.06666666666666667,""volume"":109134.0},""close"":7425.0,""trend"":{""ema_ref"":7364.440197523344,""ema_slow"":7381.733341041906,""hma_order"":""SELL"",""hma_spread_atr"":3.965591992638049}},{""atr"":47.68464386428623,""bar"":{""body_fraction"":0.6158940397350994,""close"":7381.0,""close_position"":0.152317880794702,""direction"":""DOWN"",""high"":7445.0,""low"":7369.5,""lower_wick_fraction"":0.152317880794702,""move_atr"":-0.9751567010197704,""move_points"":-46.5,""open"":7427.5,""snapshot_time"":""2026-08-03T09:18:00+05:30"",""upper_wick_fraction"":0.2317880794701987,""volume"":40337.0},""close"":7381.0,""trend"":{""ema_ref"":7364.6049716773405,""ema_slow"":7381.718819437116,""hma_order"":""SELL"",""hma_spread_atr"":2.9539428582673453}},{""atr"":49.63574073112292,""bar"":{""body_fraction"":0.6060606060606061,""close"":7332.0,""close_position"":0.3939393939393939,""direction"":""DOWN"",""high"":7372.0,""low"":7306.0,""lower_wick_fraction"":0.3939393939393939,""move_atr"":-0.8058709190355438,""move_points"":-40.0,""open"":7372.0,""snapshot_time"":""2026-08-03T09:21:00+05:30"",""upper_wick_fraction"":0.0,""volume"":24784.0},""close"":7332.0,""trend"":{""ema_ref"":7364.280544098462,""ema_slow"":7380.734288359153,""hma_order"":""BUY"",""hma_spread_atr"":2.5395999141753047}},{""atr"":50.126044964614145,""bar"":{""body_fraction"":0.5398230088495575,""close"":7301.0,""close_position"":0.20353982300884957,""direction"":""DOWN"",""high"":7346.0,""low"":7289.5,""lower_wick_fraction"":0.20353982300884957,""move_atr"":-0.6084661181932685,""move_points"":-30.5,""open"":7331.5,""snapshot_time"":""2026-08-03T09:24:00+05:30"",""upper_wick_fraction"":0.25663716814159293,""volume"":17089.0},""close"":7301.0,""trend"":{""ema_ref"":7363.650886943254,""ema_slow"":7379.155391559962,""hma_order"":""BUY"",""hma_spread_atr"":2.510492865403228}},{""atr"":48.331327467141705,""bar"":{""body_fraction"":0.2,""close"":7296.5,""close_position"":0.66,""direction"":""DOWN"",""high"":7305.0,""low"":7280.0,""lower_wick_fraction"":0.66,""move_atr"":-0.10345256921402116,""move_points"":-5.0,""open"":7301.5,""snapshot_time"":""2026-08-03T09:27:00+05:30"",""upper_wick_fraction"":0.14,""volume"":19228.0},""close"":7296.5,""trend"":{""ema_ref"":7362.982718913968,""ema_slow"":7377.518651133031,""hma_order"":""BUY"",""hma_spread_atr"":2.597092117785921}},{""atr"":51.27194693377445,""bar"":{""body_fraction"":0.8770949720670391,""close"":7375.0,""close_position"":0.9441340782122905,""direction"":""UP"",""high"":7380.0,""low"":7290.5,""lower_wick_fraction"":0.0670391061452514,""move_atr"":1.5310516704465065,""move_points"":78.5,""open"":7296.5,""snapshot_time"":""2026-08-03T09:30:00+05:30"",""upper_wick_fraction"":0.055865921787709494,""volume"":20643.0},""close"":7375.0,""trend"":{""ema_ref"":7363.102293850147,""ema_slow"":7377.468776853168,""hma_order"":""BUY"",""hma_spread_atr"":2.4106832085124803}},{""atr"":50.57395072421913,""bar"":{""body_fraction"":0.1566265060240964,""close"":7364.0,""close_position"":0.4819277108433735,""direction"":""DOWN"",""high"":7385.5,""low"":7344.0,""lower_wick_fraction"":0.4819277108433735,""move_atr"":-0.1285246635257871,""move_points"":-6.5,""open"":7370.5,""snapshot_time"":""2026-08-03T09:33:00+05:30"",""upper_wick_fraction"":0.3614457831325301,""volume"":14363.0},""close"":7364.0,""trend"":{""ema_ref"":7363.111226249649,""ema_slow"":7377.202068400631,""hma_order"":""BUY"",""hma_spread_atr"":2.3889705536928414}},{""atr"":48.461525672489195,""bar"":{""body_fraction"":0.07142857142857142,""close"":7363.5,""close_position"":0.1904761904761905,""direction"":""DOWN"",""high"":7380.5,""low"":7359.5,""lower_wick_fraction"":0.1904761904761905,""move_atr"":-0.03095238912074791,""move_points"":-1.5,""open"":7365.0,""snapshot_time"":""2026-08-03T09:36:00+05:30"",""upper_wick_fraction"":0.7380952380952381,""volume"":11340.0},""close"":7363.5,""trend"":{""ema_ref"":7363.115094645175,""ema_slow"":7376.93074031349,""hma_order"":""BUY"",""hma_spread_atr"":2.4298834562910336}},{""atr"":50.46427383873997,""bar"":{""body_fraction"":0.43137254901960786,""close"":7396.5,""close_position"":0.43137254901960786,""direction"":""UP"",""high"":7440.0,""low"":7363.5,""lower_wick_fraction"":0.0,""move_atr"":0.6539279670495695,""move_points"":33.0,""open"":7363.5,""snapshot_time"":""2026-08-03T09:39:00+05:30"",""upper_wick_fraction"":0.5686274509803921,""volume"":38190.0},""close"":7396.5,""trend"":{""ema_ref"":7363.447282758159,""ema_slow"":7377.3182504062925,""hma_order"":""BUY"",""hma_spread_atr"":2.2487900297231076}},{""atr"":51.14539713597283,""bar"":{""body_fraction"":0.9051724137931034,""close"":7342.0,""close_position"":0.09482758620689656,""direction"":""DOWN"",""high"":7394.5,""low"":7336.5,""lower_wick_fraction"":0.09482758620689656,""move_atr"":-1.026485332793993,""move_points"":-52.5,""open"":7394.5,""snapshot_time"":""2026-08-03T09:42:00+05:30"",""upper_wick_fraction"":0.0,""volume"":22990.0},""close"":7342.0,""trend"":{""ema_ref"":7363.233876959571,""ema_slow"":7376.618879111118,""hma_order"":""BUY"",""hma_spread_atr"":2.135307102736866}},{""atr"":48.81358305483191,""bar"":{""body_fraction"":0.08108108108108109,""close"":7342.0,""close_position"":0.6486486486486487,""direction"":""UP"",""high"":7348.5,""low"":7330.0,""lower_wick_fraction"":0.5675675675675675,""move_atr"":0.03072915172637628,""move_points"":1.5,""open"":7340.5,""snapshot_time"":""2026-08-03T09:45:00+05:30"",""upper_wick_fraction"":0.35135135135135137,""volume"":18072.0},""close"":7342.0,""trend"":{""ema_ref"":7363.0225946017645,""ema_slow"":7375.933356752482,""hma_order"":""BUY"",""hma_spread_atr"":2.1498712908389677}},{""atr"":48.11261283662963,""bar"":{""body_fraction"":0.0641025641025641,""close"":7345.0,""close_position"":0.8717948717948718,""direction"":""UP"",""high"":7350.0,""low"":7311.0,""lower_wick_fraction"":0.8076923076923077,""move_atr"":0.051961426590756095,""move_points"":2.5,""open"":7342.5,""snapshot_time"":""2026-08-03T09:48:00+05:30"",""upper_wick_fraction"":0.1282051282051282,""volume"":19161.0},""close"":7345.0,""trend"":{""ema_ref"":7362.843265302245,""ema_slow"":7375.320815034611,""hma_order"":""BUY"",""hma_spread_atr"":2.0935537386963365}}],""last_observation_hash"":""b5367e331e6909e461e301bdb38aca821c068880957c224e10d3903325780e0c"",""last_snapshot_time"":""2026-08-03T09:48:00+05:30"",""observation"":{""compression_box_high"":null,""compression_box_low"":null,""compression_candidate_bars"":0,""current_state"":""UNKNOWN"",""established_side"":""UNKNOWN"",""exhaustion_active"":false,""exhaustion_age_bars"":0,""exhaustion_clear_bars"":0,""exhaustion_last_seen_at"":null,""exhaustion_side"":""UNKNOWN"",""exhaustion_started_at"":null,""failure_breach_bars"":0,""last_close"":7345.0,""last_reason_codes"":[""NO_DIRECTIONAL_OBSERVATION_CONFIRMED"",""OBSERVATION_PROPOSAL_MATCHED_CURRENT"",""OBSERVATION_STATE_UNKNOWN""],""last_snapshot_time"":""2026-08-03T09:48:00+05:30"",""leg_age_bars"":0,""leg_anchor_price"":null,""leg_anchor_time"":null,""leg_extreme_price"":null,""leg_maturity_consumed"":false,""leg_maturity_extreme_price"":null,""leg_maturity_onset_time"":null,""leg_no_progress_bars"":0,""observation_count"":12,""pending_bars"":0,""pending_state"":null,""protection_level"":null,""protection_source"":"""",""protection_time"":null,""pullback_age_bars"":0,""pullback_candidate_bars"":0,""pullback_extreme_price"":null,""reacceleration_age_bars"":0,""recompression_age_bars"":0,""reversal_confirmation_bars"":0,""reversal_side"":""UNKNOWN"",""state_age_bars"":12,""trading_day"":""2026-08-03"",""trend_anchor_price"":null,""trend_candidate_bars"":0,""trend_candidate_side"":""UNKNOWN"",""trend_extreme_price"":null,""trend_failure_age_bars"":0,""trend_onset_time"":null},""symbol"":""ABB"",""trading_day"":""2026-08-03""}"
restoration-v3-current-day,development,restoration-trend-control-v3,backtest-default,OK,,,,ABB,2026-08-03,2026-08-03T09:51:00+05:30,2026-08-03T09:48:00+05:30,SNAPSHOT_AUCTION_AUTHORITY_V3A,3m,True,True,7352.5,2026-08-03T09:51:00,7345.0,7364.5,7328.5,7352.5,9991.0,47.2474262054418,EXPANDING_RANGE,SELL,candidate_boundaries_or_midpoint_still_drifting,RANGE_ACCEPTED,ORB:2026-08-03,7243.0,7445.0,9,ok,TURNING_UP,0.11111716386776056,-0.2328169147705459,OK,INCREMENTAL_PREVIOUS_SNAPSHOT,AUTOTRADES_AUCTION_ENGINE,1.1.0,,,UNKNOWN,UNKNOWN,MIXED,False,False,False,UNKNOWN,True,False,False,,,,ORB:2026-08-03,7243.0,7445.0,True,0.5420792079207921,0.2054794520547945,PRICE_ACTION,0.7179754878030741,NO_DIRECTIONAL_OBSERVATION_CONFIRMED|OBSERVATION_PROPOSAL_MATCHED_CURRENT|OBSERVATION_STATE_UNKNOWN|DYNAMIC_BOUNDARY_UNKNOWN|OBJECTIVE_REJECTION_OBSERVED|OBJECTIVE_ACCEPTED_RANGE_GEOMETRY_PRESENT,,NONE,NONE,UNKNOWN,NONE,,,,,0,,,,,,,,,0,0.0,0,False,NO_DIRECTIONAL_START,0,UNKNOWN,0,0,0,0,0,UNKNOWN,2026-08-03T09:51:00+05:30,NO_DIRECTIONAL_START,,NONE,NONE,0,,,,,,UNKNOWN,0,0,0,0,False,False,NO_QUALIFIED_ACCEPTED_RANGE,0,,,,,,0,,,,,UNASSESSABLE,UNASSESSABLE,UNASSESSABLE,UNASSESSABLE,False,0,False,False,False,True,,COHERENT,[],[],"{""accepted_range_breakout_eligible"":false,""accepted_range_established_at"":""2026-08-03T09:27:00+05:30"",""accepted_range_high"":7445.0,""accepted_range_id"":""ORB:2026-08-03"",""accepted_range_inside"":true,""accepted_range_low"":7243.0,""accepted_range_outside_atr"":0.0,""accepted_range_position"":0.5420792079207921,""accepted_range_provisional"":false,""atr"":47.2474262054418,""close"":7352.5,""current_leg_mature"":false,""directional_bias"":""UNKNOWN"",""directional_efficiency"":0.2054794520547945,""directional_efficiency_source"":""PRICE_ACTION"",""exhausted_side"":""UNKNOWN"",""exhaustion_active"":false,""extension_mature"":false,""failed_extreme_observed"":false,""high"":7364.5,""low"":7328.5,""observation_state"":""UNKNOWN"",""overlap_ratio"":0.7179754878030741,""range_width_atr"":4.275365162150025,""rejection_observed"":true,""snapshot_time"":""2026-08-03T09:51:00+05:30"",""source_reason_codes"":[""NO_DIRECTIONAL_OBSERVATION_CONFIRMED"",""OBSERVATION_PROPOSAL_MATCHED_CURRENT"",""OBSERVATION_STATE_UNKNOWN"",""DYNAMIC_BOUNDARY_UNKNOWN"",""OBJECTIVE_REJECTION_OBSERVED"",""OBJECTIVE_ACCEPTED_RANGE_GEOMETRY_PRESENT""],""structural_failure_confirmed"":false,""symbol"":""ABB"",""trading_day"":""2026-08-03"",""trend_direction"":""MIXED"",""trend_protection_level"":null,""trend_protection_source"":"""",""trend_protection_time"":null}","{""continuation_failure_seen"":false,""continuation_failure_time"":null,""current_state"":""NONE"",""direction"":""UNKNOWN"",""episode_id"":null,""extreme_price"":null,""extreme_time"":null,""first_adverse_bar_close"":null,""first_adverse_bar_level"":null,""first_adverse_bar_time"":null,""origin_event_id"":null,""origin_price"":null,""origin_source"":""NONE"",""parent_episode_id"":null,""previous_state"":""NONE"",""protection_level"":null,""protection_source"":"""",""reason_codes"":[""NO_DIRECTIONAL_START""],""rejection_seen"":false,""reversal_confirmation_breach_closes"":0,""reversal_confirmation_level"":null,""reversal_confirmation_level_time"":null,""reversal_confirmation_source"":"""",""reversal_leg_failure_closes"":0,""reversal_leg_progress_atr"":0.0,""reversal_leg_progress_bars"":0,""started_at"":null,""state_age_bars"":0,""state_started_at"":null}","{""attempt_limit_reached"":false,""candidate_bar_expansion_count"":0,""candidate_high"":null,""candidate_last_valid_at"":null,""candidate_low"":null,""candidate_merge_count"":0,""containment_bars"":0,""containment_ratio"":0.0,""current_state"":""NONE"",""down_escape_attempt_count"":0,""episode_id"":null,""escape_attempt_count"":0,""escape_direction"":""UNKNOWN"",""failed_escape_count"":0,""forming_bars_observed"":0,""forming_invalid_bars"":0,""frozen_high"":null,""frozen_low"":null,""last_escape_direction"":""UNKNOWN"",""last_escape_failed_at"":null,""last_escape_started_at"":null,""marginal_excursion_bars"":0,""meaningful_escape_bars"":0,""outside_close_count"":0,""previous_state"":""NONE"",""range_id"":null,""rearm_bars_elapsed"":0,""rearm_inside_close_count"":0,""rearm_required"":false,""reason_codes"":[""NO_QUALIFIED_ACCEPTED_RANGE""],""reentry_close_count"":0,""source_range_ids"":[],""started_at"":null,""state_age_bars"":0,""state_started_at"":null,""up_escape_attempt_count"":0}","{""balance_attempt_limit_reached"":false,""balance_candidate_bar_expansion_count"":0,""balance_candidate_merge_count"":0,""balance_containment_ratio"":0.0,""balance_down_escape_attempt_count"":0,""balance_escape_attempt_count"":0,""balance_failed_escape_count"":0,""balance_forming_bars_observed"":0,""balance_forming_invalid_bars"":0,""balance_last_escape_direction"":""UNKNOWN"",""balance_last_escape_failed_at"":null,""balance_last_escape_started_at"":null,""balance_marginal_excursion_bars"":0,""balance_meaningful_escape_bars"":0,""balance_rearm_bars_elapsed"":0,""balance_rearm_inside_close_count"":0,""balance_rearm_required"":false,""balance_up_escape_attempt_count"":0,""directional_origin_event_id"":null,""directional_origin_source"":""NONE"",""directional_parent_episode_id"":null,""directional_reversal_watch_age_bars"":0,""directional_start_candidate_bars"":0,""directional_start_candidate_side"":""UNKNOWN"",""observation_accepted_range_id"":""ORB:2026-08-03"",""observation_current_leg_mature"":false,""observation_directional_bias"":""UNKNOWN"",""observation_exhaustion_active"":false,""observation_state"":""UNKNOWN""}","{""balance"":{""attempt_limit_reached"":false,""candidate_bar_expansion_count"":0,""candidate_high"":null,""candidate_last_valid_at"":null,""candidate_low"":null,""candidate_merge_count"":0,""containment_bars"":0,""down_escape_attempt_count"":0,""emitted_event_ids"":[],""episode_id"":null,""escape_attempt_count"":0,""escape_direction"":""UNKNOWN"",""failed_escape_count"":0,""forming_bars_observed"":0,""forming_invalid_bars"":0,""frozen_high"":null,""frozen_low"":null,""last_escape_direction"":""UNKNOWN"",""last_escape_failed_at"":null,""last_escape_started_at"":null,""last_reason_codes"":[""NO_QUALIFIED_ACCEPTED_RANGE""],""marginal_excursion_bars"":0,""meaningful_escape_bars"":0,""outside_close_count"":0,""range_id"":null,""rearm_bars_elapsed"":0,""rearm_inside_close_count"":0,""rearm_required"":false,""reentry_close_count"":0,""sequence"":0,""source_range_ids"":[],""started_at"":null,""state"":""NONE"",""state_age_bars"":0,""state_started_at"":null,""up_escape_attempt_count"":0},""directional"":{""continuation_failure_progress_bars"":0,""continuation_failure_seen"":false,""continuation_failure_seen_at"":null,""direction"":""UNKNOWN"",""emitted_event_ids"":[],""episode_id"":null,""extreme_price"":null,""extreme_time"":null,""first_adverse_bar_close"":null,""first_adverse_bar_level"":null,""first_adverse_bar_time"":null,""inactive_bars"":0,""last_close"":7352.5,""last_observation_state"":""UNKNOWN"",""last_observation_state_time"":""2026-08-03T09:51:00+05:30"",""last_reason_codes"":[""NO_DIRECTIONAL_START""],""opposite_control_bars"":0,""origin_event_id"":null,""origin_price"":null,""origin_source"":""NONE"",""parent_episode_id"":null,""protection_level"":null,""protection_source"":"""",""protection_time"":null,""rejection_seen"":false,""rejection_seen_at"":null,""reversal_confirmation_breach_closes"":0,""reversal_confirmation_level"":null,""reversal_confirmation_level_time"":null,""reversal_confirmation_source"":"""",""reversal_leg_failure_closes"":0,""reversal_leg_progress_atr"":0.0,""reversal_leg_progress_bars"":0,""reversal_watch_age_bars"":0,""sequence"":0,""start_candidate_bars"":0,""start_candidate_side"":""UNKNOWN"",""started_at"":null,""state"":""NONE"",""state_age_bars"":0,""state_started_at"":null,""trend_restore_bars"":0},""evidence_history"":[{""atr"":47.68464386428623,""bar"":{""body_fraction"":0.6158940397350994,""close"":7381.0,""close_position"":0.152317880794702,""direction"":""DOWN"",""high"":7445.0,""low"":7369.5,""lower_wick_fraction"":0.152317880794702,""move_atr"":-0.9751567010197704,""move_points"":-46.5,""open"":7427.5,""snapshot_time"":""2026-08-03T09:18:00+05:30"",""upper_wick_fraction"":0.2317880794701987,""volume"":40337.0},""close"":7381.0,""trend"":{""ema_ref"":7364.6049716773405,""ema_slow"":7381.718819437116,""hma_order"":""SELL"",""hma_spread_atr"":2.9539428582673453}},{""atr"":49.63574073112292,""bar"":{""body_fraction"":0.6060606060606061,""close"":7332.0,""close_position"":0.3939393939393939,""direction"":""DOWN"",""high"":7372.0,""low"":7306.0,""lower_wick_fraction"":0.3939393939393939,""move_atr"":-0.8058709190355438,""move_points"":-40.0,""open"":7372.0,""snapshot_time"":""2026-08-03T09:21:00+05:30"",""upper_wick_fraction"":0.0,""volume"":24784.0},""close"":7332.0,""trend"":{""ema_ref"":7364.280544098462,""ema_slow"":7380.734288359153,""hma_order"":""BUY"",""hma_spread_atr"":2.5395999141753047}},{""atr"":50.126044964614145,""bar"":{""body_fraction"":0.5398230088495575,""close"":7301.0,""close_position"":0.20353982300884957,""direction"":""DOWN"",""high"":7346.0,""low"":7289.5,""lower_wick_fraction"":0.20353982300884957,""move_atr"":-0.6084661181932685,""move_points"":-30.5,""open"":7331.5,""snapshot_time"":""2026-08-03T09:24:00+05:30"",""upper_wick_fraction"":0.25663716814159293,""volume"":17089.0},""close"":7301.0,""trend"":{""ema_ref"":7363.650886943254,""ema_slow"":7379.155391559962,""hma_order"":""BUY"",""hma_spread_atr"":2.510492865403228}},{""atr"":48.331327467141705,""bar"":{""body_fraction"":0.2,""close"":7296.5,""close_position"":0.66,""direction"":""DOWN"",""high"":7305.0,""low"":7280.0,""lower_wick_fraction"":0.66,""move_atr"":-0.10345256921402116,""move_points"":-5.0,""open"":7301.5,""snapshot_time"":""2026-08-03T09:27:00+05:30"",""upper_wick_fraction"":0.14,""volume"":19228.0},""close"":7296.5,""trend"":{""ema_ref"":7362.982718913968,""ema_slow"":7377.518651133031,""hma_order"":""BUY"",""hma_spread_atr"":2.597092117785921}},{""atr"":51.27194693377445,""bar"":{""body_fraction"":0.8770949720670391,""close"":7375.0,""close_position"":0.9441340782122905,""direction"":""UP"",""high"":7380.0,""low"":7290.5,""lower_wick_fraction"":0.0670391061452514,""move_atr"":1.5310516704465065,""move_points"":78.5,""open"":7296.5,""snapshot_time"":""2026-08-03T09:30:00+05:30"",""upper_wick_fraction"":0.055865921787709494,""volume"":20643.0},""close"":7375.0,""trend"":{""ema_ref"":7363.102293850147,""ema_slow"":7377.468776853168,""hma_order"":""BUY"",""hma_spread_atr"":2.4106832085124803}},{""atr"":50.57395072421913,""bar"":{""body_fraction"":0.1566265060240964,""close"":7364.0,""close_position"":0.4819277108433735,""direction"":""DOWN"",""high"":7385.5,""low"":7344.0,""lower_wick_fraction"":0.4819277108433735,""move_atr"":-0.1285246635257871,""move_points"":-6.5,""open"":7370.5,""snapshot_time"":""2026-08-03T09:33:00+05:30"",""upper_wick_fraction"":0.3614457831325301,""volume"":14363.0},""close"":7364.0,""trend"":{""ema_ref"":7363.111226249649,""ema_slow"":7377.202068400631,""hma_order"":""BUY"",""hma_spread_atr"":2.3889705536928414}},{""atr"":48.461525672489195,""bar"":{""body_fraction"":0.07142857142857142,""close"":7363.5,""close_position"":0.1904761904761905,""direction"":""DOWN"",""high"":7380.5,""low"":7359.5,""lower_wick_fraction"":0.1904761904761905,""move_atr"":-0.03095238912074791,""move_points"":-1.5,""open"":7365.0,""snapshot_time"":""2026-08-03T09:36:00+05:30"",""upper_wick_fraction"":0.7380952380952381,""volume"":11340.0},""close"":7363.5,""trend"":{""ema_ref"":7363.115094645175,""ema_slow"":7376.93074031349,""hma_order"":""BUY"",""hma_spread_atr"":2.4298834562910336}},{""atr"":50.46427383873997,""bar"":{""body_fraction"":0.43137254901960786,""close"":7396.5,""close_position"":0.43137254901960786,""direction"":""UP"",""high"":7440.0,""low"":7363.5,""lower_wick_fraction"":0.0,""move_atr"":0.6539279670495695,""move_points"":33.0,""open"":7363.5,""snapshot_time"":""2026-08-03T09:39:00+05:30"",""upper_wick_fraction"":0.5686274509803921,""volume"":38190.0},""close"":7396.5,""trend"":{""ema_ref"":7363.447282758159,""ema_slow"":7377.3182504062925,""hma_order"":""BUY"",""hma_spread_atr"":2.2487900297231076}},{""atr"":51.14539713597283,""bar"":{""body_fraction"":0.9051724137931034,""close"":7342.0,""close_position"":0.09482758620689656,""direction"":""DOWN"",""high"":7394.5,""low"":7336.5,""lower_wick_fraction"":0.09482758620689656,""move_atr"":-1.026485332793993,""move_points"":-52.5,""open"":7394.5,""snapshot_time"":""2026-08-03T09:42:00+05:30"",""upper_wick_fraction"":0.0,""volume"":22990.0},""close"":7342.0,""trend"":{""ema_ref"":7363.233876959571,""ema_slow"":7376.618879111118,""hma_order"":""BUY"",""hma_spread_atr"":2.135307102736866}},{""atr"":48.81358305483191,""bar"":{""body_fraction"":0.08108108108108109,""close"":7342.0,""close_position"":0.6486486486486487,""direction"":""UP"",""high"":7348.5,""low"":7330.0,""lower_wick_fraction"":0.5675675675675675,""move_atr"":0.03072915172637628,""move_points"":1.5,""open"":7340.5,""snapshot_time"":""2026-08-03T09:45:00+05:30"",""upper_wick_fraction"":0.35135135135135137,""volume"":18072.0},""close"":7342.0,""trend"":{""ema_ref"":7363.0225946017645,""ema_slow"":7375.933356752482,""hma_order"":""BUY"",""hma_spread_atr"":2.1498712908389677}},{""atr"":48.11261283662963,""bar"":{""body_fraction"":0.0641025641025641,""close"":7345.0,""close_position"":0.8717948717948718,""direction"":""UP"",""high"":7350.0,""low"":7311.0,""lower_wick_fraction"":0.8076923076923077,""move_atr"":0.051961426590756095,""move_points"":2.5,""open"":7342.5,""snapshot_time"":""2026-08-03T09:48:00+05:30"",""upper_wick_fraction"":0.1282051282051282,""volume"":19161.0},""close"":7345.0,""trend"":{""ema_ref"":7362.843265302245,""ema_slow"":7375.320815034611,""hma_order"":""BUY"",""hma_spread_atr"":2.0935537386963365}},{""atr"":47.2474262054418,""bar"":{""body_fraction"":0.20833333333333337,""close"":7352.5,""close_position"":0.6666666666666666,""direction"":""UP"",""high"":7364.5,""low"":7328.5,""lower_wick_fraction"":0.4583333333333333,""move_atr"":0.1587388055253722,""move_points"":7.5,""open"":7345.0,""snapshot_time"":""2026-08-03T09:51:00+05:30"",""upper_wick_fraction"":0.3333333333333333,""volume"":9991.0},""close"":7352.5,""trend"":{""ema_ref"":7362.740347239536,""ema_slow"":7374.868917707192,""hma_order"":""BUY"",""hma_spread_atr"":2.0434733722616993}}],""last_observation_hash"":""748d0a5e7182e7fede1c9629d72b65adbc0e9a574bd821afcf09d10c205a5cb0"",""last_snapshot_time"":""2026-08-03T09:51:00+05:30"",""observation"":{""compression_box_high"":null,""compression_box_low"":null,""compression_candidate_bars"":0,""current_state"":""UNKNOWN"",""established_side"":""UNKNOWN"",""exhaustion_active"":false,""exhaustion_age_bars"":0,""exhaustion_clear_bars"":0,""exhaustion_last_seen_at"":null,""exhaustion_side"":""UNKNOWN"",""exhaustion_started_at"":null,""failure_breach_bars"":0,""last_close"":7352.5,""last_reason_codes"":[""NO_DIRECTIONAL_OBSERVATION_CONFIRMED"",""OBSERVATION_PROPOSAL_MATCHED_CURRENT"",""OBSERVATION_STATE_UNKNOWN""],""last_snapshot_time"":""2026-08-03T09:51:00+05:30"",""leg_age_bars"":0,""leg_anchor_price"":null,""leg_anchor_time"":null,""leg_extreme_price"":null,""leg_maturity_consumed"":false,""leg_maturity_extreme_price"":null,""leg_maturity_onset_time"":null,""leg_no_progress_bars"":0,""observation_count"":13,""pending_bars"":0,""pending_state"":null,""protection_level"":null,""protection_source"":"""",""protection_time"":null,""pullback_age_bars"":0,""pullback_candidate_bars"":0,""pullback_extreme_price"":null,""reacceleration_age_bars"":0,""recompression_age_bars"":0,""reversal_confirmation_bars"":0,""reversal_side"":""UNKNOWN"",""state_age_bars"":13,""trading_day"":""2026-08-03"",""trend_anchor_price"":null,""trend_candidate_bars"":0,""trend_candidate_side"":""UNKNOWN"",""trend_extreme_price"":null,""trend_failure_age_bars"":0,""trend_onset_time"":null},""symbol"":""ABB"",""trading_day"":""2026-08-03""}"
restoration-v3-current-day,development,restoration-trend-control-v3,backtest-default,OK,,,,ABB,2026-08-03,2026-08-03T09:54:00+05:30,2026-08-03T09:51:00+05:30,SNAPSHOT_AUCTION_AUTHORITY_V3A,3m,True,True,7351.0,2026-08-03T09:54:00,7352.5,7370.0,7334.0,7351.0,6636.0,46.44403861933881,EXPANDING_RANGE,SELL,candidate_boundaries_or_midpoint_still_drifting,RANGE_ACCEPTED,ORB:2026-08-03,7243.0,7445.0,10,ok,UP_ACCELERATING,0.06459386584763607,0.048445399385727055,OK,INCREMENTAL_PREVIOUS_SNAPSHOT,AUTOTRADES_AUCTION_ENGINE,1.1.0,,,UNKNOWN,UNKNOWN,MIXED,False,False,False,UNKNOWN,True,False,False,,,,ORB:2026-08-03,7243.0,7445.0,True,0.5346534653465347,0.13,PRICE_ACTION,0.7255151703427566,NO_DIRECTIONAL_OBSERVATION_CONFIRMED|OBSERVATION_PROPOSAL_MATCHED_CURRENT|OBSERVATION_STATE_UNKNOWN|DYNAMIC_BOUNDARY_UNKNOWN|OBJECTIVE_REJECTION_OBSERVED|OBJECTIVE_ACCEPTED_RANGE_GEOMETRY_PRESENT,,NONE,NONE,UNKNOWN,NONE,,,,,0,,,,,,,,,0,0.0,0,False,NO_DIRECTIONAL_START,0,UNKNOWN,0,0,0,0,0,UNKNOWN,2026-08-03T09:54:00+05:30,NO_DIRECTIONAL_START,,NONE,NONE,0,,,,,,UNKNOWN,0,0,0,0,False,False,NO_QUALIFIED_ACCEPTED_RANGE,0,,,,,,0,,,,,UNASSESSABLE,UNASSESSABLE,UNASSESSABLE,UNASSESSABLE,False,0,False,False,False,True,,COHERENT,[],[],"{""accepted_range_breakout_eligible"":false,""accepted_range_established_at"":""2026-08-03T09:27:00+05:30"",""accepted_range_high"":7445.0,""accepted_range_id"":""ORB:2026-08-03"",""accepted_range_inside"":true,""accepted_range_low"":7243.0,""accepted_range_outside_atr"":0.0,""accepted_range_position"":0.5346534653465347,""accepted_range_provisional"":false,""atr"":46.44403861933881,""close"":7351.0,""current_leg_mature"":false,""directional_bias"":""UNKNOWN"",""directional_efficiency"":0.13,""directional_efficiency_source"":""PRICE_ACTION"",""exhausted_side"":""UNKNOWN"",""exhaustion_active"":false,""extension_mature"":false,""failed_extreme_observed"":false,""high"":7370.0,""low"":7334.0,""observation_state"":""UNKNOWN"",""overlap_ratio"":0.7255151703427566,""range_width_atr"":4.349320300407495,""rejection_observed"":true,""snapshot_time"":""2026-08-03T09:54:00+05:30"",""source_reason_codes"":[""NO_DIRECTIONAL_OBSERVATION_CONFIRMED"",""OBSERVATION_PROPOSAL_MATCHED_CURRENT"",""OBSERVATION_STATE_UNKNOWN"",""DYNAMIC_BOUNDARY_UNKNOWN"",""OBJECTIVE_REJECTION_OBSERVED"",""OBJECTIVE_ACCEPTED_RANGE_GEOMETRY_PRESENT""],""structural_failure_confirmed"":false,""symbol"":""ABB"",""trading_day"":""2026-08-03"",""trend_direction"":""MIXED"",""trend_protection_level"":null,""trend_protection_source"":"""",""trend_protection_time"":null}","{""continuation_failure_seen"":false,""continuation_failure_time"":null,""current_state"":""NONE"",""direction"":""UNKNOWN"",""episode_id"":null,""extreme_price"":null,""extreme_time"":null,""first_adverse_bar_close"":null,""first_adverse_bar_level"":null,""first_adverse_bar_time"":null,""origin_event_id"":null,""origin_price"":null,""origin_source"":""NONE"",""parent_episode_id"":null,""previous_state"":""NONE"",""protection_level"":null,""protection_source"":"""",""reason_codes"":[""NO_DIRECTIONAL_START""],""rejection_seen"":false,""reversal_confirmation_breach_closes"":0,""reversal_confirmation_level"":null,""reversal_confirmation_level_time"":null,""reversal_confirmation_source"":"""",""reversal_leg_failure_closes"":0,""reversal_leg_progress_atr"":0.0,""reversal_leg_progress_bars"":0,""started_at"":null,""state_age_bars"":0,""state_started_at"":null}","{""attempt_limit_reached"":false,""candidate_bar_expansion_count"":0,""candidate_high"":null,""candidate_last_valid_at"":null,""candidate_low"":null,""candidate_merge_count"":0,""containment_bars"":0,""containment_ratio"":0.0,""current_state"":""NONE"",""down_escape_attempt_count"":0,""episode_id"":null,""escape_attempt_count"":0,""escape_direction"":""UNKNOWN"",""failed_escape_count"":0,""forming_bars_observed"":0,""forming_invalid_bars"":0,""frozen_high"":null,""frozen_low"":null,""last_escape_direction"":""UNKNOWN"",""last_escape_failed_at"":null,""last_escape_started_at"":null,""marginal_excursion_bars"":0,""meaningful_escape_bars"":0,""outside_close_count"":0,""previous_state"":""NONE"",""range_id"":null,""rearm_bars_elapsed"":0,""rearm_inside_close_count"":0,""rearm_required"":false,""reason_codes"":[""NO_QUALIFIED_ACCEPTED_RANGE""],""reentry_close_count"":0,""source_range_ids"":[],""started_at"":null,""state_age_bars"":0,""state_started_at"":null,""up_escape_attempt_count"":0}","{""balance_attempt_limit_reached"":false,""balance_candidate_bar_expansion_count"":0,""balance_candidate_merge_count"":0,""balance_containment_ratio"":0.0,""balance_down_escape_attempt_count"":0,""balance_escape_attempt_count"":0,""balance_failed_escape_count"":0,""balance_forming_bars_observed"":0,""balance_forming_invalid_bars"":0,""balance_last_escape_direction"":""UNKNOWN"",""balance_last_escape_failed_at"":null,""balance_last_escape_started_at"":null,""balance_marginal_excursion_bars"":0,""balance_meaningful_escape_bars"":0,""balance_rearm_bars_elapsed"":0,""balance_rearm_inside_close_count"":0,""balance_rearm_required"":false,""balance_up_escape_attempt_count"":0,""directional_origin_event_id"":null,""directional_origin_source"":""NONE"",""directional_parent_episode_id"":null,""directional_reversal_watch_age_bars"":0,""directional_start_candidate_bars"":0,""directional_start_candidate_side"":""UNKNOWN"",""observation_accepted_range_id"":""ORB:2026-08-03"",""observation_current_leg_mature"":false,""observation_directional_bias"":""UNKNOWN"",""observation_exhaustion_active"":false,""observation_state"":""UNKNOWN""}","{""balance"":{""attempt_limit_reached"":false,""candidate_bar_expansion_count"":0,""candidate_high"":null,""candidate_last_valid_at"":null,""candidate_low"":null,""candidate_merge_count"":0,""containment_bars"":0,""down_escape_attempt_count"":0,""emitted_event_ids"":[],""episode_id"":null,""escape_attempt_count"":0,""escape_direction"":""UNKNOWN"",""failed_escape_count"":0,""forming_bars_observed"":0,""forming_invalid_bars"":0,""frozen_high"":null,""frozen_low"":null,""last_escape_direction"":""UNKNOWN"",""last_escape_failed_at"":null,""last_escape_started_at"":null,""last_reason_codes"":[""NO_QUALIFIED_ACCEPTED_RANGE""],""marginal_excursion_bars"":0,""meaningful_escape_bars"":0,""outside_close_count"":0,""range_id"":null,""rearm_bars_elapsed"":0,""rearm_inside_close_count"":0,""rearm_required"":false,""reentry_close_count"":0,""sequence"":0,""source_range_ids"":[],""started_at"":null,""state"":""NONE"",""state_age_bars"":0,""state_started_at"":null,""up_escape_attempt_count"":0},""directional"":{""continuation_failure_progress_bars"":0,""continuation_failure_seen"":false,""continuation_failure_seen_at"":null,""direction"":""UNKNOWN"",""emitted_event_ids"":[],""episode_id"":null,""extreme_price"":null,""extreme_time"":null,""first_adverse_bar_close"":null,""first_adverse_bar_level"":null,""first_adverse_bar_time"":null,""inactive_bars"":0,""last_close"":7351.0,""last_observation_state"":""UNKNOWN"",""last_observation_state_time"":""2026-08-03T09:54:00+05:30"",""last_reason_codes"":[""NO_DIRECTIONAL_START""],""opposite_control_bars"":0,""origin_event_id"":null,""origin_price"":null,""origin_source"":""NONE"",""parent_episode_id"":null,""protection_level"":null,""protection_source"":"""",""protection_time"":null,""rejection_seen"":false,""rejection_seen_at"":null,""reversal_confirmation_breach_closes"":0,""reversal_confirmation_level"":null,""reversal_confirmation_level_time"":null,""reversal_confirmation_source"":"""",""reversal_leg_failure_closes"":0,""reversal_leg_progress_atr"":0.0,""reversal_leg_progress_bars"":0,""reversal_watch_age_bars"":0,""sequence"":0,""start_candidate_bars"":0,""start_candidate_side"":""UNKNOWN"",""started_at"":null,""state"":""NONE"",""state_age_bars"":0,""state_started_at"":null,""trend_restore_bars"":0},""evidence_history"":[{""atr"":49.63574073112292,""bar"":{""body_fraction"":0.6060606060606061,""close"":7332.0,""close_position"":0.3939393939393939,""direction"":""DOWN"",""high"":7372.0,""low"":7306.0,""lower_wick_fraction"":0.3939393939393939,""move_atr"":-0.8058709190355438,""move_points"":-40.0,""open"":7372.0,""snapshot_time"":""2026-08-03T09:21:00+05:30"",""upper_wick_fraction"":0.0,""volume"":24784.0},""close"":7332.0,""trend"":{""ema_ref"":7364.280544098462,""ema_slow"":7380.734288359153,""hma_order"":""BUY"",""hma_spread_atr"":2.5395999141753047}},{""atr"":50.126044964614145,""bar"":{""body_fraction"":0.5398230088495575,""close"":7301.0,""close_position"":0.20353982300884957,""direction"":""DOWN"",""high"":7346.0,""low"":7289.5,""lower_wick_fraction"":0.20353982300884957,""move_atr"":-0.6084661181932685,""move_points"":-30.5,""open"":7331.5,""snapshot_time"":""2026-08-03T09:24:00+05:30"",""upper_wick_fraction"":0.25663716814159293,""volume"":17089.0},""close"":7301.0,""trend"":{""ema_ref"":7363.650886943254,""ema_slow"":7379.155391559962,""hma_order"":""BUY"",""hma_spread_atr"":2.510492865403228}},{""atr"":48.331327467141705,""bar"":{""body_fraction"":0.2,""close"":7296.5,""close_position"":0.66,""direction"":""DOWN"",""high"":7305.0,""low"":7280.0,""lower_wick_fraction"":0.66,""move_atr"":-0.10345256921402116,""move_points"":-5.0,""open"":7301.5,""snapshot_time"":""2026-08-03T09:27:00+05:30"",""upper_wick_fraction"":0.14,""volume"":19228.0},""close"":7296.5,""trend"":{""ema_ref"":7362.982718913968,""ema_slow"":7377.518651133031,""hma_order"":""BUY"",""hma_spread_atr"":2.597092117785921}},{""atr"":51.27194693377445,""bar"":{""body_fraction"":0.8770949720670391,""close"":7375.0,""close_position"":0.9441340782122905,""direction"":""UP"",""high"":7380.0,""low"":7290.5,""lower_wick_fraction"":0.0670391061452514,""move_atr"":1.5310516704465065,""move_points"":78.5,""open"":7296.5,""snapshot_time"":""2026-08-03T09:30:00+05:30"",""upper_wick_fraction"":0.055865921787709494,""volume"":20643.0},""close"":7375.0,""trend"":{""ema_ref"":7363.102293850147,""ema_slow"":7377.468776853168,""hma_order"":""BUY"",""hma_spread_atr"":2.4106832085124803}},{""atr"":50.57395072421913,""bar"":{""body_fraction"":0.1566265060240964,""close"":7364.0,""close_position"":0.4819277108433735,""direction"":""DOWN"",""high"":7385.5,""low"":7344.0,""lower_wick_fraction"":0.4819277108433735,""move_atr"":-0.1285246635257871,""move_points"":-6.5,""open"":7370.5,""snapshot_time"":""2026-08-03T09:33:00+05:30"",""upper_wick_fraction"":0.3614457831325301,""volume"":14363.0},""close"":7364.0,""trend"":{""ema_ref"":7363.111226249649,""ema_slow"":7377.202068400631,""hma_order"":""BUY"",""hma_spread_atr"":2.3889705536928414}},{""atr"":48.461525672489195,""bar"":{""body_fraction"":0.07142857142857142,""close"":7363.5,""close_position"":0.1904761904761905,""direction"":""DOWN"",""high"":7380.5,""low"":7359.5,""lower_wick_fraction"":0.1904761904761905,""move_atr"":-0.03095238912074791,""move_points"":-1.5,""open"":7365.0,""snapshot_time"":""2026-08-03T09:36:00+05:30"",""upper_wick_fraction"":0.7380952380952381,""volume"":11340.0},""close"":7363.5,""trend"":{""ema_ref"":7363.115094645175,""ema_slow"":7376.93074031349,""hma_order"":""BUY"",""hma_spread_atr"":2.4298834562910336}},{""atr"":50.46427383873997,""bar"":{""body_fraction"":0.43137254901960786,""close"":7396.5,""close_position"":0.43137254901960786,""direction"":""UP"",""high"":7440.0,""low"":7363.5,""lower_wick_fraction"":0.0,""move_atr"":0.6539279670495695,""move_points"":33.0,""open"":7363.5,""snapshot_time"":""2026-08-03T09:39:00+05:30"",""upper_wick_fraction"":0.5686274509803921,""volume"":38190.0},""close"":7396.5,""trend"":{""ema_ref"":7363.447282758159,""ema_slow"":7377.3182504062925,""hma_order"":""BUY"",""hma_spread_atr"":2.2487900297231076}},{""atr"":51.14539713597283,""bar"":{""body_fraction"":0.9051724137931034,""close"":7342.0,""close_position"":0.09482758620689656,""direction"":""DOWN"",""high"":7394.5,""low"":7336.5,""lower_wick_fraction"":0.09482758620689656,""move_atr"":-1.026485332793993,""move_points"":-52.5,""open"":7394.5,""snapshot_time"":""2026-08-03T09:42:00+05:30"",""upper_wick_fraction"":0.0,""volume"":22990.0},""close"":7342.0,""trend"":{""ema_ref"":7363.233876959571,""ema_slow"":7376.618879111118,""hma_order"":""BUY"",""hma_spread_atr"":2.135307102736866}},{""atr"":48.81358305483191,""bar"":{""body_fraction"":0.08108108108108109,""close"":7342.0,""close_position"":0.6486486486486487,""direction"":""UP"",""high"":7348.5,""low"":7330.0,""lower_wick_fraction"":0.5675675675675675,""move_atr"":0.03072915172637628,""move_points"":1.5,""open"":7340.5,""snapshot_time"":""2026-08-03T09:45:00+05:30"",""upper_wick_fraction"":0.35135135135135137,""volume"":18072.0},""close"":7342.0,""trend"":{""ema_ref"":7363.0225946017645,""ema_slow"":7375.933356752482,""hma_order"":""BUY"",""hma_spread_atr"":2.1498712908389677}},{""atr"":48.11261283662963,""bar"":{""body_fraction"":0.0641025641025641,""close"":7345.0,""close_position"":0.8717948717948718,""direction"":""UP"",""high"":7350.0,""low"":7311.0,""lower_wick_fraction"":0.8076923076923077,""move_atr"":0.051961426590756095,""move_points"":2.5,""open"":7342.5,""snapshot_time"":""2026-08-03T09:48:00+05:30"",""upper_wick_fraction"":0.1282051282051282,""volume"":19161.0},""close"":7345.0,""trend"":{""ema_ref"":7362.843265302245,""ema_slow"":7375.320815034611,""hma_order"":""BUY"",""hma_spread_atr"":2.0935537386963365}},{""atr"":47.2474262054418,""bar"":{""body_fraction"":0.20833333333333337,""close"":7352.5,""close_position"":0.6666666666666666,""direction"":""UP"",""high"":7364.5,""low"":7328.5,""lower_wick_fraction"":0.4583333333333333,""move_atr"":0.1587388055253722,""move_points"":7.5,""open"":7345.0,""snapshot_time"":""2026-08-03T09:51:00+05:30"",""upper_wick_fraction"":0.3333333333333333,""volume"":9991.0},""close"":7352.5,""trend"":{""ema_ref"":7362.740347239536,""ema_slow"":7374.868917707192,""hma_order"":""BUY"",""hma_spread_atr"":2.0434733722616993}},{""atr"":46.44403861933881,""bar"":{""body_fraction"":0.041666666666666664,""close"":7351.0,""close_position"":0.4722222222222222,""direction"":""DOWN"",""high"":7370.0,""low"":7334.0,""lower_wick_fraction"":0.4722222222222222,""move_atr"":-0.032296932923818036,""move_points"":-1.5,""open"":7352.5,""snapshot_time"":""2026-08-03T09:54:00+05:30"",""upper_wick_fraction"":0.4861111111111111,""volume"":6636.0},""close"":7351.0,""trend"":{""ema_ref"":7362.62352786402,""ema_slow"":7374.396265871405,""hma_order"":""BUY"",""hma_spread_atr"":1.988240505612036}}],""last_observation_hash"":""0a76abf58f4fd0324a02352bf288d1f1026b1f0390b6f42ad93d55bbe8f4fb56"",""last_snapshot_time"":""2026-08-03T09:54:00+05:30"",""observation"":{""compression_box_high"":7370.0,""compression_box_low"":7334.0,""compression_candidate_bars"":1,""current_state"":""UNKNOWN"",""established_side"":""UNKNOWN"",""exhaustion_active"":false,""exhaustion_age_bars"":0,""exhaustion_clear_bars"":0,""exhaustion_last_seen_at"":null,""exhaustion_side"":""UNKNOWN"",""exhaustion_started_at"":null,""failure_breach_bars"":0,""last_close"":7351.0,""last_reason_codes"":[""NO_DIRECTIONAL_OBSERVATION_CONFIRMED"",""OBSERVATION_PROPOSAL_MATCHED_CURRENT"",""OBSERVATION_STATE_UNKNOWN""],""last_snapshot_time"":""2026-08-03T09:54:00+05:30"",""leg_age_bars"":0,""leg_anchor_price"":null,""leg_anchor_time"":null,""leg_extreme_price"":null,""leg_maturity_consumed"":false,""leg_maturity_extreme_price"":null,""leg_maturity_onset_time"":null,""leg_no_progress_bars"":0,""observation_count"":14,""pending_bars"":0,""pending_state"":null,""protection_level"":null,""protection_source"":"""",""protection_time"":null,""pullback_age_bars"":0,""pullback_candidate_bars"":0,""pullback_extreme_price"":null,""reacceleration_age_bars"":0,""recompression_age_bars"":0,""reversal_confirmation_bars"":0,""reversal_side"":""UNKNOWN"",""state_age_bars"":14,""trading_day"":""2026-08-03"",""trend_anchor_price"":null,""trend_candidate_bars"":0,""trend_candidate_side"":""UNKNOWN"",""trend_extreme_price"":null,""trend_failure_age_bars"":0,""trend_onset_time"":null},""symbol"":""ABB"",""trading_day"":""2026-08-03""}"
restoration-v3-current-day,development,restoration-trend-control-v3,backtest-default,OK,,,,ABB,2026-08-03,2026-08-03T09:57:00+05:30,2026-08-03T09:54:00+05:30,SNAPSHOT_AUCTION_AUTHORITY_V3A,3m,True,True,7341.5,2026-08-03T09:57:00,7352.5,7362.0,7335.0,7341.5,6288.0,45.055178717957475,EXPANDING_RANGE,SELL,candidate_boundaries_or_midpoint_still_drifting,RANGE_ACCEPTED,ORB:2026-08-03,7243.0,7445.0,11,ok,DOWN_ACCELERATING,-0.12207253764166928,-0.002774375855492483,OK,INCREMENTAL_PREVIOUS_SNAPSHOT,AUTOTRADES_AUCTION_ENGINE,1.1.0,,,UNKNOWN,UNKNOWN,UP,False,False,False,UNKNOWN,False,False,False,,,,ORB:2026-08-03,7243.0,7445.0,True,0.4876237623762376,0.2018348623853211,PRICE_ACTION,0.8186186186186187,NO_DIRECTIONAL_OBSERVATION_CONFIRMED|OBSERVATION_PROPOSAL_MATCHED_CURRENT|OBSERVATION_STATE_UNKNOWN|DYNAMIC_BOUNDARY_UNKNOWN|OBJECTIVE_ACCEPTED_RANGE_GEOMETRY_PRESENT,,NONE,NONE,UNKNOWN,NONE,,,,,0,,,,,,,,,0,0.0,0,False,NO_DIRECTIONAL_START,0,UNKNOWN,0,0,0,0,0,UNKNOWN,2026-08-03T09:57:00+05:30,NO_DIRECTIONAL_START,,NONE,NONE,0,,,,,,UNKNOWN,0,0,0,0,False,False,NO_QUALIFIED_ACCEPTED_RANGE,0,,,,,,0,,,,,UNASSESSABLE,UNASSESSABLE,UNASSESSABLE,CONFLICT,False,0,False,False,False,True,,COHERENT,[],[],"{""accepted_range_breakout_eligible"":false,""accepted_range_established_at"":""2026-08-03T09:27:00+05:30"",""accepted_range_high"":7445.0,""accepted_range_id"":""ORB:2026-08-03"",""accepted_range_inside"":true,""accepted_range_low"":7243.0,""accepted_range_outside_atr"":0.0,""accepted_range_position"":0.4876237623762376,""accepted_range_provisional"":false,""atr"":45.055178717957475,""close"":7341.5,""current_leg_mature"":false,""directional_bias"":""UNKNOWN"",""directional_efficiency"":0.2018348623853211,""directional_efficiency_source"":""PRICE_ACTION"",""exhausted_side"":""UNKNOWN"",""exhaustion_active"":false,""extension_mature"":false,""failed_extreme_observed"":false,""high"":7362.0,""low"":7335.0,""observation_state"":""UNKNOWN"",""overlap_ratio"":0.8186186186186187,""range_width_atr"":4.483391382475853,""rejection_observed"":false,""snapshot_time"":""2026-08-03T09:57:00+05:30"",""source_reason_codes"":[""NO_DIRECTIONAL_OBSERVATION_CONFIRMED"",""OBSERVATION_PROPOSAL_MATCHED_CURRENT"",""OBSERVATION_STATE_UNKNOWN"",""DYNAMIC_BOUNDARY_UNKNOWN"",""OBJECTIVE_ACCEPTED_RANGE_GEOMETRY_PRESENT""],""structural_failure_confirmed"":false,""symbol"":""ABB"",""trading_day"":""2026-08-03"",""trend_direction"":""UP"",""trend_protection_level"":null,""trend_protection_source"":"""",""trend_protection_time"":null}","{""continuation_failure_seen"":false,""continuation_failure_time"":null,""current_state"":""NONE"",""direction"":""UNKNOWN"",""episode_id"":null,""extreme_price"":null,""extreme_time"":null,""first_adverse_bar_close"":null,""first_adverse_bar_level"":null,""first_adverse_bar_time"":null,""origin_event_id"":null,""origin_price"":null,""origin_source"":""NONE"",""parent_episode_id"":null,""previous_state"":""NONE"",""protection_level"":null,""protection_source"":"""",""reason_codes"":[""NO_DIRECTIONAL_START""],""rejection_seen"":false,""reversal_confirmation_breach_closes"":0,""reversal_confirmation_level"":null,""reversal_confirmation_level_time"":null,""reversal_confirmation_source"":"""",""reversal_leg_failure_closes"":0,""reversal_leg_progress_atr"":0.0,""reversal_leg_progress_bars"":0,""started_at"":null,""state_age_bars"":0,""state_started_at"":null}","{""attempt_limit_reached"":false,""candidate_bar_expansion_count"":0,""candidate_high"":null,""candidate_last_valid_at"":null,""candidate_low"":null,""candidate_merge_count"":0,""containment_bars"":0,""containment_ratio"":0.0,""current_state"":""NONE"",""down_escape_attempt_count"":0,""episode_id"":null,""escape_attempt_count"":0,""escape_direction"":""UNKNOWN"",""failed_escape_count"":0,""forming_bars_observed"":0,""forming_invalid_bars"":0,""frozen_high"":null,""frozen_low"":null,""last_escape_direction"":""UNKNOWN"",""last_escape_failed_at"":null,""last_escape_started_at"":null,""marginal_excursion_bars"":0,""meaningful_escape_bars"":0,""outside_close_count"":0,""previous_state"":""NONE"",""range_id"":null,""rearm_bars_elapsed"":0,""rearm_inside_close_count"":0,""rearm_required"":false,""reason_codes"":[""NO_QUALIFIED_ACCEPTED_RANGE""],""reentry_close_count"":0,""source_range_ids"":[],""started_at"":null,""state_age_bars"":0,""state_started_at"":null,""up_escape_attempt_count"":0}","{""balance_attempt_limit_reached"":false,""balance_candidate_bar_expansion_count"":0,""balance_candidate_merge_count"":0,""balance_containment_ratio"":0.0,""balance_down_escape_attempt_count"":0,""balance_escape_attempt_count"":0,""balance_failed_escape_count"":0,""balance_forming_bars_observed"":0,""balance_forming_invalid_bars"":0,""balance_last_escape_direction"":""UNKNOWN"",""balance_last_escape_failed_at"":null,""balance_last_escape_started_at"":null,""balance_marginal_excursion_bars"":0,""balance_meaningful_escape_bars"":0,""balance_rearm_bars_elapsed"":0,""balance_rearm_inside_close_count"":0,""balance_rearm_required"":false,""balance_up_escape_attempt_count"":0,""directional_origin_event_id"":null,""directional_origin_source"":""NONE"",""directional_parent_episode_id"":null,""directional_reversal_watch_age_bars"":0,""directional_start_candidate_bars"":0,""directional_start_candidate_side"":""UNKNOWN"",""observation_accepted_range_id"":""ORB:2026-08-03"",""observation_current_leg_mature"":false,""observation_directional_bias"":""UNKNOWN"",""observation_exhaustion_active"":false,""observation_state"":""UNKNOWN""}","{""balance"":{""attempt_limit_reached"":false,""candidate_bar_expansion_count"":0,""candidate_high"":null,""candidate_last_valid_at"":null,""candidate_low"":null,""candidate_merge_count"":0,""containment_bars"":0,""down_escape_attempt_count"":0,""emitted_event_ids"":[],""episode_id"":null,""escape_attempt_count"":0,""escape_direction"":""UNKNOWN"",""failed_escape_count"":0,""forming_bars_observed"":0,""forming_invalid_bars"":0,""frozen_high"":null,""frozen_low"":null,""last_escape_direction"":""UNKNOWN"",""last_escape_failed_at"":null,""last_escape_started_at"":null,""last_reason_codes"":[""NO_QUALIFIED_ACCEPTED_RANGE""],""marginal_excursion_bars"":0,""meaningful_escape_bars"":0,""outside_close_count"":0,""range_id"":null,""rearm_bars_elapsed"":0,""rearm_inside_close_count"":0,""rearm_required"":false,""reentry_close_count"":0,""sequence"":0,""source_range_ids"":[],""started_at"":null,""state"":""NONE"",""state_age_bars"":0,""state_started_at"":null,""up_escape_attempt_count"":0},""directional"":{""continuation_failure_progress_bars"":0,""continuation_failure_seen"":false,""continuation_failure_seen_at"":null,""direction"":""UNKNOWN"",""emitted_event_ids"":[],""episode_id"":null,""extreme_price"":null,""extreme_time"":null,""first_adverse_bar_close"":null,""first_adverse_bar_level"":null,""first_adverse_bar_time"":null,""inactive_bars"":0,""last_close"":7341.5,""last_observation_state"":""UNKNOWN"",""last_observation_state_time"":""2026-08-03T09:57:00+05:30"",""last_reason_codes"":[""NO_DIRECTIONAL_START""],""opposite_control_bars"":0,""origin_event_id"":null,""origin_price"":null,""origin_source"":""NONE"",""parent_episode_id"":null,""protection_level"":null,""protection_source"":"""",""protection_time"":null,""rejection_seen"":false,""rejection_seen_at"":null,""reversal_confirmation_breach_closes"":0,""reversal_confirmation_level"":null,""reversal_confirmation_level_time"":null,""reversal_confirmation_source"":"""",""reversal_leg_failure_closes"":0,""reversal_leg_progress_atr"":0.0,""reversal_leg_progress_bars"":0,""reversal_watch_age_bars"":0,""sequence"":0,""start_candidate_bars"":0,""start_candidate_side"":""UNKNOWN"",""started_at"":null,""state"":""NONE"",""state_age_bars"":0,""state_started_at"":null,""trend_restore_bars"":0},""evidence_history"":[{""atr"":50.126044964614145,""bar"":{""body_fraction"":0.5398230088495575,""close"":7301.0,""close_position"":0.20353982300884957,""direction"":""DOWN"",""high"":7346.0,""low"":7289.5,""lower_wick_fraction"":0.20353982300884957,""move_atr"":-0.6084661181932685,""move_points"":-30.5,""open"":7331.5,""snapshot_time"":""2026-08-03T09:24:00+05:30"",""upper_wick_fraction"":0.25663716814159293,""volume"":17089.0},""close"":7301.0,""trend"":{""ema_ref"":7363.650886943254,""ema_slow"":7379.155391559962,""hma_order"":""BUY"",""hma_spread_atr"":2.510492865403228}},{""atr"":48.331327467141705,""bar"":{""body_fraction"":0.2,""close"":7296.5,""close_position"":0.66,""direction"":""DOWN"",""high"":7305.0,""low"":7280.0,""lower_wick_fraction"":0.66,""move_atr"":-0.10345256921402116,""move_points"":-5.0,""open"":7301.5,""snapshot_time"":""2026-08-03T09:27:00+05:30"",""upper_wick_fraction"":0.14,""volume"":19228.0},""close"":7296.5,""trend"":{""ema_ref"":7362.982718913968,""ema_slow"":7377.518651133031,""hma_order"":""BUY"",""hma_spread_atr"":2.597092117785921}},{""atr"":51.27194693377445,""bar"":{""body_fraction"":0.8770949720670391,""close"":7375.0,""close_position"":0.9441340782122905,""direction"":""UP"",""high"":7380.0,""low"":7290.5,""lower_wick_fraction"":0.0670391061452514,""move_atr"":1.5310516704465065,""move_points"":78.5,""open"":7296.5,""snapshot_time"":""2026-08-03T09:30:00+05:30"",""upper_wick_fraction"":0.055865921787709494,""volume"":20643.0},""close"":7375.0,""trend"":{""ema_ref"":7363.102293850147,""ema_slow"":7377.468776853168,""hma_order"":""BUY"",""hma_spread_atr"":2.4106832085124803}},{""atr"":50.57395072421913,""bar"":{""body_fraction"":0.1566265060240964,""close"":7364.0,""close_position"":0.4819277108433735,""direction"":""DOWN"",""high"":7385.5,""low"":7344.0,""lower_wick_fraction"":0.4819277108433735,""move_atr"":-0.1285246635257871,""move_points"":-6.5,""open"":7370.5,""snapshot_time"":""2026-08-03T09:33:00+05:30"",""upper_wick_fraction"":0.3614457831325301,""volume"":14363.0},""close"":7364.0,""trend"":{""ema_ref"":7363.111226249649,""ema_slow"":7377.202068400631,""hma_order"":""BUY"",""hma_spread_atr"":2.3889705536928414}},{""atr"":48.461525672489195,""bar"":{""body_fraction"":0.07142857142857142,""close"":7363.5,""close_position"":0.1904761904761905,""direction"":""DOWN"",""high"":7380.5,""low"":7359.5,""lower_wick_fraction"":0.1904761904761905,""move_atr"":-0.03095238912074791,""move_points"":-1.5,""open"":7365.0,""snapshot_time"":""2026-08-03T09:36:00+05:30"",""upper_wick_fraction"":0.7380952380952381,""volume"":11340.0},""close"":7363.5,""trend"":{""ema_ref"":7363.115094645175,""ema_slow"":7376.93074031349,""hma_order"":""BUY"",""hma_spread_atr"":2.4298834562910336}},{""atr"":50.46427383873997,""bar"":{""body_fraction"":0.43137254901960786,""close"":7396.5,""close_position"":0.43137254901960786,""direction"":""UP"",""high"":7440.0,""low"":7363.5,""lower_wick_fraction"":0.0,""move_atr"":0.6539279670495695,""move_points"":33.0,""open"":7363.5,""snapshot_time"":""2026-08-03T09:39:00+05:30"",""upper_wick_fraction"":0.5686274509803921,""volume"":38190.0},""close"":7396.5,""trend"":{""ema_ref"":7363.447282758159,""ema_slow"":7377.3182504062925,""hma_order"":""BUY"",""hma_spread_atr"":2.2487900297231076}},{""atr"":51.14539713597283,""bar"":{""body_fraction"":0.9051724137931034,""close"":7342.0,""close_position"":0.09482758620689656,""direction"":""DOWN"",""high"":7394.5,""low"":7336.5,""lower_wick_fraction"":0.09482758620689656,""move_atr"":-1.026485332793993,""move_points"":-52.5,""open"":7394.5,""snapshot_time"":""2026-08-03T09:42:00+05:30"",""upper_wick_fraction"":0.0,""volume"":22990.0},""close"":7342.0,""trend"":{""ema_ref"":7363.233876959571,""ema_slow"":7376.618879111118,""hma_order"":""BUY"",""hma_spread_atr"":2.135307102736866}},{""atr"":48.81358305483191,""bar"":{""body_fraction"":0.08108108108108109,""close"":7342.0,""close_position"":0.6486486486486487,""direction"":""UP"",""high"":7348.5,""low"":7330.0,""lower_wick_fraction"":0.5675675675675675,""move_atr"":0.03072915172637628,""move_points"":1.5,""open"":7340.5,""snapshot_time"":""2026-08-03T09:45:00+05:30"",""upper_wick_fraction"":0.35135135135135137,""volume"":18072.0},""close"":7342.0,""trend"":{""ema_ref"":7363.0225946017645,""ema_slow"":7375.933356752482,""hma_order"":""BUY"",""hma_spread_atr"":2.1498712908389677}},{""atr"":48.11261283662963,""bar"":{""body_fraction"":0.0641025641025641,""close"":7345.0,""close_position"":0.8717948717948718,""direction"":""UP"",""high"":7350.0,""low"":7311.0,""lower_wick_fraction"":0.8076923076923077,""move_atr"":0.051961426590756095,""move_points"":2.5,""open"":7342.5,""snapshot_time"":""2026-08-03T09:48:00+05:30"",""upper_wick_fraction"":0.1282051282051282,""volume"":19161.0},""close"":7345.0,""trend"":{""ema_ref"":7362.843265302245,""ema_slow"":7375.320815034611,""hma_order"":""BUY"",""hma_spread_atr"":2.0935537386963365}},{""atr"":47.2474262054418,""bar"":{""body_fraction"":0.20833333333333337,""close"":7352.5,""close_position"":0.6666666666666666,""direction"":""UP"",""high"":7364.5,""low"":7328.5,""lower_wick_fraction"":0.4583333333333333,""move_atr"":0.1587388055253722,""move_points"":7.5,""open"":7345.0,""snapshot_time"":""2026-08-03T09:51:00+05:30"",""upper_wick_fraction"":0.3333333333333333,""volume"":9991.0},""close"":7352.5,""trend"":{""ema_ref"":7362.740347239536,""ema_slow"":7374.868917707192,""hma_order"":""BUY"",""hma_spread_atr"":2.0434733722616993}},{""atr"":46.44403861933881,""bar"":{""body_fraction"":0.041666666666666664,""close"":7351.0,""close_position"":0.4722222222222222,""direction"":""DOWN"",""high"":7370.0,""low"":7334.0,""lower_wick_fraction"":0.4722222222222222,""move_atr"":-0.032296932923818036,""move_points"":-1.5,""open"":7352.5,""snapshot_time"":""2026-08-03T09:54:00+05:30"",""upper_wick_fraction"":0.4861111111111111,""volume"":6636.0},""close"":7351.0,""trend"":{""ema_ref"":7362.62352786402,""ema_slow"":7374.396265871405,""hma_order"":""BUY"",""hma_spread_atr"":1.988240505612036}},{""atr"":45.055178717957475,""bar"":{""body_fraction"":0.4074074074074074,""close"":7341.5,""close_position"":0.24074074074074073,""direction"":""DOWN"",""high"":7362.0,""low"":7335.0,""lower_wick_fraction"":0.24074074074074073,""move_atr"":-0.24414507528333856,""move_points"":-11.0,""open"":7352.5,""snapshot_time"":""2026-08-03T09:57:00+05:30"",""upper_wick_fraction"":0.35185185185185186,""volume"":6288.0},""close"":7341.5,""trend"":{""ema_ref"":7362.413343507164,""ema_slow"":7373.744854666032,""hma_order"":""BUY"",""hma_spread_atr"":1.9593282240479009}}],""last_observation_hash"":""e34d44cc56ce0bc91c900d9db7c763e862ecd8b84f7e84f59e164d13b6035cd4"",""last_snapshot_time"":""2026-08-03T09:57:00+05:30"",""observation"":{""compression_box_high"":7370.0,""compression_box_low"":7334.0,""compression_candidate_bars"":2,""current_state"":""UNKNOWN"",""established_side"":""UNKNOWN"",""exhaustion_active"":false,""exhaustion_age_bars"":0,""exhaustion_clear_bars"":0,""exhaustion_last_seen_at"":null,""exhaustion_side"":""UNKNOWN"",""exhaustion_started_at"":null,""failure_breach_bars"":0,""last_close"":7341.5,""last_reason_codes"":[""NO_DIRECTIONAL_OBSERVATION_CONFIRMED"",""OBSERVATION_PROPOSAL_MATCHED_CURRENT"",""OBSERVATION_STATE_UNKNOWN""],""last_snapshot_time"":""2026-08-03T09:57:00+05:30"",""leg_age_bars"":0,""leg_anchor_price"":null,""leg_anchor_time"":null,""leg_extreme_price"":null,""leg_maturity_consumed"":false,""leg_maturity_extreme_price"":null,""leg_maturity_onset_time"":null,""leg_no_progress_bars"":0,""observation_count"":15,""pending_bars"":0,""pending_state"":null,""protection_level"":null,""protection_source"":"""",""protection_time"":null,""pullback_age_bars"":0,""pullback_candidate_bars"":0,""pullback_extreme_price"":null,""reacceleration_age_bars"":0,""recompression_age_bars"":0,""reversal_confirmation_bars"":0,""reversal_side"":""UNKNOWN"",""state_age_bars"":15,""trading_day"":""2026-08-03"",""trend_anchor_price"":null,""trend_candidate_bars"":0,""trend_candidate_side"":""UNKNOWN"",""trend_extreme_price"":null,""trend_failure_age_bars"":0,""trend_onset_time"":null},""symbol"":""ABB"",""trading_day"":""2026-08-03""}"
restoration-v3-current-day,development,restoration-trend-control-v3,backtest-default,OK,,,,ABB,2026-08-03,2026-08-03T10:00:00+05:30,2026-08-03T09:57:00+05:30,SNAPSHOT_AUCTION_AUTHORITY_V3A,3m,True,True,7331.0,2026-08-03T10:00:00,7341.5,7341.5,7317.0,7331.0,6634.0,43.5869516666748,BALANCE_QUALIFIED,SELL,dynamic_balance_waiting_for_stable_historical_cutoff,RANGE_ACCEPTED,ORB:2026-08-03,7243.0,7445.0,12,ok,DOWN_ACCELERATING,-0.22942645947056864,-0.08029926081469903,OK,INCREMENTAL_PREVIOUS_SNAPSHOT,AUTOTRADES_AUCTION_ENGINE,1.1.0,,,UNKNOWN,DOWN,DOWN,False,False,False,UNKNOWN,True,False,False,,,,ORB:2026-08-03,7243.0,7445.0,True,0.4356435643564357,0.7572254335260116,PRICE_ACTION,0.7419501133786849,NO_DIRECTIONAL_OBSERVATION_CONFIRMED|OBSERVATION_PROPOSAL_MATCHED_CURRENT|OBSERVATION_STATE_UNKNOWN|DYNAMIC_BOUNDARY_UNKNOWN|OBJECTIVE_REJECTION_OBSERVED|OBJECTIVE_ACCEPTED_RANGE_GEOMETRY_PRESENT,,NONE,NONE,UNKNOWN,NONE,,,,,0,,,,,,,,,0,0.0,0,False,NO_DIRECTIONAL_START,0,UNKNOWN,0,0,0,0,0,UNKNOWN,2026-08-03T10:00:00+05:30,NO_DIRECTIONAL_START,,NONE,NONE,0,,,,,,UNKNOWN,0,0,0,0,False,False,NO_QUALIFIED_ACCEPTED_RANGE,0,,,,,,0,,,,,UNASSESSABLE,UNASSESSABLE,UNASSESSABLE,MATCH,False,0,False,False,False,True,,COHERENT,[],[],"{""accepted_range_breakout_eligible"":false,""accepted_range_established_at"":""2026-08-03T09:27:00+05:30"",""accepted_range_high"":7445.0,""accepted_range_id"":""ORB:2026-08-03"",""accepted_range_inside"":true,""accepted_range_low"":7243.0,""accepted_range_outside_atr"":0.0,""accepted_range_position"":0.4356435643564357,""accepted_range_provisional"":false,""atr"":43.5869516666748,""close"":7331.0,""current_leg_mature"":false,""directional_bias"":""DOWN"",""directional_efficiency"":0.7572254335260116,""directional_efficiency_source"":""PRICE_ACTION"",""exhausted_side"":""UNKNOWN"",""exhaustion_active"":false,""extension_mature"":false,""failed_extreme_observed"":false,""high"":7341.5,""low"":7317.0,""observation_state"":""UNKNOWN"",""overlap_ratio"":0.7419501133786849,""range_width_atr"":4.634414481305487,""rejection_observed"":true,""snapshot_time"":""2026-08-03T10:00:00+05:30"",""source_reason_codes"":[""NO_DIRECTIONAL_OBSERVATION_CONFIRMED"",""OBSERVATION_PROPOSAL_MATCHED_CURRENT"",""OBSERVATION_STATE_UNKNOWN"",""DYNAMIC_BOUNDARY_UNKNOWN"",""OBJECTIVE_REJECTION_OBSERVED"",""OBJECTIVE_ACCEPTED_RANGE_GEOMETRY_PRESENT""],""structural_failure_confirmed"":false,""symbol"":""ABB"",""trading_day"":""2026-08-03"",""trend_direction"":""DOWN"",""trend_protection_level"":null,""trend_protection_source"":"""",""trend_protection_time"":null}","{""continuation_failure_seen"":false,""continuation_failure_time"":null,""current_state"":""NONE"",""direction"":""UNKNOWN"",""episode_id"":null,""extreme_price"":null,""extreme_time"":null,""first_adverse_bar_close"":null,""first_adverse_bar_level"":null,""first_adverse_bar_time"":null,""origin_event_id"":null,""origin_price"":null,""origin_source"":""NONE"",""parent_episode_id"":null,""previous_state"":""NONE"",""protection_level"":null,""protection_source"":"""",""reason_codes"":[""NO_DIRECTIONAL_START""],""rejection_seen"":false,""reversal_confirmation_breach_closes"":0,""reversal_confirmation_level"":null,""reversal_confirmation_level_time"":null,""reversal_confirmation_source"":"""",""reversal_leg_failure_closes"":0,""reversal_leg_progress_atr"":0.0,""reversal_leg_progress_bars"":0,""started_at"":null,""state_age_bars"":0,""state_started_at"":null}","{""attempt_limit_reached"":false,""candidate_bar_expansion_count"":0,""candidate_high"":null,""candidate_last_valid_at"":null,""candidate_low"":null,""candidate_merge_count"":0,""containment_bars"":0,""containment_ratio"":0.0,""current_state"":""NONE"",""down_escape_attempt_count"":0,""episode_id"":null,""escape_attempt_count"":0,""escape_direction"":""UNKNOWN"",""failed_escape_count"":0,""forming_bars_observed"":0,""forming_invalid_bars"":0,""frozen_high"":null,""frozen_low"":null,""last_escape_direction"":""UNKNOWN"",""last_escape_failed_at"":null,""last_escape_started_at"":null,""marginal_excursion_bars"":0,""meaningful_escape_bars"":0,""outside_close_count"":0,""previous_state"":""NONE"",""range_id"":null,""rearm_bars_elapsed"":0,""rearm_inside_close_count"":0,""rearm_required"":false,""reason_codes"":[""NO_QUALIFIED_ACCEPTED_RANGE""],""reentry_close_count"":0,""source_range_ids"":[],""started_at"":null,""state_age_bars"":0,""state_started_at"":null,""up_escape_attempt_count"":0}","{""balance_attempt_limit_reached"":false,""balance_candidate_bar_expansion_count"":0,""balance_candidate_merge_count"":0,""balance_containment_ratio"":0.0,""balance_down_escape_attempt_count"":0,""balance_escape_attempt_count"":0,""balance_failed_escape_count"":0,""balance_forming_bars_observed"":0,""balance_forming_invalid_bars"":0,""balance_last_escape_direction"":""UNKNOWN"",""balance_last_escape_failed_at"":null,""balance_last_escape_started_at"":null,""balance_marginal_excursion_bars"":0,""balance_meaningful_escape_bars"":0,""balance_rearm_bars_elapsed"":0,""balance_rearm_inside_close_count"":0,""balance_rearm_required"":false,""balance_up_escape_attempt_count"":0,""directional_origin_event_id"":null,""directional_origin_source"":""NONE"",""directional_parent_episode_id"":null,""directional_reversal_watch_age_bars"":0,""directional_start_candidate_bars"":0,""directional_start_candidate_side"":""UNKNOWN"",""observation_accepted_range_id"":""ORB:2026-08-03"",""observation_current_leg_mature"":false,""observation_directional_bias"":""DOWN"",""observation_exhaustion_active"":false,""observation_state"":""UNKNOWN""}","{""balance"":{""attempt_limit_reached"":false,""candidate_bar_expansion_count"":0,""candidate_high"":null,""candidate_last_valid_at"":null,""candidate_low"":null,""candidate_merge_count"":0,""containment_bars"":0,""down_escape_attempt_count"":0,""emitted_event_ids"":[],""episode_id"":null,""escape_attempt_count"":0,""escape_direction"":""UNKNOWN"",""failed_escape_count"":0,""forming_bars_observed"":0,""forming_invalid_bars"":0,""frozen_high"":null,""frozen_low"":null,""last_escape_direction"":""UNKNOWN"",""last_escape_failed_at"":null,""last_escape_started_at"":null,""last_reason_codes"":[""NO_QUALIFIED_ACCEPTED_RANGE""],""marginal_excursion_bars"":0,""meaningful_escape_bars"":0,""outside_close_count"":0,""range_id"":null,""rearm_bars_elapsed"":0,""rearm_inside_close_count"":0,""rearm_required"":false,""reentry_close_count"":0,""sequence"":0,""source_range_ids"":[],""started_at"":null,""state"":""NONE"",""state_age_bars"":0,""state_started_at"":null,""up_escape_attempt_count"":0},""directional"":{""continuation_failure_progress_bars"":0,""continuation_failure_seen"":false,""continuation_failure_seen_at"":null,""direction"":""UNKNOWN"",""emitted_event_ids"":[],""episode_id"":null,""extreme_price"":null,""extreme_time"":null,""first_adverse_bar_close"":null,""first_adverse_bar_level"":null,""first_adverse_bar_time"":null,""inactive_bars"":0,""last_close"":7331.0,""last_observation_state"":""UNKNOWN"",""last_observation_state_time"":""2026-08-03T10:00:00+05:30"",""last_reason_codes"":[""NO_DIRECTIONAL_START""],""opposite_control_bars"":0,""origin_event_id"":null,""origin_price"":null,""origin_source"":""NONE"",""parent_episode_id"":null,""protection_level"":null,""protection_source"":"""",""protection_time"":null,""rejection_seen"":false,""rejection_seen_at"":null,""reversal_confirmation_breach_closes"":0,""reversal_confirmation_level"":null,""reversal_confirmation_level_time"":null,""reversal_confirmation_source"":"""",""reversal_leg_failure_closes"":0,""reversal_leg_progress_atr"":0.0,""reversal_leg_progress_bars"":0,""reversal_watch_age_bars"":0,""sequence"":0,""start_candidate_bars"":0,""start_candidate_side"":""UNKNOWN"",""started_at"":null,""state"":""NONE"",""state_age_bars"":0,""state_started_at"":null,""trend_restore_bars"":0},""evidence_history"":[{""atr"":48.331327467141705,""bar"":{""body_fraction"":0.2,""close"":7296.5,""close_position"":0.66,""direction"":""DOWN"",""high"":7305.0,""low"":7280.0,""lower_wick_fraction"":0.66,""move_atr"":-0.10345256921402116,""move_points"":-5.0,""open"":7301.5,""snapshot_time"":""2026-08-03T09:27:00+05:30"",""upper_wick_fraction"":0.14,""volume"":19228.0},""close"":7296.5,""trend"":{""ema_ref"":7362.982718913968,""ema_slow"":7377.518651133031,""hma_order"":""BUY"",""hma_spread_atr"":2.597092117785921}},{""atr"":51.27194693377445,""bar"":{""body_fraction"":0.8770949720670391,""close"":7375.0,""close_position"":0.9441340782122905,""direction"":""UP"",""high"":7380.0,""low"":7290.5,""lower_wick_fraction"":0.0670391061452514,""move_atr"":1.5310516704465065,""move_points"":78.5,""open"":7296.5,""snapshot_time"":""2026-08-03T09:30:00+05:30"",""upper_wick_fraction"":0.055865921787709494,""volume"":20643.0},""close"":7375.0,""trend"":{""ema_ref"":7363.102293850147,""ema_slow"":7377.468776853168,""hma_order"":""BUY"",""hma_spread_atr"":2.4106832085124803}},{""atr"":50.57395072421913,""bar"":{""body_fraction"":0.1566265060240964,""close"":7364.0,""close_position"":0.4819277108433735,""direction"":""DOWN"",""high"":7385.5,""low"":7344.0,""lower_wick_fraction"":0.4819277108433735,""move_atr"":-0.1285246635257871,""move_points"":-6.5,""open"":7370.5,""snapshot_time"":""2026-08-03T09:33:00+05:30"",""upper_wick_fraction"":0.3614457831325301,""volume"":14363.0},""close"":7364.0,""trend"":{""ema_ref"":7363.111226249649,""ema_slow"":7377.202068400631,""hma_order"":""BUY"",""hma_spread_atr"":2.3889705536928414}},{""atr"":48.461525672489195,""bar"":{""body_fraction"":0.07142857142857142,""close"":7363.5,""close_position"":0.1904761904761905,""direction"":""DOWN"",""high"":7380.5,""low"":7359.5,""lower_wick_fraction"":0.1904761904761905,""move_atr"":-0.03095238912074791,""move_points"":-1.5,""open"":7365.0,""snapshot_time"":""2026-08-03T09:36:00+05:30"",""upper_wick_fraction"":0.7380952380952381,""volume"":11340.0},""close"":7363.5,""trend"":{""ema_ref"":7363.115094645175,""ema_slow"":7376.93074031349,""hma_order"":""BUY"",""hma_spread_atr"":2.4298834562910336}},{""atr"":50.46427383873997,""bar"":{""body_fraction"":0.43137254901960786,""close"":7396.5,""close_position"":0.43137254901960786,""direction"":""UP"",""high"":7440.0,""low"":7363.5,""lower_wick_fraction"":0.0,""move_atr"":0.6539279670495695,""move_points"":33.0,""open"":7363.5,""snapshot_time"":""2026-08-03T09:39:00+05:30"",""upper_wick_fraction"":0.5686274509803921,""volume"":38190.0},""close"":7396.5,""trend"":{""ema_ref"":7363.447282758159,""ema_slow"":7377.3182504062925,""hma_order"":""BUY"",""hma_spread_atr"":2.2487900297231076}},{""atr"":51.14539713597283,""bar"":{""body_fraction"":0.9051724137931034,""close"":7342.0,""close_position"":0.09482758620689656,""direction"":""DOWN"",""high"":7394.5,""low"":7336.5,""lower_wick_fraction"":0.09482758620689656,""move_atr"":-1.026485332793993,""move_points"":-52.5,""open"":7394.5,""snapshot_time"":""2026-08-03T09:42:00+05:30"",""upper_wick_fraction"":0.0,""volume"":22990.0},""close"":7342.0,""trend"":{""ema_ref"":7363.233876959571,""ema_slow"":7376.618879111118,""hma_order"":""BUY"",""hma_spread_atr"":2.135307102736866}},{""atr"":48.81358305483191,""bar"":{""body_fraction"":0.08108108108108109,""close"":7342.0,""close_position"":0.6486486486486487,""direction"":""UP"",""high"":7348.5,""low"":7330.0,""lower_wick_fraction"":0.5675675675675675,""move_atr"":0.03072915172637628,""move_points"":1.5,""open"":7340.5,""snapshot_time"":""2026-08-03T09:45:00+05:30"",""upper_wick_fraction"":0.35135135135135137,""volume"":18072.0},""close"":7342.0,""trend"":{""ema_ref"":7363.0225946017645,""ema_slow"":7375.933356752482,""hma_order"":""BUY"",""hma_spread_atr"":2.1498712908389677}},{""atr"":48.11261283662963,""bar"":{""body_fraction"":0.0641025641025641,""close"":7345.0,""close_position"":0.8717948717948718,""direction"":""UP"",""high"":7350.0,""low"":7311.0,""lower_wick_fraction"":0.8076923076923077,""move_atr"":0.051961426590756095,""move_points"":2.5,""open"":7342.5,""snapshot_time"":""2026-08-03T09:48:00+05:30"",""upper_wick_fraction"":0.1282051282051282,""volume"":19161.0},""close"":7345.0,""trend"":{""ema_ref"":7362.843265302245,""ema_slow"":7375.320815034611,""hma_order"":""BUY"",""hma_spread_atr"":2.0935537386963365}},{""atr"":47.2474262054418,""bar"":{""body_fraction"":0.20833333333333337,""close"":7352.5,""close_position"":0.6666666666666666,""direction"":""UP"",""high"":7364.5,""low"":7328.5,""lower_wick_fraction"":0.4583333333333333,""move_atr"":0.1587388055253722,""move_points"":7.5,""open"":7345.0,""snapshot_time"":""2026-08-03T09:51:00+05:30"",""upper_wick_fraction"":0.3333333333333333,""volume"":9991.0},""close"":7352.5,""trend"":{""ema_ref"":7362.740347239536,""ema_slow"":7374.868917707192,""hma_order"":""BUY"",""hma_spread_atr"":2.0434733722616993}},{""atr"":46.44403861933881,""bar"":{""body_fraction"":0.041666666666666664,""close"":7351.0,""close_position"":0.4722222222222222,""direction"":""DOWN"",""high"":7370.0,""low"":7334.0,""lower_wick_fraction"":0.4722222222222222,""move_atr"":-0.032296932923818036,""move_points"":-1.5,""open"":7352.5,""snapshot_time"":""2026-08-03T09:54:00+05:30"",""upper_wick_fraction"":0.4861111111111111,""volume"":6636.0},""close"":7351.0,""trend"":{""ema_ref"":7362.62352786402,""ema_slow"":7374.396265871405,""hma_order"":""BUY"",""hma_spread_atr"":1.988240505612036}},{""atr"":45.055178717957475,""bar"":{""body_fraction"":0.4074074074074074,""close"":7341.5,""close_position"":0.24074074074074073,""direction"":""DOWN"",""high"":7362.0,""low"":7335.0,""lower_wick_fraction"":0.24074074074074073,""move_atr"":-0.24414507528333856,""move_points"":-11.0,""open"":7352.5,""snapshot_time"":""2026-08-03T09:57:00+05:30"",""upper_wick_fraction"":0.35185185185185186,""volume"":6288.0},""close"":7341.5,""trend"":{""ema_ref"":7362.413343507164,""ema_slow"":7373.744854666032,""hma_order"":""BUY"",""hma_spread_atr"":1.9593282240479009}},{""atr"":43.5869516666748,""bar"":{""body_fraction"":0.42857142857142855,""close"":7331.0,""close_position"":0.5714285714285714,""direction"":""DOWN"",""high"":7341.5,""low"":7317.0,""lower_wick_fraction"":0.5714285714285714,""move_atr"":-0.24089778244409707,""move_points"":-10.5,""open"":7341.5,""snapshot_time"":""2026-08-03T10:00:00+05:30"",""upper_wick_fraction"":0.0,""volume"":6634.0},""close"":7331.0,""trend"":{""ema_ref"":7362.100772925004,""ema_slow"":7372.898421900368,""hma_order"":""BUY"",""hma_spread_atr"":1.9382243448295449}}],""last_observation_hash"":""86d3d69614a072e6eec533d57ebbc22534397d3551c5a8d31a72de6e545f309c"",""last_snapshot_time"":""2026-08-03T10:00:00+05:30"",""observation"":{""compression_box_high"":null,""compression_box_low"":null,""compression_candidate_bars"":0,""current_state"":""UNKNOWN"",""established_side"":""UNKNOWN"",""exhaustion_active"":false,""exhaustion_age_bars"":0,""exhaustion_clear_bars"":0,""exhaustion_last_seen_at"":null,""exhaustion_side"":""UNKNOWN"",""exhaustion_started_at"":null,""failure_breach_bars"":0,""last_close"":7331.0,""last_reason_codes"":[""NO_DIRECTIONAL_OBSERVATION_CONFIRMED"",""OBSERVATION_PROPOSAL_MATCHED_CURRENT"",""OBSERVATION_STATE_UNKNOWN""],""last_snapshot_time"":""2026-08-03T10:00:00+05:30"",""leg_age_bars"":0,""leg_anchor_price"":null,""leg_anchor_time"":null,""leg_extreme_price"":null,""leg_maturity_consumed"":false,""leg_maturity_extreme_price"":null,""leg_maturity_onset_time"":null,""leg_no_progress_bars"":0,""observation_count"":16,""pending_bars"":0,""pending_state"":null,""protection_level"":null,""protection_source"":"""",""protection_time"":null,""pullback_age_bars"":0,""pullback_candidate_bars"":0,""pullback_extreme_price"":null,""reacceleration_age_bars"":0,""recompression_age_bars"":0,""reversal_confirmation_bars"":0,""reversal_side"":""UNKNOWN"",""state_age_bars"":16,""trading_day"":""2026-08-03"",""trend_anchor_price"":null,""trend_candidate_bars"":1,""trend_candidate_side"":""DOWN"",""trend_extreme_price"":null,""trend_failure_age_bars"":0,""trend_onset_time"":null},""symbol"":""ABB"",""trading_day"":""2026-08-03""}"
restoration-v3-current-day,development,restoration-trend-control-v3,backtest-default,OK,,,,ABB,2026-08-03,2026-08-03T10:03:00+05:30,2026-08-03T10:00:00+05:30,SNAPSHOT_AUCTION_AUTHORITY_V3A,3m,True,True,7333.5,2026-08-03T10:03:00,7333.0,7355.0,7332.5,7333.5,12763.0,42.187883690483744,BALANCE_QUALIFIED,SELL,dynamic_balance_waiting_for_stable_historical_cutoff,RANGE_ACCEPTED,ORB:2026-08-03,7243.0,7445.0,13,ok,DOWN_SLOWING,-0.09481395249276924,-0.11259156858516348,OK,INCREMENTAL_PREVIOUS_SNAPSHOT,AUTOTRADES_AUCTION_ENGINE,1.1.0,,,UNKNOWN,UNKNOWN,DOWN,False,False,False,UNKNOWN,True,False,False,,,,ORB:2026-08-03,7243.0,7445.0,True,0.448019801980198,0.2463768115942029,PRICE_ACTION,0.6219501133786849,NO_DIRECTIONAL_OBSERVATION_CONFIRMED|OBSERVATION_PROPOSAL_MATCHED_CURRENT|OBSERVATION_STATE_UNKNOWN|DYNAMIC_BOUNDARY_UNKNOWN|OBJECTIVE_REJECTION_OBSERVED|OBJECTIVE_ACCEPTED_RANGE_GEOMETRY_PRESENT,,NONE,NONE,UNKNOWN,NONE,,,,,0,,,,,,,,,0,0.0,0,False,NO_DIRECTIONAL_START,0,UNKNOWN,0,0,0,0,0,UNKNOWN,2026-08-03T10:03:00+05:30,NO_DIRECTIONAL_START,,NONE,NONE,0,,,,,,UNKNOWN,0,0,0,0,False,False,NO_QUALIFIED_ACCEPTED_RANGE,0,,,,,,0,,,,,UNASSESSABLE,UNASSESSABLE,UNASSESSABLE,MATCH,False,0,False,False,False,True,,COHERENT,[],[],"{""accepted_range_breakout_eligible"":false,""accepted_range_established_at"":""2026-08-03T09:27:00+05:30"",""accepted_range_high"":7445.0,""accepted_range_id"":""ORB:2026-08-03"",""accepted_range_inside"":true,""accepted_range_low"":7243.0,""accepted_range_outside_atr"":0.0,""accepted_range_position"":0.448019801980198,""accepted_range_provisional"":false,""atr"":42.187883690483744,""close"":7333.5,""current_leg_mature"":false,""directional_bias"":""UNKNOWN"",""directional_efficiency"":0.2463768115942029,""directional_efficiency_source"":""PRICE_ACTION"",""exhausted_side"":""UNKNOWN"",""exhaustion_active"":false,""extension_mature"":false,""failed_extreme_observed"":false,""high"":7355.0,""low"":7332.5,""observation_state"":""UNKNOWN"",""overlap_ratio"":0.6219501133786849,""range_width_atr"":4.7881046008848465,""rejection_observed"":true,""snapshot_time"":""2026-08-03T10:03:00+05:30"",""source_reason_codes"":[""NO_DIRECTIONAL_OBSERVATION_CONFIRMED"",""OBSERVATION_PROPOSAL_MATCHED_CURRENT"",""OBSERVATION_STATE_UNKNOWN"",""DYNAMIC_BOUNDARY_UNKNOWN"",""OBJECTIVE_REJECTION_OBSERVED"",""OBJECTIVE_ACCEPTED_RANGE_GEOMETRY_PRESENT""],""structural_failure_confirmed"":false,""symbol"":""ABB"",""trading_day"":""2026-08-03"",""trend_direction"":""DOWN"",""trend_protection_level"":null,""trend_protection_source"":"""",""trend_protection_time"":null}","{""continuation_failure_seen"":false,""continuation_failure_time"":null,""current_state"":""NONE"",""direction"":""UNKNOWN"",""episode_id"":null,""extreme_price"":null,""extreme_time"":null,""first_adverse_bar_close"":null,""first_adverse_bar_level"":null,""first_adverse_bar_time"":null,""origin_event_id"":null,""origin_price"":null,""origin_source"":""NONE"",""parent_episode_id"":null,""previous_state"":""NONE"",""protection_level"":null,""protection_source"":"""",""reason_codes"":[""NO_DIRECTIONAL_START""],""rejection_seen"":false,""reversal_confirmation_breach_closes"":0,""reversal_confirmation_level"":null,""reversal_confirmation_level_time"":null,""reversal_confirmation_source"":"""",""reversal_leg_failure_closes"":0,""reversal_leg_progress_atr"":0.0,""reversal_leg_progress_bars"":0,""started_at"":null,""state_age_bars"":0,""state_started_at"":null}","{""attempt_limit_reached"":false,""candidate_bar_expansion_count"":0,""candidate_high"":null,""candidate_last_valid_at"":null,""candidate_low"":null,""candidate_merge_count"":0,""containment_bars"":0,""containment_ratio"":0.0,""current_state"":""NONE"",""down_escape_attempt_count"":0,""episode_id"":null,""escape_attempt_count"":0,""escape_direction"":""UNKNOWN"",""failed_escape_count"":0,""forming_bars_observed"":0,""forming_invalid_bars"":0,""frozen_high"":null,""frozen_low"":null,""last_escape_direction"":""UNKNOWN"",""last_escape_failed_at"":null,""last_escape_started_at"":null,""marginal_excursion_bars"":0,""meaningful_escape_bars"":0,""outside_close_count"":0,""previous_state"":""NONE"",""range_id"":null,""rearm_bars_elapsed"":0,""rearm_inside_close_count"":0,""rearm_required"":false,""reason_codes"":[""NO_QUALIFIED_ACCEPTED_RANGE""],""reentry_close_count"":0,""source_range_ids"":[],""started_at"":null,""state_age_bars"":0,""state_started_at"":null,""up_escape_attempt_count"":0}","{""balance_attempt_limit_reached"":false,""balance_candidate_bar_expansion_count"":0,""balance_candidate_merge_count"":0,""balance_containment_ratio"":0.0,""balance_down_escape_attempt_count"":0,""balance_escape_attempt_count"":0,""balance_failed_escape_count"":0,""balance_forming_bars_observed"":0,""balance_forming_invalid_bars"":0,""balance_last_escape_direction"":""UNKNOWN"",""balance_last_escape_failed_at"":null,""balance_last_escape_started_at"":null,""balance_marginal_excursion_bars"":0,""balance_meaningful_escape_bars"":0,""balance_rearm_bars_elapsed"":0,""balance_rearm_inside_close_count"":0,""balance_rearm_required"":false,""balance_up_escape_attempt_count"":0,""directional_origin_event_id"":null,""directional_origin_source"":""NONE"",""directional_parent_episode_id"":null,""directional_reversal_watch_age_bars"":0,""directional_start_candidate_bars"":0,""directional_start_candidate_side"":""UNKNOWN"",""observation_accepted_range_id"":""ORB:2026-08-03"",""observation_current_leg_mature"":false,""observation_directional_bias"":""UNKNOWN"",""observation_exhaustion_active"":false,""observation_state"":""UNKNOWN""}","{""balance"":{""attempt_limit_reached"":false,""candidate_bar_expansion_count"":0,""candidate_high"":null,""candidate_last_valid_at"":null,""candidate_low"":null,""candidate_merge_count"":0,""containment_bars"":0,""down_escape_attempt_count"":0,""emitted_event_ids"":[],""episode_id"":null,""escape_attempt_count"":0,""escape_direction"":""UNKNOWN"",""failed_escape_count"":0,""forming_bars_observed"":0,""forming_invalid_bars"":0,""frozen_high"":null,""frozen_low"":null,""last_escape_direction"":""UNKNOWN"",""last_escape_failed_at"":null,""last_escape_started_at"":null,""last_reason_codes"":[""NO_QUALIFIED_ACCEPTED_RANGE""],""marginal_excursion_bars"":0,""meaningful_escape_bars"":0,""outside_close_count"":0,""range_id"":null,""rearm_bars_elapsed"":0,""rearm_inside_close_count"":0,""rearm_required"":false,""reentry_close_count"":0,""sequence"":0,""source_range_ids"":[],""started_at"":null,""state"":""NONE"",""state_age_bars"":0,""state_started_at"":null,""up_escape_attempt_count"":0},""directional"":{""continuation_failure_progress_bars"":0,""continuation_failure_seen"":false,""continuation_failure_seen_at"":null,""direction"":""UNKNOWN"",""emitted_event_ids"":[],""episode_id"":null,""extreme_price"":null,""extreme_time"":null,""first_adverse_bar_close"":null,""first_adverse_bar_level"":null,""first_adverse_bar_time"":null,""inactive_bars"":0,""last_close"":7333.5,""last_observation_state"":""UNKNOWN"",""last_observation_state_time"":""2026-08-03T10:03:00+05:30"",""last_reason_codes"":[""NO_DIRECTIONAL_START""],""opposite_control_bars"":0,""origin_event_id"":null,""origin_price"":null,""origin_source"":""NONE"",""parent_episode_id"":null,""protection_level"":null,""protection_source"":"""",""protection_time"":null,""rejection_seen"":false,""rejection_seen_at"":null,""reversal_confirmation_breach_closes"":0,""reversal_confirmation_level"":null,""reversal_confirmation_level_time"":null,""reversal_confirmation_source"":"""",""reversal_leg_failure_closes"":0,""reversal_leg_progress_atr"":0.0,""reversal_leg_progress_bars"":0,""reversal_watch_age_bars"":0,""sequence"":0,""start_candidate_bars"":0,""start_candidate_side"":""UNKNOWN"",""started_at"":null,""state"":""NONE"",""state_age_bars"":0,""state_started_at"":null,""trend_restore_bars"":0},""evidence_history"":[{""atr"":51.27194693377445,""bar"":{""body_fraction"":0.8770949720670391,""close"":7375.0,""close_position"":0.9441340782122905,""direction"":""UP"",""high"":7380.0,""low"":7290.5,""lower_wick_fraction"":0.0670391061452514,""move_atr"":1.5310516704465065,""move_points"":78.5,""open"":7296.5,""snapshot_time"":""2026-08-03T09:30:00+05:30"",""upper_wick_fraction"":0.055865921787709494,""volume"":20643.0},""close"":7375.0,""trend"":{""ema_ref"":7363.102293850147,""ema_slow"":7377.468776853168,""hma_order"":""BUY"",""hma_spread_atr"":2.4106832085124803}},{""atr"":50.57395072421913,""bar"":{""body_fraction"":0.1566265060240964,""close"":7364.0,""close_position"":0.4819277108433735,""direction"":""DOWN"",""high"":7385.5,""low"":7344.0,""lower_wick_fraction"":0.4819277108433735,""move_atr"":-0.1285246635257871,""move_points"":-6.5,""open"":7370.5,""snapshot_time"":""2026-08-03T09:33:00+05:30"",""upper_wick_fraction"":0.3614457831325301,""volume"":14363.0},""close"":7364.0,""trend"":{""ema_ref"":7363.111226249649,""ema_slow"":7377.202068400631,""hma_order"":""BUY"",""hma_spread_atr"":2.3889705536928414}},{""atr"":48.461525672489195,""bar"":{""body_fraction"":0.07142857142857142,""close"":7363.5,""close_position"":0.1904761904761905,""direction"":""DOWN"",""high"":7380.5,""low"":7359.5,""lower_wick_fraction"":0.1904761904761905,""move_atr"":-0.03095238912074791,""move_points"":-1.5,""open"":7365.0,""snapshot_time"":""2026-08-03T09:36:00+05:30"",""upper_wick_fraction"":0.7380952380952381,""volume"":11340.0},""close"":7363.5,""trend"":{""ema_ref"":7363.115094645175,""ema_slow"":7376.93074031349,""hma_order"":""BUY"",""hma_spread_atr"":2.4298834562910336}},{""atr"":50.46427383873997,""bar"":{""body_fraction"":0.43137254901960786,""close"":7396.5,""close_position"":0.43137254901960786,""direction"":""UP"",""high"":7440.0,""low"":7363.5,""lower_wick_fraction"":0.0,""move_atr"":0.6539279670495695,""move_points"":33.0,""open"":7363.5,""snapshot_time"":""2026-08-03T09:39:00+05:30"",""upper_wick_fraction"":0.5686274509803921,""volume"":38190.0},""close"":7396.5,""trend"":{""ema_ref"":7363.447282758159,""ema_slow"":7377.3182504062925,""hma_order"":""BUY"",""hma_spread_atr"":2.2487900297231076}},{""atr"":51.14539713597283,""bar"":{""body_fraction"":0.9051724137931034,""close"":7342.0,""close_position"":0.09482758620689656,""direction"":""DOWN"",""high"":7394.5,""low"":7336.5,""lower_wick_fraction"":0.09482758620689656,""move_atr"":-1.026485332793993,""move_points"":-52.5,""open"":7394.5,""snapshot_time"":""2026-08-03T09:42:00+05:30"",""upper_wick_fraction"":0.0,""volume"":22990.0},""close"":7342.0,""trend"":{""ema_ref"":7363.233876959571,""ema_slow"":7376.618879111118,""hma_order"":""BUY"",""hma_spread_atr"":2.135307102736866}},{""atr"":48.81358305483191,""bar"":{""body_fraction"":0.08108108108108109,""close"":7342.0,""close_position"":0.6486486486486487,""direction"":""UP"",""high"":7348.5,""low"":7330.0,""lower_wick_fraction"":0.5675675675675675,""move_atr"":0.03072915172637628,""move_points"":1.5,""open"":7340.5,""snapshot_time"":""2026-08-03T09:45:00+05:30"",""upper_wick_fraction"":0.35135135135135137,""volume"":18072.0},""close"":7342.0,""trend"":{""ema_ref"":7363.0225946017645,""ema_slow"":7375.933356752482,""hma_order"":""BUY"",""hma_spread_atr"":2.1498712908389677}},{""atr"":48.11261283662963,""bar"":{""body_fraction"":0.0641025641025641,""close"":7345.0,""close_position"":0.8717948717948718,""direction"":""UP"",""high"":7350.0,""low"":7311.0,""lower_wick_fraction"":0.8076923076923077,""move_atr"":0.051961426590756095,""move_points"":2.5,""open"":7342.5,""snapshot_time"":""2026-08-03T09:48:00+05:30"",""upper_wick_fraction"":0.1282051282051282,""volume"":19161.0},""close"":7345.0,""trend"":{""ema_ref"":7362.843265302245,""ema_slow"":7375.320815034611,""hma_order"":""BUY"",""hma_spread_atr"":2.0935537386963365}},{""atr"":47.2474262054418,""bar"":{""body_fraction"":0.20833333333333337,""close"":7352.5,""close_position"":0.6666666666666666,""direction"":""UP"",""high"":7364.5,""low"":7328.5,""lower_wick_fraction"":0.4583333333333333,""move_atr"":0.1587388055253722,""move_points"":7.5,""open"":7345.0,""snapshot_time"":""2026-08-03T09:51:00+05:30"",""upper_wick_fraction"":0.3333333333333333,""volume"":9991.0},""close"":7352.5,""trend"":{""ema_ref"":7362.740347239536,""ema_slow"":7374.868917707192,""hma_order"":""BUY"",""hma_spread_atr"":2.0434733722616993}},{""atr"":46.44403861933881,""bar"":{""body_fraction"":0.041666666666666664,""close"":7351.0,""close_position"":0.4722222222222222,""direction"":""DOWN"",""high"":7370.0,""low"":7334.0,""lower_wick_fraction"":0.4722222222222222,""move_atr"":-0.032296932923818036,""move_points"":-1.5,""open"":7352.5,""snapshot_time"":""2026-08-03T09:54:00+05:30"",""upper_wick_fraction"":0.4861111111111111,""volume"":6636.0},""close"":7351.0,""trend"":{""ema_ref"":7362.62352786402,""ema_slow"":7374.396265871405,""hma_order"":""BUY"",""hma_spread_atr"":1.988240505612036}},{""atr"":45.055178717957475,""bar"":{""body_fraction"":0.4074074074074074,""close"":7341.5,""close_position"":0.24074074074074073,""direction"":""DOWN"",""high"":7362.0,""low"":7335.0,""lower_wick_fraction"":0.24074074074074073,""move_atr"":-0.24414507528333856,""move_points"":-11.0,""open"":7352.5,""snapshot_time"":""2026-08-03T09:57:00+05:30"",""upper_wick_fraction"":0.35185185185185186,""volume"":6288.0},""close"":7341.5,""trend"":{""ema_ref"":7362.413343507164,""ema_slow"":7373.744854666032,""hma_order"":""BUY"",""hma_spread_atr"":1.9593282240479009}},{""atr"":43.5869516666748,""bar"":{""body_fraction"":0.42857142857142855,""close"":7331.0,""close_position"":0.5714285714285714,""direction"":""DOWN"",""high"":7341.5,""low"":7317.0,""lower_wick_fraction"":0.5714285714285714,""move_atr"":-0.24089778244409707,""move_points"":-10.5,""open"":7341.5,""snapshot_time"":""2026-08-03T10:00:00+05:30"",""upper_wick_fraction"":0.0,""volume"":6634.0},""close"":7331.0,""trend"":{""ema_ref"":7362.100772925004,""ema_slow"":7372.898421900368,""hma_order"":""BUY"",""hma_spread_atr"":1.9382243448295449}},{""atr"":42.187883690483744,""bar"":{""body_fraction"":0.022222222222222223,""close"":7333.5,""close_position"":0.044444444444444446,""direction"":""UP"",""high"":7355.0,""low"":7332.5,""lower_wick_fraction"":0.022222222222222223,""move_atr"":0.011851744061596154,""move_points"":0.5,""open"":7333.0,""snapshot_time"":""2026-08-03T10:03:00+05:30"",""upper_wick_fraction"":0.9555555555555556,""volume"":12763.0},""close"":7333.5,""trend"":{""ema_ref"":7361.81618811978,""ema_slow"":7372.118255130064,""hma_order"":""BUY"",""hma_spread_atr"":1.9127516695489677}}],""last_observation_hash"":""3ff91f66dc407b2cbf6a00ab9aea7fc1682d5c421a16f71e059bd9c7a12a7d9f"",""last_snapshot_time"":""2026-08-03T10:03:00+05:30"",""observation"":{""compression_box_high"":7355.0,""compression_box_low"":7332.5,""compression_candidate_bars"":1,""current_state"":""UNKNOWN"",""established_side"":""UNKNOWN"",""exhaustion_active"":false,""exhaustion_age_bars"":0,""exhaustion_clear_bars"":0,""exhaustion_last_seen_at"":null,""exhaustion_side"":""UNKNOWN"",""exhaustion_started_at"":null,""failure_breach_bars"":0,""last_close"":7333.5,""last_reason_codes"":[""NO_DIRECTIONAL_OBSERVATION_CONFIRMED"",""OBSERVATION_PROPOSAL_MATCHED_CURRENT"",""OBSERVATION_STATE_UNKNOWN""],""last_snapshot_time"":""2026-08-03T10:03:00+05:30"",""leg_age_bars"":0,""leg_anchor_price"":null,""leg_anchor_time"":null,""leg_extreme_price"":null,""leg_maturity_consumed"":false,""leg_maturity_extreme_price"":null,""leg_maturity_onset_time"":null,""leg_no_progress_bars"":0,""observation_count"":17,""pending_bars"":0,""pending_state"":null,""protection_level"":null,""protection_source"":"""",""protection_time"":null,""pullback_age_bars"":0,""pullback_candidate_bars"":0,""pullback_extreme_price"":null,""reacceleration_age_bars"":0,""recompression_age_bars"":0,""reversal_confirmation_bars"":0,""reversal_side"":""UNKNOWN"",""state_age_bars"":17,""trading_day"":""2026-08-03"",""trend_anchor_price"":null,""trend_candidate_bars"":0,""trend_candidate_side"":""UNKNOWN"",""trend_extreme_price"":null,""trend_failure_age_bars"":0,""trend_onset_time"":null},""symbol"":""ABB"",""trading_day"":""2026-08-03""}"
restoration-v3-current-day,development,restoration-trend-control-v3,backtest-default,OK,,,,ABB,2026-08-03,2026-08-03T10:06:00+05:30,2026-08-03T10:03:00+05:30,SNAPSHOT_AUCTION_AUTHORITY_V3A,3m,True,True,7325.0,2026-08-03T10:06:00,7333.5,7344.0,7325.0,7325.0,4534.0,40.53160628402062,BALANCE_QUALIFIED,SELL,dynamic_balance_stable_across_historical_cutoffs,RANGE_ACCEPTED,DYNAMIC:2026-08-03T09:45:00+05:30:2026-08-03T10:03:00+05:30,7311.0,7370.0,1,ok,DOWN_SLOWING,-0.0740163115909555,-0.16036867511373692,OK,INCREMENTAL_PREVIOUS_SNAPSHOT,AUTOTRADES_AUCTION_ENGINE,1.1.0,,,UNKNOWN,UNKNOWN,DOWN,False,False,False,UNKNOWN,True,False,False,,,,DYNAMIC:2026-08-03T09:45:00+05:30:2026-08-03T10:03:00+05:30,7311.0,7370.0,True,0.23728813559322037,0.3953488372093023,PRICE_ACTION,0.6235583005131877,NO_DIRECTIONAL_OBSERVATION_CONFIRMED|OBSERVATION_PROPOSAL_MATCHED_CURRENT|OBSERVATION_STATE_UNKNOWN|OBJECTIVE_REJECTION_OBSERVED|OBJECTIVE_ACCEPTED_RANGE_GEOMETRY_PRESENT,,NONE,NONE,UNKNOWN,NONE,,,,,0,,,,,,,,,0,0.0,0,False,NO_DIRECTIONAL_START,0,UNKNOWN,0,0,0,0,0,UNKNOWN,2026-08-03T10:06:00+05:30,NO_DIRECTIONAL_START,BAL:ABB:2026-08-03:001:NEUTRAL:100600,NONE,FORMING,1,,7311.0,7370.0,,,UNKNOWN,0,0,0,0,False,False,BALANCE_FORMING_STARTED,1,BAL:ABB:2026-08-03:001:NEUTRAL:100600:BALANCE_FORMING_STARTED:100600,BALANCE_FORMING_STARTED,UNKNOWN,BAL:ABB:2026-08-03:001:NEUTRAL:100600,BALANCE_FORMING_STARTED:QUALIFIED_ACCEPTED_RANGE_OBSERVED,0,,,,,UNASSESSABLE,UNASSESSABLE,UNASSESSABLE,MATCH,False,0,False,False,False,True,,COHERENT,"[""event_id='BAL:ABB:2026-08-03:001:NEUTRAL:100600:BALANCE_FORMING_STARTED:100600' event_type=<AuctionEventType.BALANCE_FORMING_STARTED: 'BALANCE_FORMING_STARTED'> episode_id='BAL:ABB:2026-08-03:001:NEUTRAL:100600' symbol='ABB' trading_day=datetime.date(2026, 8, 3) event_time=datetime.datetime(2026, 8, 3, 10, 6, tzinfo=TzInfo(19800)) direction=<DirectionalBias.UNKNOWN: 'UNKNOWN'> reason_codes=('QUALIFIED_ACCEPTED_RANGE_OBSERVED',) data={'range_id': None, 'frozen_low': None, 'frozen_high': None, 'candidate_low': 7311.0, 'candidate_high': 7370.0, 'rearm_required': False, 'containment_bars': 1, 'source_range_ids': ['DYNAMIC:2026-08-03T09:45:00+05:30:2026-08-03T10:03:00+05:30'], 'containment_ratio': 1.0, 'rearm_bars_elapsed': 0, 'failed_escape_count': 0, 'escape_attempt_count': 0, 'attempt_limit_reached': False, 'candidate_merge_count': 0, 'forming_bars_observed': 1, 'last_escape_direction': 'UNKNOWN', 'last_escape_failed_at': None, 'last_escape_started_at': None, 'meaningful_escape_bars': 0, 'candidate_last_valid_at': '2026-08-03T10:06:00+05:30', 'marginal_excursion_bars': 0, 'up_escape_attempt_count': 0, 'rearm_inside_close_count': 0, 'down_escape_attempt_count': 0, 'candidate_bar_expansion_count': 0}""]",[],"{""accepted_range_breakout_eligible"":true,""accepted_range_established_at"":""2026-08-03T10:03:00+05:30"",""accepted_range_high"":7370.0,""accepted_range_id"":""DYNAMIC:2026-08-03T09:45:00+05:30:2026-08-03T10:03:00+05:30"",""accepted_range_inside"":true,""accepted_range_low"":7311.0,""accepted_range_outside_atr"":0.0,""accepted_range_position"":0.23728813559322037,""accepted_range_provisional"":false,""atr"":40.53160628402062,""close"":7325.0,""current_leg_mature"":false,""directional_bias"":""UNKNOWN"",""directional_efficiency"":0.3953488372093023,""directional_efficiency_source"":""PRICE_ACTION"",""exhausted_side"":""UNKNOWN"",""exhaustion_active"":false,""extension_mature"":false,""failed_extreme_observed"":false,""high"":7344.0,""low"":7325.0,""observation_state"":""UNKNOWN"",""overlap_ratio"":0.6235583005131877,""range_width_atr"":1.455654127955458,""rejection_observed"":true,""snapshot_time"":""2026-08-03T10:06:00+05:30"",""source_reason_codes"":[""NO_DIRECTIONAL_OBSERVATION_CONFIRMED"",""OBSERVATION_PROPOSAL_MATCHED_CURRENT"",""OBSERVATION_STATE_UNKNOWN"",""OBJECTIVE_REJECTION_OBSERVED"",""OBJECTIVE_ACCEPTED_RANGE_GEOMETRY_PRESENT""],""structural_failure_confirmed"":false,""symbol"":""ABB"",""trading_day"":""2026-08-03"",""trend_direction"":""DOWN"",""trend_protection_level"":null,""trend_protection_source"":"""",""trend_protection_time"":null}","{""continuation_failure_seen"":false,""continuation_failure_time"":null,""current_state"":""NONE"",""direction"":""UNKNOWN"",""episode_id"":null,""extreme_price"":null,""extreme_time"":null,""first_adverse_bar_close"":null,""first_adverse_bar_level"":null,""first_adverse_bar_time"":null,""origin_event_id"":null,""origin_price"":null,""origin_source"":""NONE"",""parent_episode_id"":null,""previous_state"":""NONE"",""protection_level"":null,""protection_source"":"""",""reason_codes"":[""NO_DIRECTIONAL_START""],""rejection_seen"":false,""reversal_confirmation_breach_closes"":0,""reversal_confirmation_level"":null,""reversal_confirmation_level_time"":null,""reversal_confirmation_source"":"""",""reversal_leg_failure_closes"":0,""reversal_leg_progress_atr"":0.0,""reversal_leg_progress_bars"":0,""started_at"":null,""state_age_bars"":0,""state_started_at"":null}","{""attempt_limit_reached"":false,""candidate_bar_expansion_count"":0,""candidate_high"":7370.0,""candidate_last_valid_at"":""2026-08-03T10:06:00+05:30"",""candidate_low"":7311.0,""candidate_merge_count"":0,""containment_bars"":1,""containment_ratio"":1.0,""current_state"":""FORMING"",""down_escape_attempt_count"":0,""episode_id"":""BAL:ABB:2026-08-03:001:NEUTRAL:100600"",""escape_attempt_count"":0,""escape_direction"":""UNKNOWN"",""failed_escape_count"":0,""forming_bars_observed"":1,""forming_invalid_bars"":0,""frozen_high"":null,""frozen_low"":null,""last_escape_direction"":""UNKNOWN"",""last_escape_failed_at"":null,""last_escape_started_at"":null,""marginal_excursion_bars"":0,""meaningful_escape_bars"":0,""outside_close_count"":0,""previous_state"":""NONE"",""range_id"":null,""rearm_bars_elapsed"":0,""rearm_inside_close_count"":0,""rearm_required"":false,""reason_codes"":[""BALANCE_FORMING_STARTED""],""reentry_close_count"":0,""source_range_ids"":[""DYNAMIC:2026-08-03T09:45:00+05:30:2026-08-03T10:03:00+05:30""],""started_at"":""2026-08-03T10:06:00+05:30"",""state_age_bars"":1,""state_started_at"":""2026-08-03T10:06:00+05:30"",""up_escape_attempt_count"":0}","{""balance_attempt_limit_reached"":false,""balance_candidate_bar_expansion_count"":0,""balance_candidate_merge_count"":0,""balance_containment_ratio"":1.0,""balance_down_escape_attempt_count"":0,""balance_escape_attempt_count"":0,""balance_failed_escape_count"":0,""balance_forming_bars_observed"":1,""balance_forming_invalid_bars"":0,""balance_last_escape_direction"":""UNKNOWN"",""balance_last_escape_failed_at"":null,""balance_last_escape_started_at"":null,""balance_marginal_excursion_bars"":0,""balance_meaningful_escape_bars"":0,""balance_rearm_bars_elapsed"":0,""balance_rearm_inside_close_count"":0,""balance_rearm_required"":false,""balance_up_escape_attempt_count"":0,""directional_origin_event_id"":null,""directional_origin_source"":""NONE"",""directional_parent_episode_id"":null,""directional_reversal_watch_age_bars"":0,""directional_start_candidate_bars"":0,""directional_start_candidate_side"":""UNKNOWN"",""observation_accepted_range_id"":""DYNAMIC:2026-08-03T09:45:00+05:30:2026-08-03T10:03:00+05:30"",""observation_current_leg_mature"":false,""observation_directional_bias"":""UNKNOWN"",""observation_exhaustion_active"":false,""observation_state"":""UNKNOWN""}","{""balance"":{""attempt_limit_reached"":false,""candidate_bar_expansion_count"":0,""candidate_high"":7370.0,""candidate_last_valid_at"":""2026-08-03T10:06:00+05:30"",""candidate_low"":7311.0,""candidate_merge_count"":0,""containment_bars"":1,""down_escape_attempt_count"":0,""emitted_event_ids"":[""BAL:ABB:2026-08-03:001:NEUTRAL:100600:BALANCE_FORMING_STARTED:100600""],""episode_id"":""BAL:ABB:2026-08-03:001:NEUTRAL:100600"",""escape_attempt_count"":0,""escape_direction"":""UNKNOWN"",""failed_escape_count"":0,""forming_bars_observed"":1,""forming_invalid_bars"":0,""frozen_high"":null,""frozen_low"":null,""last_escape_direction"":""UNKNOWN"",""last_escape_failed_at"":null,""last_escape_started_at"":null,""last_reason_codes"":[""BALANCE_FORMING_STARTED""],""marginal_excursion_bars"":0,""meaningful_escape_bars"":0,""outside_close_count"":0,""range_id"":null,""rearm_bars_elapsed"":0,""rearm_inside_close_count"":0,""rearm_required"":false,""reentry_close_count"":0,""sequence"":1,""source_range_ids"":[""DYNAMIC:2026-08-03T09:45:00+05:30:2026-08-03T10:03:00+05:30""],""started_at"":""2026-08-03T10:06:00+05:30"",""state"":""FORMING"",""state_age_bars"":1,""state_started_at"":""2026-08-03T10:06:00+05:30"",""up_escape_attempt_count"":0},""directional"":{""continuation_failure_progress_bars"":0,""continuation_failure_seen"":false,""continuation_failure_seen_at"":null,""direction"":""UNKNOWN"",""emitted_event_ids"":[],""episode_id"":null,""extreme_price"":null,""extreme_time"":null,""first_adverse_bar_close"":null,""first_adverse_bar_level"":null,""first_adverse_bar_time"":null,""inactive_bars"":0,""last_close"":7325.0,""last_observation_state"":""UNKNOWN"",""last_observation_state_time"":""2026-08-03T10:06:00+05:30"",""last_reason_codes"":[""NO_DIRECTIONAL_START""],""opposite_control_bars"":0,""origin_event_id"":null,""origin_price"":null,""origin_source"":""NONE"",""parent_episode_id"":null,""protection_level"":null,""protection_source"":"""",""protection_time"":null,""rejection_seen"":false,""rejection_seen_at"":null,""reversal_confirmation_breach_closes"":0,""reversal_confirmation_level"":null,""reversal_confirmation_level_time"":null,""reversal_confirmation_source"":"""",""reversal_leg_failure_closes"":0,""reversal_leg_progress_atr"":0.0,""reversal_leg_progress_bars"":0,""reversal_watch_age_bars"":0,""sequence"":0,""start_candidate_bars"":0,""start_candidate_side"":""UNKNOWN"",""started_at"":null,""state"":""NONE"",""state_age_bars"":0,""state_started_at"":null,""trend_restore_bars"":0},""evidence_history"":[{""atr"":50.57395072421913,""bar"":{""body_fraction"":0.1566265060240964,""close"":7364.0,""close_position"":0.4819277108433735,""direction"":""DOWN"",""high"":7385.5,""low"":7344.0,""lower_wick_fraction"":0.4819277108433735,""move_atr"":-0.1285246635257871,""move_points"":-6.5,""open"":7370.5,""snapshot_time"":""2026-08-03T09:33:00+05:30"",""upper_wick_fraction"":0.3614457831325301,""volume"":14363.0},""close"":7364.0,""trend"":{""ema_ref"":7363.111226249649,""ema_slow"":7377.202068400631,""hma_order"":""BUY"",""hma_spread_atr"":2.3889705536928414}},{""atr"":48.461525672489195,""bar"":{""body_fraction"":0.07142857142857142,""close"":7363.5,""close_position"":0.1904761904761905,""direction"":""DOWN"",""high"":7380.5,""low"":7359.5,""lower_wick_fraction"":0.1904761904761905,""move_atr"":-0.03095238912074791,""move_points"":-1.5,""open"":7365.0,""snapshot_time"":""2026-08-03T09:36:00+05:30"",""upper_wick_fraction"":0.7380952380952381,""volume"":11340.0},""close"":7363.5,""trend"":{""ema_ref"":7363.115094645175,""ema_slow"":7376.93074031349,""hma_order"":""BUY"",""hma_spread_atr"":2.4298834562910336}},{""atr"":50.46427383873997,""bar"":{""body_fraction"":0.43137254901960786,""close"":7396.5,""close_position"":0.43137254901960786,""direction"":""UP"",""high"":7440.0,""low"":7363.5,""lower_wick_fraction"":0.0,""move_atr"":0.6539279670495695,""move_points"":33.0,""open"":7363.5,""snapshot_time"":""2026-08-03T09:39:00+05:30"",""upper_wick_fraction"":0.5686274509803921,""volume"":38190.0},""close"":7396.5,""trend"":{""ema_ref"":7363.447282758159,""ema_slow"":7377.3182504062925,""hma_order"":""BUY"",""hma_spread_atr"":2.2487900297231076}},{""atr"":51.14539713597283,""bar"":{""body_fraction"":0.9051724137931034,""close"":7342.0,""close_position"":0.09482758620689656,""direction"":""DOWN"",""high"":7394.5,""low"":7336.5,""lower_wick_fraction"":0.09482758620689656,""move_atr"":-1.026485332793993,""move_points"":-52.5,""open"":7394.5,""snapshot_time"":""2026-08-03T09:42:00+05:30"",""upper_wick_fraction"":0.0,""volume"":22990.0},""close"":7342.0,""trend"":{""ema_ref"":7363.233876959571,""ema_slow"":7376.618879111118,""hma_order"":""BUY"",""hma_spread_atr"":2.135307102736866}},{""atr"":48.81358305483191,""bar"":{""body_fraction"":0.08108108108108109,""close"":7342.0,""close_position"":0.6486486486486487,""direction"":""UP"",""high"":7348.5,""low"":7330.0,""lower_wick_fraction"":0.5675675675675675,""move_atr"":0.03072915172637628,""move_points"":1.5,""open"":7340.5,""snapshot_time"":""2026-08-03T09:45:00+05:30"",""upper_wick_fraction"":0.35135135135135137,""volume"":18072.0},""close"":7342.0,""trend"":{""ema_ref"":7363.0225946017645,""ema_slow"":7375.933356752482,""hma_order"":""BUY"",""hma_spread_atr"":2.1498712908389677}},{""atr"":48.11261283662963,""bar"":{""body_fraction"":0.0641025641025641,""close"":7345.0,""close_position"":0.8717948717948718,""direction"":""UP"",""high"":7350.0,""low"":7311.0,""lower_wick_fraction"":0.8076923076923077,""move_atr"":0.051961426590756095,""move_points"":2.5,""open"":7342.5,""snapshot_time"":""2026-08-03T09:48:00+05:30"",""upper_wick_fraction"":0.1282051282051282,""volume"":19161.0},""close"":7345.0,""trend"":{""ema_ref"":7362.843265302245,""ema_slow"":7375.320815034611,""hma_order"":""BUY"",""hma_spread_atr"":2.0935537386963365}},{""atr"":47.2474262054418,""bar"":{""body_fraction"":0.20833333333333337,""close"":7352.5,""close_position"":0.6666666666666666,""direction"":""UP"",""high"":7364.5,""low"":7328.5,""lower_wick_fraction"":0.4583333333333333,""move_atr"":0.1587388055253722,""move_points"":7.5,""open"":7345.0,""snapshot_time"":""2026-08-03T09:51:00+05:30"",""upper_wick_fraction"":0.3333333333333333,""volume"":9991.0},""close"":7352.5,""trend"":{""ema_ref"":7362.740347239536,""ema_slow"":7374.868917707192,""hma_order"":""BUY"",""hma_spread_atr"":2.0434733722616993}},{""atr"":46.44403861933881,""bar"":{""body_fraction"":0.041666666666666664,""close"":7351.0,""close_position"":0.4722222222222222,""direction"":""DOWN"",""high"":7370.0,""low"":7334.0,""lower_wick_fraction"":0.4722222222222222,""move_atr"":-0.032296932923818036,""move_points"":-1.5,""open"":7352.5,""snapshot_time"":""2026-08-03T09:54:00+05:30"",""upper_wick_fraction"":0.4861111111111111,""volume"":6636.0},""close"":7351.0,""trend"":{""ema_ref"":7362.62352786402,""ema_slow"":7374.396265871405,""hma_order"":""BUY"",""hma_spread_atr"":1.988240505612036}},{""atr"":45.055178717957475,""bar"":{""body_fraction"":0.4074074074074074,""close"":7341.5,""close_position"":0.24074074074074073,""direction"":""DOWN"",""high"":7362.0,""low"":7335.0,""lower_wick_fraction"":0.24074074074074073,""move_atr"":-0.24414507528333856,""move_points"":-11.0,""open"":7352.5,""snapshot_time"":""2026-08-03T09:57:00+05:30"",""upper_wick_fraction"":0.35185185185185186,""volume"":6288.0},""close"":7341.5,""trend"":{""ema_ref"":7362.413343507164,""ema_slow"":7373.744854666032,""hma_order"":""BUY"",""hma_spread_atr"":1.9593282240479009}},{""atr"":43.5869516666748,""bar"":{""body_fraction"":0.42857142857142855,""close"":7331.0,""close_position"":0.5714285714285714,""direction"":""DOWN"",""high"":7341.5,""low"":7317.0,""lower_wick_fraction"":0.5714285714285714,""move_atr"":-0.24089778244409707,""move_points"":-10.5,""open"":7341.5,""snapshot_time"":""2026-08-03T10:00:00+05:30"",""upper_wick_fraction"":0.0,""volume"":6634.0},""close"":7331.0,""trend"":{""ema_ref"":7362.100772925004,""ema_slow"":7372.898421900368,""hma_order"":""BUY"",""hma_spread_atr"":1.9382243448295449}},{""atr"":42.187883690483744,""bar"":{""body_fraction"":0.022222222222222223,""close"":7333.5,""close_position"":0.044444444444444446,""direction"":""UP"",""high"":7355.0,""low"":7332.5,""lower_wick_fraction"":0.022222222222222223,""move_atr"":0.011851744061596154,""move_points"":0.5,""open"":7333.0,""snapshot_time"":""2026-08-03T10:03:00+05:30"",""upper_wick_fraction"":0.9555555555555556,""volume"":12763.0},""close"":7333.5,""trend"":{""ema_ref"":7361.81618811978,""ema_slow"":7372.118255130064,""hma_order"":""BUY"",""hma_spread_atr"":1.9127516695489677}},{""atr"":40.53160628402062,""bar"":{""body_fraction"":0.4473684210526316,""close"":7325.0,""close_position"":0.0,""direction"":""DOWN"",""high"":7344.0,""low"":7325.0,""lower_wick_fraction"":0.0,""move_atr"":-0.2097128828410406,""move_points"":-8.5,""open"":7333.5,""snapshot_time"":""2026-08-03T10:06:00+05:30"",""upper_wick_fraction"":0.5526315789473685,""volume"":4534.0},""close"":7325.0,""trend"":{""ema_ref"":7361.449857889734,""ema_slow"":7371.185220375013,""hma_order"":""BUY"",""hma_spread_atr"":1.9023133930314753}}],""last_observation_hash"":""1af6fe0ce59ebbc8b5f26d05a0f3f39c7b5e6943226ea9782e36df0c4e78397a"",""last_snapshot_time"":""2026-08-03T10:06:00+05:30"",""observation"":{""compression_box_high"":null,""compression_box_low"":null,""compression_candidate_bars"":0,""current_state"":""UNKNOWN"",""established_side"":""UNKNOWN"",""exhaustion_active"":false,""exhaustion_age_bars"":0,""exhaustion_clear_bars"":0,""exhaustion_last_seen_at"":null,""exhaustion_side"":""UNKNOWN"",""exhaustion_started_at"":null,""failure_breach_bars"":0,""last_close"":7325.0,""last_reason_codes"":[""NO_DIRECTIONAL_OBSERVATION_CONFIRMED"",""OBSERVATION_PROPOSAL_MATCHED_CURRENT"",""OBSERVATION_STATE_UNKNOWN""],""last_snapshot_time"":""2026-08-03T10:06:00+05:30"",""leg_age_bars"":0,""leg_anchor_price"":null,""leg_anchor_time"":null,""leg_extreme_price"":null,""leg_maturity_consumed"":false,""leg_maturity_extreme_price"":null,""leg_maturity_onset_time"":null,""leg_no_progress_bars"":0,""observation_count"":18,""pending_bars"":0,""pending_state"":null,""protection_level"":null,""protection_source"":"""",""protection_time"":null,""pullback_age_bars"":0,""pullback_candidate_bars"":0,""pullback_extreme_price"":null,""reacceleration_age_bars"":0,""recompression_age_bars"":0,""reversal_confirmation_bars"":0,""reversal_side"":""UNKNOWN"",""state_age_bars"":18,""trading_day"":""2026-08-03"",""trend_anchor_price"":null,""trend_candidate_bars"":0,""trend_candidate_side"":""UNKNOWN"",""trend_extreme_price"":null,""trend_failure_age_bars"":0,""trend_onset_time"":null},""symbol"":""ABB"",""trading_day"":""2026-08-03""}"
restoration-v3-current-day,development,restoration-trend-control-v3,backtest-default,OK,,,,ABB,2026-08-03,2026-08-03T10:09:00+05:30,2026-08-03T10:06:00+05:30,SNAPSHOT_AUCTION_AUTHORITY_V3A,3m,True,True,7311.0,2026-08-03T10:09:00,7325.0,7326.0,7310.0,7311.0,4622.0,38.779348692304865,TRENDING_DOWN,SELL,candidate_has_directional_efficiency_or_displacement,RANGE_ACCEPTED,DYNAMIC:2026-08-03T09:45:00+05:30:2026-08-03T10:03:00+05:30,7311.0,7370.0,2,ok,DOWN_ACCELERATING,-0.29010286091350423,-0.19662527239693064,OK,INCREMENTAL_PREVIOUS_SNAPSHOT,AUTOTRADES_AUCTION_ENGINE,1.1.0,,,UNKNOWN,DOWN,DOWN,False,False,False,UNKNOWN,False,False,False,,,,DYNAMIC:2026-08-03T09:45:00+05:30:2026-08-03T10:03:00+05:30,7311.0,7370.0,True,0.0,0.6296296296296297,PRICE_ACTION,0.4666138560687433,NO_DIRECTIONAL_OBSERVATION_CONFIRMED|OBSERVATION_PROPOSAL_MATCHED_CURRENT|OBSERVATION_STATE_UNKNOWN|OBJECTIVE_ACCEPTED_RANGE_GEOMETRY_PRESENT,,NONE,NONE,UNKNOWN,NONE,,,,,0,,,,,,,,,0,0.0,0,False,NO_DIRECTIONAL_START,0,UNKNOWN,0,0,0,0,0,UNKNOWN,2026-08-03T10:09:00+05:30,NO_DIRECTIONAL_START,BAL:ABB:2026-08-03:001:NEUTRAL:100600,FORMING,FORMING,2,,7311.0,7370.0,,,UNKNOWN,0,0,0,0,False,False,BALANCE_SOURCE_RANGE_RETAINED|BALANCE_FORMING_DIRECTIONAL_EFFICIENCY_TOO_HIGH|BALANCE_FORMING_MARGINAL_INTERRUPTION|BALANCE_FORMING_RETAINED,0,,,,,,0,,,,,UNASSESSABLE,UNASSESSABLE,UNASSESSABLE,MATCH,False,0,False,False,False,True,,COHERENT,[],[],"{""accepted_range_breakout_eligible"":true,""accepted_range_established_at"":""2026-08-03T10:03:00+05:30"",""accepted_range_high"":7370.0,""accepted_range_id"":""DYNAMIC:2026-08-03T09:45:00+05:30:2026-08-03T10:03:00+05:30"",""accepted_range_inside"":true,""accepted_range_low"":7311.0,""accepted_range_outside_atr"":0.0,""accepted_range_position"":0.0,""accepted_range_provisional"":false,""atr"":38.779348692304865,""close"":7311.0,""current_leg_mature"":false,""directional_bias"":""DOWN"",""directional_efficiency"":0.6296296296296297,""directional_efficiency_source"":""PRICE_ACTION"",""exhausted_side"":""UNKNOWN"",""exhaustion_active"":false,""extension_mature"":false,""failed_extreme_observed"":false,""high"":7326.0,""low"":7310.0,""observation_state"":""UNKNOWN"",""overlap_ratio"":0.4666138560687433,""range_width_atr"":1.5214283372352666,""rejection_observed"":false,""snapshot_time"":""2026-08-03T10:09:00+05:30"",""source_reason_codes"":[""NO_DIRECTIONAL_OBSERVATION_CONFIRMED"",""OBSERVATION_PROPOSAL_MATCHED_CURRENT"",""OBSERVATION_STATE_UNKNOWN"",""OBJECTIVE_ACCEPTED_RANGE_GEOMETRY_PRESENT""],""structural_failure_confirmed"":false,""symbol"":""ABB"",""trading_day"":""2026-08-03"",""trend_direction"":""DOWN"",""trend_protection_level"":null,""trend_protection_source"":"""",""trend_protection_time"":null}","{""continuation_failure_seen"":false,""continuation_failure_time"":null,""current_state"":""NONE"",""direction"":""UNKNOWN"",""episode_id"":null,""extreme_price"":null,""extreme_time"":null,""first_adverse_bar_close"":null,""first_adverse_bar_level"":null,""first_adverse_bar_time"":null,""origin_event_id"":null,""origin_price"":null,""origin_source"":""NONE"",""parent_episode_id"":null,""previous_state"":""NONE"",""protection_level"":null,""protection_source"":"""",""reason_codes"":[""NO_DIRECTIONAL_START""],""rejection_seen"":false,""reversal_confirmation_breach_closes"":0,""reversal_confirmation_level"":null,""reversal_confirmation_level_time"":null,""reversal_confirmation_source"":"""",""reversal_leg_failure_closes"":0,""reversal_leg_progress_atr"":0.0,""reversal_leg_progress_bars"":0,""started_at"":null,""state_age_bars"":0,""state_started_at"":null}","{""attempt_limit_reached"":false,""candidate_bar_expansion_count"":0,""candidate_high"":7370.0,""candidate_last_valid_at"":""2026-08-03T10:06:00+05:30"",""candidate_low"":7311.0,""candidate_merge_count"":0,""containment_bars"":1,""containment_ratio"":0.5,""current_state"":""FORMING"",""down_escape_attempt_count"":0,""episode_id"":""BAL:ABB:2026-08-03:001:NEUTRAL:100600"",""escape_attempt_count"":0,""escape_direction"":""UNKNOWN"",""failed_escape_count"":0,""forming_bars_observed"":2,""forming_invalid_bars"":0,""frozen_high"":null,""frozen_low"":null,""last_escape_direction"":""UNKNOWN"",""last_escape_failed_at"":null,""last_escape_started_at"":null,""marginal_excursion_bars"":1,""meaningful_escape_bars"":0,""outside_close_count"":0,""previous_state"":""FORMING"",""range_id"":null,""rearm_bars_elapsed"":0,""rearm_inside_close_count"":0,""rearm_required"":false,""reason_codes"":[""BALANCE_SOURCE_RANGE_RETAINED"",""BALANCE_FORMING_DIRECTIONAL_EFFICIENCY_TOO_HIGH"",""BALANCE_FORMING_MARGINAL_INTERRUPTION"",""BALANCE_FORMING_RETAINED""],""reentry_close_count"":0,""source_range_ids"":[""DYNAMIC:2026-08-03T09:45:00+05:30:2026-08-03T10:03:00+05:30""],""started_at"":""2026-08-03T10:06:00+05:30"",""state_age_bars"":2,""state_started_at"":""2026-08-03T10:06:00+05:30"",""up_escape_attempt_count"":0}","{""balance_attempt_limit_reached"":false,""balance_candidate_bar_expansion_count"":0,""balance_candidate_merge_count"":0,""balance_containment_ratio"":0.5,""balance_down_escape_attempt_count"":0,""balance_escape_attempt_count"":0,""balance_failed_escape_count"":0,""balance_forming_bars_observed"":2,""balance_forming_invalid_bars"":0,""balance_last_escape_direction"":""UNKNOWN"",""balance_last_escape_failed_at"":null,""balance_last_escape_started_at"":null,""balance_marginal_excursion_bars"":1,""balance_meaningful_escape_bars"":0,""balance_rearm_bars_elapsed"":0,""balance_rearm_inside_close_count"":0,""balance_rearm_required"":false,""balance_up_escape_attempt_count"":0,""directional_origin_event_id"":null,""directional_origin_source"":""NONE"",""directional_parent_episode_id"":null,""directional_reversal_watch_age_bars"":0,""directional_start_candidate_bars"":0,""directional_start_candidate_side"":""UNKNOWN"",""observation_accepted_range_id"":""DYNAMIC:2026-08-03T09:45:00+05:30:2026-08-03T10:03:00+05:30"",""observation_current_leg_mature"":false,""observation_directional_bias"":""DOWN"",""observation_exhaustion_active"":false,""observation_state"":""UNKNOWN""}","{""balance"":{""attempt_limit_reached"":false,""candidate_bar_expansion_count"":0,""candidate_high"":7370.0,""candidate_last_valid_at"":""2026-08-03T10:06:00+05:30"",""candidate_low"":7311.0,""candidate_merge_count"":0,""containment_bars"":1,""down_escape_attempt_count"":0,""emitted_event_ids"":[""BAL:ABB:2026-08-03:001:NEUTRAL:100600:BALANCE_FORMING_STARTED:100600""],""episode_id"":""BAL:ABB:2026-08-03:001:NEUTRAL:100600"",""escape_attempt_count"":0,""escape_direction"":""UNKNOWN"",""failed_escape_count"":0,""forming_bars_observed"":2,""forming_invalid_bars"":0,""frozen_high"":null,""frozen_low"":null,""last_escape_direction"":""UNKNOWN"",""last_escape_failed_at"":null,""last_escape_started_at"":null,""last_reason_codes"":[""BALANCE_SOURCE_RANGE_RETAINED"",""BALANCE_FORMING_DIRECTIONAL_EFFICIENCY_TOO_HIGH"",""BALANCE_FORMING_MARGINAL_INTERRUPTION"",""BALANCE_FORMING_RETAINED""],""marginal_excursion_bars"":1,""meaningful_escape_bars"":0,""outside_close_count"":0,""range_id"":null,""rearm_bars_elapsed"":0,""rearm_inside_close_count"":0,""rearm_required"":false,""reentry_close_count"":0,""sequence"":1,""source_range_ids"":[""DYNAMIC:2026-08-03T09:45:00+05:30:2026-08-03T10:03:00+05:30""],""started_at"":""2026-08-03T10:06:00+05:30"",""state"":""FORMING"",""state_age_bars"":2,""state_started_at"":""2026-08-03T10:06:00+05:30"",""up_escape_attempt_count"":0},""directional"":{""continuation_failure_progress_bars"":0,""continuation_failure_seen"":false,""continuation_failure_seen_at"":null,""direction"":""UNKNOWN"",""emitted_event_ids"":[],""episode_id"":null,""extreme_price"":null,""extreme_time"":null,""first_adverse_bar_close"":null,""first_adverse_bar_level"":null,""first_adverse_bar_time"":null,""inactive_bars"":0,""last_close"":7311.0,""last_observation_state"":""UNKNOWN"",""last_observation_state_time"":""2026-08-03T10:09:00+05:30"",""last_reason_codes"":[""NO_DIRECTIONAL_START""],""opposite_control_bars"":0,""origin_event_id"":null,""origin_price"":null,""origin_source"":""NONE"",""parent_episode_id"":null,""protection_level"":null,""protection_source"":"""",""protection_time"":null,""rejection_seen"":false,""rejection_seen_at"":null,""reversal_confirmation_breach_closes"":0,""reversal_confirmation_level"":null,""reversal_confirmation_level_time"":null,""reversal_confirmation_source"":"""",""reversal_leg_failure_closes"":0,""reversal_leg_progress_atr"":0.0,""reversal_leg_progress_bars"":0,""reversal_watch_age_bars"":0,""sequence"":0,""start_candidate_bars"":0,""start_candidate_side"":""UNKNOWN"",""started_at"":null,""state"":""NONE"",""state_age_bars"":0,""state_started_at"":null,""trend_restore_bars"":0},""evidence_history"":[{""atr"":48.461525672489195,""bar"":{""body_fraction"":0.07142857142857142,""close"":7363.5,""close_position"":0.1904761904761905,""direction"":""DOWN"",""high"":7380.5,""low"":7359.5,""lower_wick_fraction"":0.1904761904761905,""move_atr"":-0.03095238912074791,""move_points"":-1.5,""open"":7365.0,""snapshot_time"":""2026-08-03T09:36:00+05:30"",""upper_wick_fraction"":0.7380952380952381,""volume"":11340.0},""close"":7363.5,""trend"":{""ema_ref"":7363.115094645175,""ema_slow"":7376.93074031349,""hma_order"":""BUY"",""hma_spread_atr"":2.4298834562910336}},{""atr"":50.46427383873997,""bar"":{""body_fraction"":0.43137254901960786,""close"":7396.5,""close_position"":0.43137254901960786,""direction"":""UP"",""high"":7440.0,""low"":7363.5,""lower_wick_fraction"":0.0,""move_atr"":0.6539279670495695,""move_points"":33.0,""open"":7363.5,""snapshot_time"":""2026-08-03T09:39:00+05:30"",""upper_wick_fraction"":0.5686274509803921,""volume"":38190.0},""close"":7396.5,""trend"":{""ema_ref"":7363.447282758159,""ema_slow"":7377.3182504062925,""hma_order"":""BUY"",""hma_spread_atr"":2.2487900297231076}},{""atr"":51.14539713597283,""bar"":{""body_fraction"":0.9051724137931034,""close"":7342.0,""close_position"":0.09482758620689656,""direction"":""DOWN"",""high"":7394.5,""low"":7336.5,""lower_wick_fraction"":0.09482758620689656,""move_atr"":-1.026485332793993,""move_points"":-52.5,""open"":7394.5,""snapshot_time"":""2026-08-03T09:42:00+05:30"",""upper_wick_fraction"":0.0,""volume"":22990.0},""close"":7342.0,""trend"":{""ema_ref"":7363.233876959571,""ema_slow"":7376.618879111118,""hma_order"":""BUY"",""hma_spread_atr"":2.135307102736866}},{""atr"":48.81358305483191,""bar"":{""body_fraction"":0.08108108108108109,""close"":7342.0,""close_position"":0.6486486486486487,""direction"":""UP"",""high"":7348.5,""low"":7330.0,""lower_wick_fraction"":0.5675675675675675,""move_atr"":0.03072915172637628,""move_points"":1.5,""open"":7340.5,""snapshot_time"":""2026-08-03T09:45:00+05:30"",""upper_wick_fraction"":0.35135135135135137,""volume"":18072.0},""close"":7342.0,""trend"":{""ema_ref"":7363.0225946017645,""ema_slow"":7375.933356752482,""hma_order"":""BUY"",""hma_spread_atr"":2.1498712908389677}},{""atr"":48.11261283662963,""bar"":{""body_fraction"":0.0641025641025641,""close"":7345.0,""close_position"":0.8717948717948718,""direction"":""UP"",""high"":7350.0,""low"":7311.0,""lower_wick_fraction"":0.8076923076923077,""move_atr"":0.051961426590756095,""move_points"":2.5,""open"":7342.5,""snapshot_time"":""2026-08-03T09:48:00+05:30"",""upper_wick_fraction"":0.1282051282051282,""volume"":19161.0},""close"":7345.0,""trend"":{""ema_ref"":7362.843265302245,""ema_slow"":7375.320815034611,""hma_order"":""BUY"",""hma_spread_atr"":2.0935537386963365}},{""atr"":47.2474262054418,""bar"":{""body_fraction"":0.20833333333333337,""close"":7352.5,""close_position"":0.6666666666666666,""direction"":""UP"",""high"":7364.5,""low"":7328.5,""lower_wick_fraction"":0.4583333333333333,""move_atr"":0.1587388055253722,""move_points"":7.5,""open"":7345.0,""snapshot_time"":""2026-08-03T09:51:00+05:30"",""upper_wick_fraction"":0.3333333333333333,""volume"":9991.0},""close"":7352.5,""trend"":{""ema_ref"":7362.740347239536,""ema_slow"":7374.868917707192,""hma_order"":""BUY"",""hma_spread_atr"":2.0434733722616993}},{""atr"":46.44403861933881,""bar"":{""body_fraction"":0.041666666666666664,""close"":7351.0,""close_position"":0.4722222222222222,""direction"":""DOWN"",""high"":7370.0,""low"":7334.0,""lower_wick_fraction"":0.4722222222222222,""move_atr"":-0.032296932923818036,""move_points"":-1.5,""open"":7352.5,""snapshot_time"":""2026-08-03T09:54:00+05:30"",""upper_wick_fraction"":0.4861111111111111,""volume"":6636.0},""close"":7351.0,""trend"":{""ema_ref"":7362.62352786402,""ema_slow"":7374.396265871405,""hma_order"":""BUY"",""hma_spread_atr"":1.988240505612036}},{""atr"":45.055178717957475,""bar"":{""body_fraction"":0.4074074074074074,""close"":7341.5,""close_position"":0.24074074074074073,""direction"":""DOWN"",""high"":7362.0,""low"":7335.0,""lower_wick_fraction"":0.24074074074074073,""move_atr"":-0.24414507528333856,""move_points"":-11.0,""open"":7352.5,""snapshot_time"":""2026-08-03T09:57:00+05:30"",""upper_wick_fraction"":0.35185185185185186,""volume"":6288.0},""close"":7341.5,""trend"":{""ema_ref"":7362.413343507164,""ema_slow"":7373.744854666032,""hma_order"":""BUY"",""hma_spread_atr"":1.9593282240479009}},{""atr"":43.5869516666748,""bar"":{""body_fraction"":0.42857142857142855,""close"":7331.0,""close_position"":0.5714285714285714,""direction"":""DOWN"",""high"":7341.5,""low"":7317.0,""lower_wick_fraction"":0.5714285714285714,""move_atr"":-0.24089778244409707,""move_points"":-10.5,""open"":7341.5,""snapshot_time"":""2026-08-03T10:00:00+05:30"",""upper_wick_fraction"":0.0,""volume"":6634.0},""close"":7331.0,""trend"":{""ema_ref"":7362.100772925004,""ema_slow"":7372.898421900368,""hma_order"":""BUY"",""hma_spread_atr"":1.9382243448295449}},{""atr"":42.187883690483744,""bar"":{""body_fraction"":0.022222222222222223,""close"":7333.5,""close_position"":0.044444444444444446,""direction"":""UP"",""high"":7355.0,""low"":7332.5,""lower_wick_fraction"":0.022222222222222223,""move_atr"":0.011851744061596154,""move_points"":0.5,""open"":7333.0,""snapshot_time"":""2026-08-03T10:03:00+05:30"",""upper_wick_fraction"":0.9555555555555556,""volume"":12763.0},""close"":7333.5,""trend"":{""ema_ref"":7361.81618811978,""ema_slow"":7372.118255130064,""hma_order"":""BUY"",""hma_spread_atr"":1.9127516695489677}},{""atr"":40.53160628402062,""bar"":{""body_fraction"":0.4473684210526316,""close"":7325.0,""close_position"":0.0,""direction"":""DOWN"",""high"":7344.0,""low"":7325.0,""lower_wick_fraction"":0.0,""move_atr"":-0.2097128828410406,""move_points"":-8.5,""open"":7333.5,""snapshot_time"":""2026-08-03T10:06:00+05:30"",""upper_wick_fraction"":0.5526315789473685,""volume"":4534.0},""close"":7325.0,""trend"":{""ema_ref"":7361.449857889734,""ema_slow"":7371.185220375013,""hma_order"":""BUY"",""hma_spread_atr"":1.9023133930314753}},{""atr"":38.779348692304865,""bar"":{""body_fraction"":0.875,""close"":7311.0,""close_position"":0.0625,""direction"":""DOWN"",""high"":7326.0,""low"":7310.0,""lower_wick_fraction"":0.0625,""move_atr"":-0.3610168935812497,""move_points"":-14.0,""open"":7325.0,""snapshot_time"":""2026-08-03T10:09:00+05:30"",""upper_wick_fraction"":0.0625,""volume"":4622.0},""close"":7311.0,""trend"":{""ema_ref"":7360.947869254015,""ema_slow"":7369.993433832934,""hma_order"":""BUY"",""hma_spread_atr"":1.906676400113136}}],""last_observation_hash"":""de2fb44dab5ea707bffb534ad4857ba9f07b92eb00a463eb00d8898c5c3ab984"",""last_snapshot_time"":""2026-08-03T10:09:00+05:30"",""observation"":{""compression_box_high"":null,""compression_box_low"":null,""compression_candidate_bars"":0,""current_state"":""UNKNOWN"",""established_side"":""UNKNOWN"",""exhaustion_active"":false,""exhaustion_age_bars"":0,""exhaustion_clear_bars"":0,""exhaustion_last_seen_at"":null,""exhaustion_side"":""UNKNOWN"",""exhaustion_started_at"":null,""failure_breach_bars"":0,""last_close"":7311.0,""last_reason_codes"":[""NO_DIRECTIONAL_OBSERVATION_CONFIRMED"",""OBSERVATION_PROPOSAL_MATCHED_CURRENT"",""OBSERVATION_STATE_UNKNOWN""],""last_snapshot_time"":""2026-08-03T10:09:00+05:30"",""leg_age_bars"":0,""leg_anchor_price"":null,""leg_anchor_time"":null,""leg_extreme_price"":null,""leg_maturity_consumed"":false,""leg_maturity_extreme_price"":null,""leg_maturity_onset_time"":null,""leg_no_progress_bars"":0,""observation_count"":19,""pending_bars"":0,""pending_state"":null,""protection_level"":null,""protection_source"":"""",""protection_time"":null,""pullback_age_bars"":0,""pullback_candidate_bars"":0,""pullback_extreme_price"":null,""reacceleration_age_bars"":0,""recompression_age_bars"":0,""reversal_confirmation_bars"":0,""reversal_side"":""UNKNOWN"",""state_age_bars"":19,""trading_day"":""2026-08-03"",""trend_anchor_price"":null,""trend_candidate_bars"":1,""trend_candidate_side"":""DOWN"",""trend_extreme_price"":null,""trend_failure_age_bars"":0,""trend_onset_time"":null},""symbol"":""ABB"",""trading_day"":""2026-08-03""}"
restoration-v3-current-day,development,restoration-trend-control-v3,backtest-default,OK,,,,ABB,2026-08-03,2026-08-03T10:12:00+05:30,2026-08-03T10:09:00+05:30,SNAPSHOT_AUCTION_AUTHORITY_V3A,3m,True,True,7316.0,2026-08-03T10:12:00,7311.5,7323.0,7311.5,7316.0,3691.0,36.86653807142594,EXPANDING_RANGE,SELL,candidate_boundaries_or_midpoint_still_drifting,RANGE_ACCEPTED,DYNAMIC:2026-08-03T09:45:00+05:30:2026-08-03T10:03:00+05:30,7311.0,7370.0,3,ok,DOWN_ACCELERATING,-0.122061908587175,-0.10171825715597917,OK,INCREMENTAL_PREVIOUS_SNAPSHOT,AUTOTRADES_AUCTION_ENGINE,1.1.0,,,ORDERLY_DOWNTREND,DOWN,DOWN,False,False,False,UNKNOWN,True,False,False,7323.0,INITIAL_DIRECTIONAL_ANCHOR,2026-08-03T10:12:00+05:30,DYNAMIC:2026-08-03T09:45:00+05:30:2026-08-03T10:03:00+05:30,7311.0,7370.0,True,0.0847457627118644,0.7087378640776699,PRICE_ACTION,0.4666138560687433,DIRECTIONAL_PROGRESS_CONFIRMED|OBSERVATION_TRANSITION_CONFIRMED|OBSERVATION_STATE_ORDERLY_DOWNTREND|OBJECTIVE_REJECTION_OBSERVED|OBJECTIVE_ACCEPTED_RANGE_GEOMETRY_PRESENT|OBJECTIVE_TREND_PROTECTION_GEOMETRY_PRESENT,,NONE,NONE,UNKNOWN,NONE,,,,,0,,,,,,,,,0,0.0,0,False,DIRECTIONAL_START_CANDIDATE_PROGRESS,0,DOWN,1,0,0,0,0,ORDERLY_DOWNTREND,2026-08-03T10:12:00+05:30,DIRECTIONAL_START_CANDIDATE_PROGRESS,BAL:ABB:2026-08-03:001:NEUTRAL:100600,FORMING,FORMING,3,,7311.0,7370.0,,,UNKNOWN,0,0,0,0,False,False,BALANCE_SOURCE_RANGE_RETAINED|BALANCE_FORMING_DIRECTIONAL_EFFICIENCY_TOO_HIGH|BALANCE_FORMING_MARGINAL_INTERRUPTION|BALANCE_FORMING_RETAINED,0,,,,,,0,,,,,UNASSESSABLE,UNASSESSABLE,UNASSESSABLE,MATCH,False,0,False,False,False,True,,COHERENT,[],[],"{""accepted_range_breakout_eligible"":true,""accepted_range_established_at"":""2026-08-03T10:03:00+05:30"",""accepted_range_high"":7370.0,""accepted_range_id"":""DYNAMIC:2026-08-03T09:45:00+05:30:2026-08-03T10:03:00+05:30"",""accepted_range_inside"":true,""accepted_range_low"":7311.0,""accepted_range_outside_atr"":0.0,""accepted_range_position"":0.0847457627118644,""accepted_range_provisional"":false,""atr"":36.86653807142594,""close"":7316.0,""current_leg_mature"":false,""directional_bias"":""DOWN"",""directional_efficiency"":0.7087378640776699,""directional_efficiency_source"":""PRICE_ACTION"",""exhausted_side"":""UNKNOWN"",""exhaustion_active"":false,""extension_mature"":false,""failed_extreme_observed"":false,""high"":7323.0,""low"":7311.5,""observation_state"":""ORDERLY_DOWNTREND"",""overlap_ratio"":0.4666138560687433,""range_width_atr"":1.6003672459207388,""rejection_observed"":true,""snapshot_time"":""2026-08-03T10:12:00+05:30"",""source_reason_codes"":[""DIRECTIONAL_PROGRESS_CONFIRMED"",""OBSERVATION_TRANSITION_CONFIRMED"",""OBSERVATION_STATE_ORDERLY_DOWNTREND"",""OBJECTIVE_REJECTION_OBSERVED"",""OBJECTIVE_ACCEPTED_RANGE_GEOMETRY_PRESENT"",""OBJECTIVE_TREND_PROTECTION_GEOMETRY_PRESENT""],""structural_failure_confirmed"":false,""symbol"":""ABB"",""trading_day"":""2026-08-03"",""trend_direction"":""DOWN"",""trend_protection_level"":7323.0,""trend_protection_source"":""INITIAL_DIRECTIONAL_ANCHOR"",""trend_protection_time"":""2026-08-03T10:12:00+05:30""}","{""continuation_failure_seen"":false,""continuation_failure_time"":null,""current_state"":""NONE"",""direction"":""UNKNOWN"",""episode_id"":null,""extreme_price"":null,""extreme_time"":null,""first_adverse_bar_close"":null,""first_adverse_bar_level"":null,""first_adverse_bar_time"":null,""origin_event_id"":null,""origin_price"":null,""origin_source"":""NONE"",""parent_episode_id"":null,""previous_state"":""NONE"",""protection_level"":null,""protection_source"":"""",""reason_codes"":[""DIRECTIONAL_START_CANDIDATE_PROGRESS""],""rejection_seen"":false,""reversal_confirmation_breach_closes"":0,""reversal_confirmation_level"":null,""reversal_confirmation_level_time"":null,""reversal_confirmation_source"":"""",""reversal_leg_failure_closes"":0,""reversal_leg_progress_atr"":0.0,""reversal_leg_progress_bars"":0,""started_at"":null,""state_age_bars"":0,""state_started_at"":null}","{""attempt_limit_reached"":false,""candidate_bar_expansion_count"":0,""candidate_high"":7370.0,""candidate_last_valid_at"":""2026-08-03T10:06:00+05:30"",""candidate_low"":7311.0,""candidate_merge_count"":0,""containment_bars"":1,""containment_ratio"":0.3333333333333333,""current_state"":""FORMING"",""down_escape_attempt_count"":0,""episode_id"":""BAL:ABB:2026-08-03:001:NEUTRAL:100600"",""escape_attempt_count"":0,""escape_direction"":""UNKNOWN"",""failed_escape_count"":0,""forming_bars_observed"":3,""forming_invalid_bars"":0,""frozen_high"":null,""frozen_low"":null,""last_escape_direction"":""UNKNOWN"",""last_escape_failed_at"":null,""last_escape_started_at"":null,""marginal_excursion_bars"":2,""meaningful_escape_bars"":0,""outside_close_count"":0,""previous_state"":""FORMING"",""range_id"":null,""rearm_bars_elapsed"":0,""rearm_inside_close_count"":0,""rearm_required"":false,""reason_codes"":[""BALANCE_SOURCE_RANGE_RETAINED"",""BALANCE_FORMING_DIRECTIONAL_EFFICIENCY_TOO_HIGH"",""BALANCE_FORMING_MARGINAL_INTERRUPTION"",""BALANCE_FORMING_RETAINED""],""reentry_close_count"":0,""source_range_ids"":[""DYNAMIC:2026-08-03T09:45:00+05:30:2026-08-03T10:03:00+05:30""],""started_at"":""2026-08-03T10:06:00+05:30"",""state_age_bars"":3,""state_started_at"":""2026-08-03T10:06:00+05:30"",""up_escape_attempt_count"":0}","{""balance_attempt_limit_reached"":false,""balance_candidate_bar_expansion_count"":0,""balance_candidate_merge_count"":0,""balance_containment_ratio"":0.3333333333333333,""balance_down_escape_attempt_count"":0,""balance_escape_attempt_count"":0,""balance_failed_escape_count"":0,""balance_forming_bars_observed"":3,""balance_forming_invalid_bars"":0,""balance_last_escape_direction"":""UNKNOWN"",""balance_last_escape_failed_at"":null,""balance_last_escape_started_at"":null,""balance_marginal_excursion_bars"":2,""balance_meaningful_escape_bars"":0,""balance_rearm_bars_elapsed"":0,""balance_rearm_inside_close_count"":0,""balance_rearm_required"":false,""balance_up_escape_attempt_count"":0,""directional_origin_event_id"":null,""directional_origin_source"":""NONE"",""directional_parent_episode_id"":null,""directional_reversal_watch_age_bars"":0,""directional_start_candidate_bars"":1,""directional_start_candidate_side"":""DOWN"",""observation_accepted_range_id"":""DYNAMIC:2026-08-03T09:45:00+05:30:2026-08-03T10:03:00+05:30"",""observation_current_leg_mature"":false,""observation_directional_bias"":""DOWN"",""observation_exhaustion_active"":false,""observation_state"":""ORDERLY_DOWNTREND""}","{""balance"":{""attempt_limit_reached"":false,""candidate_bar_expansion_count"":0,""candidate_high"":7370.0,""candidate_last_valid_at"":""2026-08-03T10:06:00+05:30"",""candidate_low"":7311.0,""candidate_merge_count"":0,""containment_bars"":1,""down_escape_attempt_count"":0,""emitted_event_ids"":[""BAL:ABB:2026-08-03:001:NEUTRAL:100600:BALANCE_FORMING_STARTED:100600""],""episode_id"":""BAL:ABB:2026-08-03:001:NEUTRAL:100600"",""escape_attempt_count"":0,""escape_direction"":""UNKNOWN"",""failed_escape_count"":0,""forming_bars_observed"":3,""forming_invalid_bars"":0,""frozen_high"":null,""frozen_low"":null,""last_escape_direction"":""UNKNOWN"",""last_escape_failed_at"":null,""last_escape_started_at"":null,""last_reason_codes"":[""BALANCE_SOURCE_RANGE_RETAINED"",""BALANCE_FORMING_DIRECTIONAL_EFFICIENCY_TOO_HIGH"",""BALANCE_FORMING_MARGINAL_INTERRUPTION"",""BALANCE_FORMING_RETAINED""],""marginal_excursion_bars"":2,""meaningful_escape_bars"":0,""outside_close_count"":0,""range_id"":null,""rearm_bars_elapsed"":0,""rearm_inside_close_count"":0,""rearm_required"":false,""reentry_close_count"":0,""sequence"":1,""source_range_ids"":[""DYNAMIC:2026-08-03T09:45:00+05:30:2026-08-03T10:03:00+05:30""],""started_at"":""2026-08-03T10:06:00+05:30"",""state"":""FORMING"",""state_age_bars"":3,""state_started_at"":""2026-08-03T10:06:00+05:30"",""up_escape_attempt_count"":0},""directional"":{""continuation_failure_progress_bars"":0,""continuation_failure_seen"":false,""continuation_failure_seen_at"":null,""direction"":""UNKNOWN"",""emitted_event_ids"":[],""episode_id"":null,""extreme_price"":null,""extreme_time"":null,""first_adverse_bar_close"":null,""first_adverse_bar_level"":null,""first_adverse_bar_time"":null,""inactive_bars"":0,""last_close"":7316.0,""last_observation_state"":""ORDERLY_DOWNTREND"",""last_observation_state_time"":""2026-08-03T10:12:00+05:30"",""last_reason_codes"":[""DIRECTIONAL_START_CANDIDATE_PROGRESS""],""opposite_control_bars"":0,""origin_event_id"":null,""origin_price"":null,""origin_source"":""NONE"",""parent_episode_id"":null,""protection_level"":null,""protection_source"":"""",""protection_time"":null,""rejection_seen"":false,""rejection_seen_at"":null,""reversal_confirmation_breach_closes"":0,""reversal_confirmation_level"":null,""reversal_confirmation_level_time"":null,""reversal_confirmation_source"":"""",""reversal_leg_failure_closes"":0,""reversal_leg_progress_atr"":0.0,""reversal_leg_progress_bars"":0,""reversal_watch_age_bars"":0,""sequence"":0,""start_candidate_bars"":1,""start_candidate_side"":""DOWN"",""started_at"":null,""state"":""NONE"",""state_age_bars"":0,""state_started_at"":null,""trend_restore_bars"":0},""evidence_history"":[{""atr"":50.46427383873997,""bar"":{""body_fraction"":0.43137254901960786,""close"":7396.5,""close_position"":0.43137254901960786,""direction"":""UP"",""high"":7440.0,""low"":7363.5,""lower_wick_fraction"":0.0,""move_atr"":0.6539279670495695,""move_points"":33.0,""open"":7363.5,""snapshot_time"":""2026-08-03T09:39:00+05:30"",""upper_wick_fraction"":0.5686274509803921,""volume"":38190.0},""close"":7396.5,""trend"":{""ema_ref"":7363.447282758159,""ema_slow"":7377.3182504062925,""hma_order"":""BUY"",""hma_spread_atr"":2.2487900297231076}},{""atr"":51.14539713597283,""bar"":{""body_fraction"":0.9051724137931034,""close"":7342.0,""close_position"":0.09482758620689656,""direction"":""DOWN"",""high"":7394.5,""low"":7336.5,""lower_wick_fraction"":0.09482758620689656,""move_atr"":-1.026485332793993,""move_points"":-52.5,""open"":7394.5,""snapshot_time"":""2026-08-03T09:42:00+05:30"",""upper_wick_fraction"":0.0,""volume"":22990.0},""close"":7342.0,""trend"":{""ema_ref"":7363.233876959571,""ema_slow"":7376.618879111118,""hma_order"":""BUY"",""hma_spread_atr"":2.135307102736866}},{""atr"":48.81358305483191,""bar"":{""body_fraction"":0.08108108108108109,""close"":7342.0,""close_position"":0.6486486486486487,""direction"":""UP"",""high"":7348.5,""low"":7330.0,""lower_wick_fraction"":0.5675675675675675,""move_atr"":0.03072915172637628,""move_points"":1.5,""open"":7340.5,""snapshot_time"":""2026-08-03T09:45:00+05:30"",""upper_wick_fraction"":0.35135135135135137,""volume"":18072.0},""close"":7342.0,""trend"":{""ema_ref"":7363.0225946017645,""ema_slow"":7375.933356752482,""hma_order"":""BUY"",""hma_spread_atr"":2.1498712908389677}},{""atr"":48.11261283662963,""bar"":{""body_fraction"":0.0641025641025641,""close"":7345.0,""close_position"":0.8717948717948718,""direction"":""UP"",""high"":7350.0,""low"":7311.0,""lower_wick_fraction"":0.8076923076923077,""move_atr"":0.051961426590756095,""move_points"":2.5,""open"":7342.5,""snapshot_time"":""2026-08-03T09:48:00+05:30"",""upper_wick_fraction"":0.1282051282051282,""volume"":19161.0},""close"":7345.0,""trend"":{""ema_ref"":7362.843265302245,""ema_slow"":7375.320815034611,""hma_order"":""BUY"",""hma_spread_atr"":2.0935537386963365}},{""atr"":47.2474262054418,""bar"":{""body_fraction"":0.20833333333333337,""close"":7352.5,""close_position"":0.6666666666666666,""direction"":""UP"",""high"":7364.5,""low"":7328.5,""lower_wick_fraction"":0.4583333333333333,""move_atr"":0.1587388055253722,""move_points"":7.5,""open"":7345.0,""snapshot_time"":""2026-08-03T09:51:00+05:30"",""upper_wick_fraction"":0.3333333333333333,""volume"":9991.0},""close"":7352.5,""trend"":{""ema_ref"":7362.740347239536,""ema_slow"":7374.868917707192,""hma_order"":""BUY"",""hma_spread_atr"":2.0434733722616993}},{""atr"":46.44403861933881,""bar"":{""body_fraction"":0.041666666666666664,""close"":7351.0,""close_position"":0.4722222222222222,""direction"":""DOWN"",""high"":7370.0,""low"":7334.0,""lower_wick_fraction"":0.4722222222222222,""move_atr"":-0.032296932923818036,""move_points"":-1.5,""open"":7352.5,""snapshot_time"":""2026-08-03T09:54:00+05:30"",""upper_wick_fraction"":0.4861111111111111,""volume"":6636.0},""close"":7351.0,""trend"":{""ema_ref"":7362.62352786402,""ema_slow"":7374.396265871405,""hma_order"":""BUY"",""hma_spread_atr"":1.988240505612036}},{""atr"":45.055178717957475,""bar"":{""body_fraction"":0.4074074074074074,""close"":7341.5,""close_position"":0.24074074074074073,""direction"":""DOWN"",""high"":7362.0,""low"":7335.0,""lower_wick_fraction"":0.24074074074074073,""move_atr"":-0.24414507528333856,""move_points"":-11.0,""open"":7352.5,""snapshot_time"":""2026-08-03T09:57:00+05:30"",""upper_wick_fraction"":0.35185185185185186,""volume"":6288.0},""close"":7341.5,""trend"":{""ema_ref"":7362.413343507164,""ema_slow"":7373.744854666032,""hma_order"":""BUY"",""hma_spread_atr"":1.9593282240479009}},{""atr"":43.5869516666748,""bar"":{""body_fraction"":0.42857142857142855,""close"":7331.0,""close_position"":0.5714285714285714,""direction"":""DOWN"",""high"":7341.5,""low"":7317.0,""lower_wick_fraction"":0.5714285714285714,""move_atr"":-0.24089778244409707,""move_points"":-10.5,""open"":7341.5,""snapshot_time"":""2026-08-03T10:00:00+05:30"",""upper_wick_fraction"":0.0,""volume"":6634.0},""close"":7331.0,""trend"":{""ema_ref"":7362.100772925004,""ema_slow"":7372.898421900368,""hma_order"":""BUY"",""hma_spread_atr"":1.9382243448295449}},{""atr"":42.187883690483744,""bar"":{""body_fraction"":0.022222222222222223,""close"":7333.5,""close_position"":0.044444444444444446,""direction"":""UP"",""high"":7355.0,""low"":7332.5,""lower_wick_fraction"":0.022222222222222223,""move_atr"":0.011851744061596154,""move_points"":0.5,""open"":7333.0,""snapshot_time"":""2026-08-03T10:03:00+05:30"",""upper_wick_fraction"":0.9555555555555556,""volume"":12763.0},""close"":7333.5,""trend"":{""ema_ref"":7361.81618811978,""ema_slow"":7372.118255130064,""hma_order"":""BUY"",""hma_spread_atr"":1.9127516695489677}},{""atr"":40.53160628402062,""bar"":{""body_fraction"":0.4473684210526316,""close"":7325.0,""close_position"":0.0,""direction"":""DOWN"",""high"":7344.0,""low"":7325.0,""lower_wick_fraction"":0.0,""move_atr"":-0.2097128828410406,""move_points"":-8.5,""open"":7333.5,""snapshot_time"":""2026-08-03T10:06:00+05:30"",""upper_wick_fraction"":0.5526315789473685,""volume"":4534.0},""close"":7325.0,""trend"":{""ema_ref"":7361.449857889734,""ema_slow"":7371.185220375013,""hma_order"":""BUY"",""hma_spread_atr"":1.9023133930314753}},{""atr"":38.779348692304865,""bar"":{""body_fraction"":0.875,""close"":7311.0,""close_position"":0.0625,""direction"":""DOWN"",""high"":7326.0,""low"":7310.0,""lower_wick_fraction"":0.0625,""move_atr"":-0.3610168935812497,""move_points"":-14.0,""open"":7325.0,""snapshot_time"":""2026-08-03T10:09:00+05:30"",""upper_wick_fraction"":0.0625,""volume"":4622.0},""close"":7311.0,""trend"":{""ema_ref"":7360.947869254015,""ema_slow"":7369.993433832934,""hma_order"":""BUY"",""hma_spread_atr"":1.906676400113136}},{""atr"":36.86653807142594,""bar"":{""body_fraction"":0.391304347826087,""close"":7316.0,""close_position"":0.391304347826087,""direction"":""UP"",""high"":7323.0,""low"":7311.5,""lower_wick_fraction"":0.0,""move_atr"":0.122061908587175,""move_points"":4.5,""open"":7311.5,""snapshot_time"":""2026-08-03T10:12:00+05:30"",""upper_wick_fraction"":0.6086956521739131,""volume"":3691.0},""close"":7316.0,""trend"":{""ema_ref"":7360.500626773876,""ema_slow"":7368.924256925351,""hma_order"":""SELL"",""hma_spread_atr"":2.002432922032921}}],""last_observation_hash"":""ee1ca5ff217b6cd380a105bcea6d49dedaed23f83df523a32303777224f9c640"",""last_snapshot_time"":""2026-08-03T10:12:00+05:30"",""observation"":{""compression_box_high"":null,""compression_box_low"":null,""compression_candidate_bars"":0,""current_state"":""ORDERLY_DOWNTREND"",""established_side"":""DOWN"",""exhaustion_active"":false,""exhaustion_age_bars"":0,""exhaustion_clear_bars"":0,""exhaustion_last_seen_at"":null,""exhaustion_side"":""UNKNOWN"",""exhaustion_started_at"":null,""failure_breach_bars"":0,""last_close"":7316.0,""last_reason_codes"":[""DIRECTIONAL_PROGRESS_CONFIRMED"",""OBSERVATION_TRANSITION_CONFIRMED"",""OBSERVATION_STATE_ORDERLY_DOWNTREND""],""last_snapshot_time"":""2026-08-03T10:12:00+05:30"",""leg_age_bars"":1,""leg_anchor_price"":7323.0,""leg_anchor_time"":""2026-08-03T10:12:00+05:30"",""leg_extreme_price"":7311.5,""leg_maturity_consumed"":false,""leg_maturity_extreme_price"":null,""leg_maturity_onset_time"":null,""leg_no_progress_bars"":0,""observation_count"":20,""pending_bars"":0,""pending_state"":null,""protection_level"":7323.0,""protection_source"":""INITIAL_DIRECTIONAL_ANCHOR"",""protection_time"":""2026-08-03T10:12:00+05:30"",""pullback_age_bars"":0,""pullback_candidate_bars"":0,""pullback_extreme_price"":null,""reacceleration_age_bars"":0,""recompression_age_bars"":0,""reversal_confirmation_bars"":0,""reversal_side"":""UNKNOWN"",""state_age_bars"":1,""trading_day"":""2026-08-03"",""trend_anchor_price"":7323.0,""trend_candidate_bars"":2,""trend_candidate_side"":""DOWN"",""trend_extreme_price"":7311.5,""trend_failure_age_bars"":0,""trend_onset_time"":""2026-08-03T10:12:00+05:30""},""symbol"":""ABB"",""trading_day"":""2026-08-03""}"
restoration-v3-current-day,development,restoration-trend-control-v3,backtest-default,OK,,,,ABB,2026-08-03,2026-08-03T10:15:00+05:30,2026-08-03T10:12:00+05:30,SNAPSHOT_AUCTION_AUTHORITY_V3A,3m,True,True,7331.0,2026-08-03T10:15:00,7318.0,7335.0,7315.0,7331.0,3755.0,35.66178535203838,EXPANDING_RANGE,SELL,candidate_boundaries_or_midpoint_still_drifting,RANGE_ACCEPTED,DYNAMIC:2026-08-03T09:45:00+05:30:2026-08-03T10:03:00+05:30,7311.0,7370.0,4,ok,TURNING_UP,0.28041220879112305,-0.01752576304944519,OK,INCREMENTAL_PREVIOUS_SNAPSHOT,AUTOTRADES_AUCTION_ENGINE,1.1.0,,,ORDERLY_DOWNTREND,DOWN,DOWN,False,False,False,UNKNOWN,False,False,False,7323.0,INITIAL_DIRECTIONAL_ANCHOR,2026-08-03T10:12:00+05:30,DYNAMIC:2026-08-03T09:45:00+05:30:2026-08-03T10:03:00+05:30,7311.0,7370.0,True,0.3389830508474576,0.3076923076923077,PRICE_ACTION,0.5526830663615561,ESTABLISHED_DIRECTIONAL_CONTEXT_RETAINED|OBSERVATION_PROPOSAL_MATCHED_CURRENT|OBSERVATION_STATE_ORDERLY_DOWNTREND|OBJECTIVE_ACCEPTED_RANGE_GEOMETRY_PRESENT|OBJECTIVE_TREND_PROTECTION_GEOMETRY_PRESENT,DIR:ABB:2026-08-03:001:DOWN:101500,NONE,DIRECTIONAL,DOWN,OBSERVATION_CONFIRMATION,,,2026-08-03T10:15:00+05:30,2026-08-03T10:15:00+05:30,1,7331.0,7315.0,2026-08-03T10:15:00+05:30,7323.0,INITIAL_DIRECTIONAL_ANCHOR,,,,0,0.0,0,False,DIRECTIONAL_START_CANDIDATE_PROGRESS|DIRECTIONAL_START_CONFIRMED,1,UNKNOWN,0,0,0,0,0,ORDERLY_DOWNTREND,2026-08-03T10:15:00+05:30,DIRECTIONAL_START_CANDIDATE_PROGRESS|DIRECTIONAL_START_CONFIRMED,BAL:ABB:2026-08-03:001:NEUTRAL:100600,FORMING,FORMING,4,,7311.0,7370.0,,,UNKNOWN,0,0,0,0,False,False,BALANCE_SOURCE_RANGE_RETAINED|BALANCE_BAR_CONTAINED_IN_CANDIDATE|BALANCE_CONTAINMENT_PROGRESS|BALANCE_FORMING_RETAINED,1,DIR:ABB:2026-08-03:001:DOWN:101500:DIRECTIONAL_STARTED:101500,DIRECTIONAL_STARTED,DOWN,DIR:ABB:2026-08-03:001:DOWN:101500,DIRECTIONAL_STARTED:MULTIBAR_DIRECTIONAL_CONTEXT_ESTABLISHED,0,,,,,MATCH,MATCH,CONFLICT,MATCH,False,0,True,True,True,True,EPISODE_SLOPE_CONFLICT,TRANSITIONAL_CONFLICT,"[""event_id='DIR:ABB:2026-08-03:001:DOWN:101500:DIRECTIONAL_STARTED:101500' event_type=<AuctionEventType.DIRECTIONAL_STARTED: 'DIRECTIONAL_STARTED'> episode_id='DIR:ABB:2026-08-03:001:DOWN:101500' symbol='ABB' trading_day=datetime.date(2026, 8, 3) event_time=datetime.datetime(2026, 8, 3, 10, 15, tzinfo=TzInfo(19800)) direction=<DirectionalBias.DOWN: 'DOWN'> reason_codes=('MULTIBAR_DIRECTIONAL_CONTEXT_ESTABLISHED',) data={'origin_price': 7331.0, 'extreme_price': 7315.0, 'origin_source': 'OBSERVATION_CONFIRMATION', 'origin_event_id': None, 'protection_level': 7323.0, 'parent_episode_id': None, 'protection_source': 'INITIAL_DIRECTIONAL_ANCHOR', 'first_adverse_bar_time': None, 'first_adverse_bar_close': None, 'first_adverse_bar_level': None, 'continuation_failure_time': None, 'reversal_leg_progress_atr': 0.0, 'reversal_leg_progress_bars': 0, 'reversal_confirmation_level': None, 'reversal_leg_failure_closes': 0, 'reversal_confirmation_source': '', 'reversal_confirmation_level_time': None}""]",[],"{""accepted_range_breakout_eligible"":true,""accepted_range_established_at"":""2026-08-03T10:03:00+05:30"",""accepted_range_high"":7370.0,""accepted_range_id"":""DYNAMIC:2026-08-03T09:45:00+05:30:2026-08-03T10:03:00+05:30"",""accepted_range_inside"":true,""accepted_range_low"":7311.0,""accepted_range_outside_atr"":0.0,""accepted_range_position"":0.3389830508474576,""accepted_range_provisional"":false,""atr"":35.66178535203838,""close"":7331.0,""current_leg_mature"":false,""directional_bias"":""DOWN"",""directional_efficiency"":0.3076923076923077,""directional_efficiency_source"":""PRICE_ACTION"",""exhausted_side"":""UNKNOWN"",""exhaustion_active"":false,""extension_mature"":false,""failed_extreme_observed"":false,""high"":7335.0,""low"":7315.0,""observation_state"":""ORDERLY_DOWNTREND"",""overlap_ratio"":0.5526830663615561,""range_width_atr"":1.654432031867626,""rejection_observed"":false,""snapshot_time"":""2026-08-03T10:15:00+05:30"",""source_reason_codes"":[""ESTABLISHED_DIRECTIONAL_CONTEXT_RETAINED"",""OBSERVATION_PROPOSAL_MATCHED_CURRENT"",""OBSERVATION_STATE_ORDERLY_DOWNTREND"",""OBJECTIVE_ACCEPTED_RANGE_GEOMETRY_PRESENT"",""OBJECTIVE_TREND_PROTECTION_GEOMETRY_PRESENT""],""structural_failure_confirmed"":false,""symbol"":""ABB"",""trading_day"":""2026-08-03"",""trend_direction"":""DOWN"",""trend_protection_level"":7323.0,""trend_protection_source"":""INITIAL_DIRECTIONAL_ANCHOR"",""trend_protection_time"":""2026-08-03T10:12:00+05:30""}","{""continuation_failure_seen"":false,""continuation_failure_time"":null,""current_state"":""DIRECTIONAL"",""direction"":""DOWN"",""episode_id"":""DIR:ABB:2026-08-03:001:DOWN:101500"",""extreme_price"":7315.0,""extreme_time"":""2026-08-03T10:15:00+05:30"",""first_adverse_bar_close"":null,""first_adverse_bar_level"":null,""first_adverse_bar_time"":null,""origin_event_id"":null,""origin_price"":7331.0,""origin_source"":""OBSERVATION_CONFIRMATION"",""parent_episode_id"":null,""previous_state"":""NONE"",""protection_level"":7323.0,""protection_source"":""INITIAL_DIRECTIONAL_ANCHOR"",""reason_codes"":[""DIRECTIONAL_START_CANDIDATE_PROGRESS"",""DIRECTIONAL_START_CONFIRMED""],""rejection_seen"":false,""reversal_confirmation_breach_closes"":0,""reversal_confirmation_level"":null,""reversal_confirmation_level_time"":null,""reversal_confirmation_source"":"""",""reversal_leg_failure_closes"":0,""reversal_leg_progress_atr"":0.0,""reversal_leg_progress_bars"":0,""started_at"":""2026-08-03T10:15:00+05:30"",""state_age_bars"":1,""state_started_at"":""2026-08-03T10:15:00+05:30""}","{""attempt_limit_reached"":false,""candidate_bar_expansion_count"":0,""candidate_high"":7370.0,""candidate_last_valid_at"":""2026-08-03T10:15:00+05:30"",""candidate_low"":7311.0,""candidate_merge_count"":0,""containment_bars"":2,""containment_ratio"":0.5,""current_state"":""FORMING"",""down_escape_attempt_count"":0,""episode_id"":""BAL:ABB:2026-08-03:001:NEUTRAL:100600"",""escape_attempt_count"":0,""escape_direction"":""UNKNOWN"",""failed_escape_count"":0,""forming_bars_observed"":4,""forming_invalid_bars"":0,""frozen_high"":null,""frozen_low"":null,""last_escape_direction"":""UNKNOWN"",""last_escape_failed_at"":null,""last_escape_started_at"":null,""marginal_excursion_bars"":2,""meaningful_escape_bars"":0,""outside_close_count"":0,""previous_state"":""FORMING"",""range_id"":null,""rearm_bars_elapsed"":0,""rearm_inside_close_count"":0,""rearm_required"":false,""reason_codes"":[""BALANCE_SOURCE_RANGE_RETAINED"",""BALANCE_BAR_CONTAINED_IN_CANDIDATE"",""BALANCE_CONTAINMENT_PROGRESS"",""BALANCE_FORMING_RETAINED""],""reentry_close_count"":0,""source_range_ids"":[""DYNAMIC:2026-08-03T09:45:00+05:30:2026-08-03T10:03:00+05:30""],""started_at"":""2026-08-03T10:06:00+05:30"",""state_age_bars"":4,""state_started_at"":""2026-08-03T10:06:00+05:30"",""up_escape_attempt_count"":0}","{""balance_attempt_limit_reached"":false,""balance_candidate_bar_expansion_count"":0,""balance_candidate_merge_count"":0,""balance_containment_ratio"":0.5,""balance_down_escape_attempt_count"":0,""balance_escape_attempt_count"":0,""balance_failed_escape_count"":0,""balance_forming_bars_observed"":4,""balance_forming_invalid_bars"":0,""balance_last_escape_direction"":""UNKNOWN"",""balance_last_escape_failed_at"":null,""balance_last_escape_started_at"":null,""balance_marginal_excursion_bars"":2,""balance_meaningful_escape_bars"":0,""balance_rearm_bars_elapsed"":0,""balance_rearm_inside_close_count"":0,""balance_rearm_required"":false,""balance_up_escape_attempt_count"":0,""directional_origin_event_id"":null,""directional_origin_source"":""OBSERVATION_CONFIRMATION"",""directional_parent_episode_id"":null,""directional_reversal_watch_age_bars"":0,""directional_start_candidate_bars"":0,""directional_start_candidate_side"":""UNKNOWN"",""observation_accepted_range_id"":""DYNAMIC:2026-08-03T09:45:00+05:30:2026-08-03T10:03:00+05:30"",""observation_current_leg_mature"":false,""observation_directional_bias"":""DOWN"",""observation_exhaustion_active"":false,""observation_state"":""ORDERLY_DOWNTREND""}","{""balance"":{""attempt_limit_reached"":false,""candidate_bar_expansion_count"":0,""candidate_high"":7370.0,""candidate_last_valid_at"":""2026-08-03T10:15:00+05:30"",""candidate_low"":7311.0,""candidate_merge_count"":0,""containment_bars"":2,""down_escape_attempt_count"":0,""emitted_event_ids"":[""BAL:ABB:2026-08-03:001:NEUTRAL:100600:BALANCE_FORMING_STARTED:100600""],""episode_id"":""BAL:ABB:2026-08-03:001:NEUTRAL:100600"",""escape_attempt_count"":0,""escape_direction"":""UNKNOWN"",""failed_escape_count"":0,""forming_bars_observed"":4,""forming_invalid_bars"":0,""frozen_high"":null,""frozen_low"":null,""last_escape_direction"":""UNKNOWN"",""last_escape_failed_at"":null,""last_escape_started_at"":null,""last_reason_codes"":[""BALANCE_SOURCE_RANGE_RETAINED"",""BALANCE_BAR_CONTAINED_IN_CANDIDATE"",""BALANCE_CONTAINMENT_PROGRESS"",""BALANCE_FORMING_RETAINED""],""marginal_excursion_bars"":2,""meaningful_escape_bars"":0,""outside_close_count"":0,""range_id"":null,""rearm_bars_elapsed"":0,""rearm_inside_close_count"":0,""rearm_required"":false,""reentry_close_count"":0,""sequence"":1,""source_range_ids"":[""DYNAMIC:2026-08-03T09:45:00+05:30:2026-08-03T10:03:00+05:30""],""started_at"":""2026-08-03T10:06:00+05:30"",""state"":""FORMING"",""state_age_bars"":4,""state_started_at"":""2026-08-03T10:06:00+05:30"",""up_escape_attempt_count"":0},""directional"":{""continuation_failure_progress_bars"":0,""continuation_failure_seen"":false,""continuation_failure_seen_at"":null,""direction"":""DOWN"",""emitted_event_ids"":[""DIR:ABB:2026-08-03:001:DOWN:101500:DIRECTIONAL_STARTED:101500""],""episode_id"":""DIR:ABB:2026-08-03:001:DOWN:101500"",""extreme_price"":7315.0,""extreme_time"":""2026-08-03T10:15:00+05:30"",""first_adverse_bar_close"":null,""first_adverse_bar_level"":null,""first_adverse_bar_time"":null,""inactive_bars"":0,""last_close"":7331.0,""last_observation_state"":""ORDERLY_DOWNTREND"",""last_observation_state_time"":""2026-08-03T10:15:00+05:30"",""last_reason_codes"":[""DIRECTIONAL_START_CANDIDATE_PROGRESS"",""DIRECTIONAL_START_CONFIRMED""],""opposite_control_bars"":0,""origin_event_id"":null,""origin_price"":7331.0,""origin_source"":""OBSERVATION_CONFIRMATION"",""parent_episode_id"":null,""protection_level"":7323.0,""protection_source"":""INITIAL_DIRECTIONAL_ANCHOR"",""protection_time"":""2026-08-03T10:12:00+05:30"",""rejection_seen"":false,""rejection_seen_at"":null,""reversal_confirmation_breach_closes"":0,""reversal_confirmation_level"":null,""reversal_confirmation_level_time"":null,""reversal_confirmation_source"":"""",""reversal_leg_failure_closes"":0,""reversal_leg_progress_atr"":0.0,""reversal_leg_progress_bars"":0,""reversal_watch_age_bars"":0,""sequence"":1,""start_candidate_bars"":0,""start_candidate_side"":""UNKNOWN"",""started_at"":""2026-08-03T10:15:00+05:30"",""state"":""DIRECTIONAL"",""state_age_bars"":1,""state_started_at"":""2026-08-03T10:15:00+05:30"",""trend_restore_bars"":0},""evidence_history"":[{""atr"":51.14539713597283,""bar"":{""body_fraction"":0.9051724137931034,""close"":7342.0,""close_position"":0.09482758620689656,""direction"":""DOWN"",""high"":7394.5,""low"":7336.5,""lower_wick_fraction"":0.09482758620689656,""move_atr"":-1.026485332793993,""move_points"":-52.5,""open"":7394.5,""snapshot_time"":""2026-08-03T09:42:00+05:30"",""upper_wick_fraction"":0.0,""volume"":22990.0},""close"":7342.0,""trend"":{""ema_ref"":7363.233876959571,""ema_slow"":7376.618879111118,""hma_order"":""BUY"",""hma_spread_atr"":2.135307102736866}},{""atr"":48.81358305483191,""bar"":{""body_fraction"":0.08108108108108109,""close"":7342.0,""close_position"":0.6486486486486487,""direction"":""UP"",""high"":7348.5,""low"":7330.0,""lower_wick_fraction"":0.5675675675675675,""move_atr"":0.03072915172637628,""move_points"":1.5,""open"":7340.5,""snapshot_time"":""2026-08-03T09:45:00+05:30"",""upper_wick_fraction"":0.35135135135135137,""volume"":18072.0},""close"":7342.0,""trend"":{""ema_ref"":7363.0225946017645,""ema_slow"":7375.933356752482,""hma_order"":""BUY"",""hma_spread_atr"":2.1498712908389677}},{""atr"":48.11261283662963,""bar"":{""body_fraction"":0.0641025641025641,""close"":7345.0,""close_position"":0.8717948717948718,""direction"":""UP"",""high"":7350.0,""low"":7311.0,""lower_wick_fraction"":0.8076923076923077,""move_atr"":0.051961426590756095,""move_points"":2.5,""open"":7342.5,""snapshot_time"":""2026-08-03T09:48:00+05:30"",""upper_wick_fraction"":0.1282051282051282,""volume"":19161.0},""close"":7345.0,""trend"":{""ema_ref"":7362.843265302245,""ema_slow"":7375.320815034611,""hma_order"":""BUY"",""hma_spread_atr"":2.0935537386963365}},{""atr"":47.2474262054418,""bar"":{""body_fraction"":0.20833333333333337,""close"":7352.5,""close_position"":0.6666666666666666,""direction"":""UP"",""high"":7364.5,""low"":7328.5,""lower_wick_fraction"":0.4583333333333333,""move_atr"":0.1587388055253722,""move_points"":7.5,""open"":7345.0,""snapshot_time"":""2026-08-03T09:51:00+05:30"",""upper_wick_fraction"":0.3333333333333333,""volume"":9991.0},""close"":7352.5,""trend"":{""ema_ref"":7362.740347239536,""ema_slow"":7374.868917707192,""hma_order"":""BUY"",""hma_spread_atr"":2.0434733722616993}},{""atr"":46.44403861933881,""bar"":{""body_fraction"":0.041666666666666664,""close"":7351.0,""close_position"":0.4722222222222222,""direction"":""DOWN"",""high"":7370.0,""low"":7334.0,""lower_wick_fraction"":0.4722222222222222,""move_atr"":-0.032296932923818036,""move_points"":-1.5,""open"":7352.5,""snapshot_time"":""2026-08-03T09:54:00+05:30"",""upper_wick_fraction"":0.4861111111111111,""volume"":6636.0},""close"":7351.0,""trend"":{""ema_ref"":7362.62352786402,""ema_slow"":7374.396265871405,""hma_order"":""BUY"",""hma_spread_atr"":1.988240505612036}},{""atr"":45.055178717957475,""bar"":{""body_fraction"":0.4074074074074074,""close"":7341.5,""close_position"":0.24074074074074073,""direction"":""DOWN"",""high"":7362.0,""low"":7335.0,""lower_wick_fraction"":0.24074074074074073,""move_atr"":-0.24414507528333856,""move_points"":-11.0,""open"":7352.5,""snapshot_time"":""2026-08-03T09:57:00+05:30"",""upper_wick_fraction"":0.35185185185185186,""volume"":6288.0},""close"":7341.5,""trend"":{""ema_ref"":7362.413343507164,""ema_slow"":7373.744854666032,""hma_order"":""BUY"",""hma_spread_atr"":1.9593282240479009}},{""atr"":43.5869516666748,""bar"":{""body_fraction"":0.42857142857142855,""close"":7331.0,""close_position"":0.5714285714285714,""direction"":""DOWN"",""high"":7341.5,""low"":7317.0,""lower_wick_fraction"":0.5714285714285714,""move_atr"":-0.24089778244409707,""move_points"":-10.5,""open"":7341.5,""snapshot_time"":""2026-08-03T10:00:00+05:30"",""upper_wick_fraction"":0.0,""volume"":6634.0},""close"":7331.0,""trend"":{""ema_ref"":7362.100772925004,""ema_slow"":7372.898421900368,""hma_order"":""BUY"",""hma_spread_atr"":1.9382243448295449}},{""atr"":42.187883690483744,""bar"":{""body_fraction"":0.022222222222222223,""close"":7333.5,""close_position"":0.044444444444444446,""direction"":""UP"",""high"":7355.0,""low"":7332.5,""lower_wick_fraction"":0.022222222222222223,""move_atr"":0.011851744061596154,""move_points"":0.5,""open"":7333.0,""snapshot_time"":""2026-08-03T10:03:00+05:30"",""upper_wick_fraction"":0.9555555555555556,""volume"":12763.0},""close"":7333.5,""trend"":{""ema_ref"":7361.81618811978,""ema_slow"":7372.118255130064,""hma_order"":""BUY"",""hma_spread_atr"":1.9127516695489677}},{""atr"":40.53160628402062,""bar"":{""body_fraction"":0.4473684210526316,""close"":7325.0,""close_position"":0.0,""direction"":""DOWN"",""high"":7344.0,""low"":7325.0,""lower_wick_fraction"":0.0,""move_atr"":-0.2097128828410406,""move_points"":-8.5,""open"":7333.5,""snapshot_time"":""2026-08-03T10:06:00+05:30"",""upper_wick_fraction"":0.5526315789473685,""volume"":4534.0},""close"":7325.0,""trend"":{""ema_ref"":7361.449857889734,""ema_slow"":7371.185220375013,""hma_order"":""BUY"",""hma_spread_atr"":1.9023133930314753}},{""atr"":38.779348692304865,""bar"":{""body_fraction"":0.875,""close"":7311.0,""close_position"":0.0625,""direction"":""DOWN"",""high"":7326.0,""low"":7310.0,""lower_wick_fraction"":0.0625,""move_atr"":-0.3610168935812497,""move_points"":-14.0,""open"":7325.0,""snapshot_time"":""2026-08-03T10:09:00+05:30"",""upper_wick_fraction"":0.0625,""volume"":4622.0},""close"":7311.0,""trend"":{""ema_ref"":7360.947869254015,""ema_slow"":7369.993433832934,""hma_order"":""BUY"",""hma_spread_atr"":1.906676400113136}},{""atr"":36.86653807142594,""bar"":{""body_fraction"":0.391304347826087,""close"":7316.0,""close_position"":0.391304347826087,""direction"":""UP"",""high"":7323.0,""low"":7311.5,""lower_wick_fraction"":0.0,""move_atr"":0.122061908587175,""move_points"":4.5,""open"":7311.5,""snapshot_time"":""2026-08-03T10:12:00+05:30"",""upper_wick_fraction"":0.6086956521739131,""volume"":3691.0},""close"":7316.0,""trend"":{""ema_ref"":7360.500626773876,""ema_slow"":7368.924256925351,""hma_order"":""SELL"",""hma_spread_atr"":2.002432922032921}},{""atr"":35.66178535203838,""bar"":{""body_fraction"":0.65,""close"":7331.0,""close_position"":0.8,""direction"":""UP"",""high"":7335.0,""low"":7315.0,""lower_wick_fraction"":0.15,""move_atr"":0.36453587142846,""move_points"":13.0,""open"":7318.0,""snapshot_time"":""2026-08-03T10:15:00+05:30"",""upper_wick_fraction"":0.2,""volume"":3755.0},""close"":7331.0,""trend"":{""ema_ref"":7360.207088199012,""ema_slow"":7368.17328154069,""hma_order"":""SELL"",""hma_spread_atr"":2.073920829557512}}],""last_observation_hash"":""72e8fb3b7cbea33323d26e205f730c711663d02db1247af1c0b3dbc0a8679750"",""last_snapshot_time"":""2026-08-03T10:15:00+05:30"",""observation"":{""compression_box_high"":7335.0,""compression_box_low"":7315.0,""compression_candidate_bars"":1,""current_state"":""ORDERLY_DOWNTREND"",""established_side"":""DOWN"",""exhaustion_active"":false,""exhaustion_age_bars"":0,""exhaustion_clear_bars"":0,""exhaustion_last_seen_at"":null,""exhaustion_side"":""UNKNOWN"",""exhaustion_started_at"":null,""failure_breach_bars"":1,""last_close"":7331.0,""last_reason_codes"":[""ESTABLISHED_DIRECTIONAL_CONTEXT_RETAINED"",""OBSERVATION_PROPOSAL_MATCHED_CURRENT"",""OBSERVATION_STATE_ORDERLY_DOWNTREND""],""last_snapshot_time"":""2026-08-03T10:15:00+05:30"",""leg_age_bars"":2,""leg_anchor_price"":7323.0,""leg_anchor_time"":""2026-08-03T10:12:00+05:30"",""leg_extreme_price"":7311.5,""leg_maturity_consumed"":false,""leg_maturity_extreme_price"":null,""leg_maturity_onset_time"":null,""leg_no_progress_bars"":1,""observation_count"":21,""pending_bars"":0,""pending_state"":null,""protection_level"":7323.0,""protection_source"":""INITIAL_DIRECTIONAL_ANCHOR"",""protection_time"":""2026-08-03T10:12:00+05:30"",""pullback_age_bars"":0,""pullback_candidate_bars"":1,""pullback_extreme_price"":null,""reacceleration_age_bars"":0,""recompression_age_bars"":0,""reversal_confirmation_bars"":0,""reversal_side"":""UNKNOWN"",""state_age_bars"":2,""trading_day"":""2026-08-03"",""trend_anchor_price"":7323.0,""trend_candidate_bars"":1,""trend_candidate_side"":""DOWN"",""trend_extreme_price"":7311.5,""trend_failure_age_bars"":0,""trend_onset_time"":""2026-08-03T10:12:00+05:30""},""symbol"":""ABB"",""trading_day"":""2026-08-03""}"
restoration-v3-current-day,development,restoration-trend-control-v3,backtest-default,OK,,,,ABB,2026-08-03,2026-08-03T10:18:00+05:30,2026-08-03T10:15:00+05:30,SNAPSHOT_AUCTION_AUTHORITY_V3A,3m,True,True,7321.0,2026-08-03T10:18:00,7331.0,7350.0,7315.0,7321.0,15959.0,35.614514969749926,BALANCE_QUALIFIED,SELL,dynamic_balance_waiting_for_stable_historical_cutoff,RANGE_ACCEPTED,DYNAMIC:2026-08-03T09:45:00+05:30:2026-08-03T10:03:00+05:30,7311.0,7370.0,5,ok,TURNING_UP,0.07019609847623749,-0.02807843939049499,OK,INCREMENTAL_PREVIOUS_SNAPSHOT,AUTOTRADES_AUCTION_ENGINE,1.1.0,,,ORDERLY_DOWNTREND,DOWN,DOWN,False,False,False,UNKNOWN,True,False,False,7323.0,INITIAL_DIRECTIONAL_ANCHOR,2026-08-03T10:12:00+05:30,DYNAMIC:2026-08-03T09:45:00+05:30:2026-08-03T10:03:00+05:30,7311.0,7370.0,True,0.1694915254237288,0.31297709923664124,PRICE_ACTION,0.6726830663615561,ESTABLISHED_DIRECTIONAL_CONTEXT_RETAINED|OBSERVATION_PROPOSAL_MATCHED_CURRENT|OBSERVATION_STATE_ORDERLY_DOWNTREND|OBJECTIVE_REJECTION_OBSERVED|OBJECTIVE_ACCEPTED_RANGE_GEOMETRY_PRESENT|OBJECTIVE_TREND_PROTECTION_GEOMETRY_PRESENT,DIR:ABB:2026-08-03:001:DOWN:101500,DIRECTIONAL,DIRECTIONAL,DOWN,OBSERVATION_CONFIRMATION,,,2026-08-03T10:15:00+05:30,2026-08-03T10:15:00+05:30,2,7331.0,7315.0,2026-08-03T10:15:00+05:30,7323.0,INITIAL_DIRECTIONAL_ANCHOR,,,,0,0.0,0,False,DIRECTIONAL_EPISODE_RETAINED,1,UNKNOWN,0,0,0,0,0,ORDERLY_DOWNTREND,2026-08-03T10:18:00+05:30,DIRECTIONAL_EPISODE_RETAINED,BAL:ABB:2026-08-03:001:NEUTRAL:100600,FORMING,PROBABLE,1,,7311.0,7370.0,,,UNKNOWN,0,0,0,0,False,False,BALANCE_SOURCE_RANGE_RETAINED|BALANCE_BAR_CONTAINED_IN_CANDIDATE|BALANCE_CONTAINMENT_PROGRESS|BALANCE_PROBABLE_CONFIRMED,1,BAL:ABB:2026-08-03:001:NEUTRAL:100600:BALANCE_PROBABLE:101800,BALANCE_PROBABLE,UNKNOWN,BAL:ABB:2026-08-03:001:NEUTRAL:100600,"BALANCE_PROBABLE:ACCUMULATED_BALANCE_OCCUPANCY_PROBABLE,PROBABLE_BALANCE_REMAINS_DIAGNOSTIC_ONLY",0,,,,,MATCH,MATCH,CONFLICT,MATCH,False,0,False,False,False,True,EPISODE_SLOPE_CONFLICT,TRANSITIONAL_CONFLICT,"[""event_id='BAL:ABB:2026-08-03:001:NEUTRAL:100600:BALANCE_PROBABLE:101800' event_type=<AuctionEventType.BALANCE_PROBABLE: 'BALANCE_PROBABLE'> episode_id='BAL:ABB:2026-08-03:001:NEUTRAL:100600' symbol='ABB' trading_day=datetime.date(2026, 8, 3) event_time=datetime.datetime(2026, 8, 3, 10, 18, tzinfo=TzInfo(19800)) direction=<DirectionalBias.UNKNOWN: 'UNKNOWN'> reason_codes=('ACCUMULATED_BALANCE_OCCUPANCY_PROBABLE', 'PROBABLE_BALANCE_REMAINS_DIAGNOSTIC_ONLY') data={'range_id': None, 'frozen_low': None, 'frozen_high': None, 'candidate_low': 7311.0, 'candidate_high': 7370.0, 'rearm_required': False, 'containment_bars': 3, 'source_range_ids': ['DYNAMIC:2026-08-03T09:45:00+05:30:2026-08-03T10:03:00+05:30'], 'containment_ratio': 0.6, 'rearm_bars_elapsed': 0, 'failed_escape_count': 0, 'escape_attempt_count': 0, 'attempt_limit_reached': False, 'candidate_merge_count': 0, 'forming_bars_observed': 5, 'last_escape_direction': 'UNKNOWN', 'last_escape_failed_at': None, 'last_escape_started_at': None, 'meaningful_escape_bars': 0, 'candidate_last_valid_at': '2026-08-03T10:18:00+05:30', 'marginal_excursion_bars': 2, 'up_escape_attempt_count': 0, 'rearm_inside_close_count': 0, 'down_escape_attempt_count': 0, 'candidate_bar_expansion_count': 0}""]",[],"{""accepted_range_breakout_eligible"":true,""accepted_range_established_at"":""2026-08-03T10:03:00+05:30"",""accepted_range_high"":7370.0,""accepted_range_id"":""DYNAMIC:2026-08-03T09:45:00+05:30:2026-08-03T10:03:00+05:30"",""accepted_range_inside"":true,""accepted_range_low"":7311.0,""accepted_range_outside_atr"":0.0,""accepted_range_position"":0.1694915254237288,""accepted_range_provisional"":false,""atr"":35.614514969749926,""close"":7321.0,""current_leg_mature"":false,""directional_bias"":""DOWN"",""directional_efficiency"":0.31297709923664124,""directional_efficiency_source"":""PRICE_ACTION"",""exhausted_side"":""UNKNOWN"",""exhaustion_active"":false,""extension_mature"":false,""failed_extreme_observed"":false,""high"":7350.0,""low"":7315.0,""observation_state"":""ORDERLY_DOWNTREND"",""overlap_ratio"":0.6726830663615561,""range_width_atr"":1.6566279240392048,""rejection_observed"":true,""snapshot_time"":""2026-08-03T10:18:00+05:30"",""source_reason_codes"":[""ESTABLISHED_DIRECTIONAL_CONTEXT_RETAINED"",""OBSERVATION_PROPOSAL_MATCHED_CURRENT"",""OBSERVATION_STATE_ORDERLY_DOWNTREND"",""OBJECTIVE_REJECTION_OBSERVED"",""OBJECTIVE_ACCEPTED_RANGE_GEOMETRY_PRESENT"",""OBJECTIVE_TREND_PROTECTION_GEOMETRY_PRESENT""],""structural_failure_confirmed"":false,""symbol"":""ABB"",""trading_day"":""2026-08-03"",""trend_direction"":""DOWN"",""trend_protection_level"":7323.0,""trend_protection_source"":""INITIAL_DIRECTIONAL_ANCHOR"",""trend_protection_time"":""2026-08-03T10:12:00+05:30""}","{""continuation_failure_seen"":false,""continuation_failure_time"":null,""current_state"":""DIRECTIONAL"",""direction"":""DOWN"",""episode_id"":""DIR:ABB:2026-08-03:001:DOWN:101500"",""extreme_price"":7315.0,""extreme_time"":""2026-08-03T10:15:00+05:30"",""first_adverse_bar_close"":null,""first_adverse_bar_level"":null,""first_adverse_bar_time"":null,""origin_event_id"":null,""origin_price"":7331.0,""origin_source"":""OBSERVATION_CONFIRMATION"",""parent_episode_id"":null,""previous_state"":""DIRECTIONAL"",""protection_level"":7323.0,""protection_source"":""INITIAL_DIRECTIONAL_ANCHOR"",""reason_codes"":[""DIRECTIONAL_EPISODE_RETAINED""],""rejection_seen"":false,""reversal_confirmation_breach_closes"":0,""reversal_confirmation_level"":null,""reversal_confirmation_level_time"":null,""reversal_confirmation_source"":"""",""reversal_leg_failure_closes"":0,""reversal_leg_progress_atr"":0.0,""reversal_leg_progress_bars"":0,""started_at"":""2026-08-03T10:15:00+05:30"",""state_age_bars"":2,""state_started_at"":""2026-08-03T10:15:00+05:30""}","{""attempt_limit_reached"":false,""candidate_bar_expansion_count"":0,""candidate_high"":7370.0,""candidate_last_valid_at"":""2026-08-03T10:18:00+05:30"",""candidate_low"":7311.0,""candidate_merge_count"":0,""containment_bars"":3,""containment_ratio"":0.6,""current_state"":""PROBABLE"",""down_escape_attempt_count"":0,""episode_id"":""BAL:ABB:2026-08-03:001:NEUTRAL:100600"",""escape_attempt_count"":0,""escape_direction"":""UNKNOWN"",""failed_escape_count"":0,""forming_bars_observed"":5,""forming_invalid_bars"":0,""frozen_high"":null,""frozen_low"":null,""last_escape_direction"":""UNKNOWN"",""last_escape_failed_at"":null,""last_escape_started_at"":null,""marginal_excursion_bars"":2,""meaningful_escape_bars"":0,""outside_close_count"":0,""previous_state"":""FORMING"",""range_id"":null,""rearm_bars_elapsed"":0,""rearm_inside_close_count"":0,""rearm_required"":false,""reason_codes"":[""BALANCE_SOURCE_RANGE_RETAINED"",""BALANCE_BAR_CONTAINED_IN_CANDIDATE"",""BALANCE_CONTAINMENT_PROGRESS"",""BALANCE_PROBABLE_CONFIRMED""],""reentry_close_count"":0,""source_range_ids"":[""DYNAMIC:2026-08-03T09:45:00+05:30:2026-08-03T10:03:00+05:30""],""started_at"":""2026-08-03T10:06:00+05:30"",""state_age_bars"":1,""state_started_at"":""2026-08-03T10:18:00+05:30"",""up_escape_attempt_count"":0}","{""balance_attempt_limit_reached"":false,""balance_candidate_bar_expansion_count"":0,""balance_candidate_merge_count"":0,""balance_containment_ratio"":0.6,""balance_down_escape_attempt_count"":0,""balance_escape_attempt_count"":0,""balance_failed_escape_count"":0,""balance_forming_bars_observed"":5,""balance_forming_invalid_bars"":0,""balance_last_escape_direction"":""UNKNOWN"",""balance_last_escape_failed_at"":null,""balance_last_escape_started_at"":null,""balance_marginal_excursion_bars"":2,""balance_meaningful_escape_bars"":0,""balance_rearm_bars_elapsed"":0,""balance_rearm_inside_close_count"":0,""balance_rearm_required"":false,""balance_up_escape_attempt_count"":0,""directional_origin_event_id"":null,""directional_origin_source"":""OBSERVATION_CONFIRMATION"",""directional_parent_episode_id"":null,""directional_reversal_watch_age_bars"":0,""directional_start_candidate_bars"":0,""directional_start_candidate_side"":""UNKNOWN"",""observation_accepted_range_id"":""DYNAMIC:2026-08-03T09:45:00+05:30:2026-08-03T10:03:00+05:30"",""observation_current_leg_mature"":false,""observation_directional_bias"":""DOWN"",""observation_exhaustion_active"":false,""observation_state"":""ORDERLY_DOWNTREND""}","{""balance"":{""attempt_limit_reached"":false,""candidate_bar_expansion_count"":0,""candidate_high"":7370.0,""candidate_last_valid_at"":""2026-08-03T10:18:00+05:30"",""candidate_low"":7311.0,""candidate_merge_count"":0,""containment_bars"":3,""down_escape_attempt_count"":0,""emitted_event_ids"":[""BAL:ABB:2026-08-03:001:NEUTRAL:100600:BALANCE_FORMING_STARTED:100600"",""BAL:ABB:2026-08-03:001:NEUTRAL:100600:BALANCE_PROBABLE:101800""],""episode_id"":""BAL:ABB:2026-08-03:001:NEUTRAL:100600"",""escape_attempt_count"":0,""escape_direction"":""UNKNOWN"",""failed_escape_count"":0,""forming_bars_observed"":5,""forming_invalid_bars"":0,""frozen_high"":null,""frozen_low"":null,""last_escape_direction"":""UNKNOWN"",""last_escape_failed_at"":null,""last_escape_started_at"":null,""last_reason_codes"":[""BALANCE_SOURCE_RANGE_RETAINED"",""BALANCE_BAR_CONTAINED_IN_CANDIDATE"",""BALANCE_CONTAINMENT_PROGRESS"",""BALANCE_PROBABLE_CONFIRMED""],""marginal_excursion_bars"":2,""meaningful_escape_bars"":0,""outside_close_count"":0,""range_id"":null,""rearm_bars_elapsed"":0,""rearm_inside_close_count"":0,""rearm_required"":false,""reentry_close_count"":0,""sequence"":1,""source_range_ids"":[""DYNAMIC:2026-08-03T09:45:00+05:30:2026-08-03T10:03:00+05:30""],""started_at"":""2026-08-03T10:06:00+05:30"",""state"":""PROBABLE"",""state_age_bars"":1,""state_started_at"":""2026-08-03T10:18:00+05:30"",""up_escape_attempt_count"":0},""directional"":{""continuation_failure_progress_bars"":0,""continuation_failure_seen"":false,""continuation_failure_seen_at"":null,""direction"":""DOWN"",""emitted_event_ids"":[""DIR:ABB:2026-08-03:001:DOWN:101500:DIRECTIONAL_STARTED:101500""],""episode_id"":""DIR:ABB:2026-08-03:001:DOWN:101500"",""extreme_price"":7315.0,""extreme_time"":""2026-08-03T10:15:00+05:30"",""first_adverse_bar_close"":null,""first_adverse_bar_level"":null,""first_adverse_bar_time"":null,""inactive_bars"":0,""last_close"":7321.0,""last_observation_state"":""ORDERLY_DOWNTREND"",""last_observation_state_time"":""2026-08-03T10:18:00+05:30"",""last_reason_codes"":[""DIRECTIONAL_EPISODE_RETAINED""],""opposite_control_bars"":0,""origin_event_id"":null,""origin_price"":7331.0,""origin_source"":""OBSERVATION_CONFIRMATION"",""parent_episode_id"":null,""protection_level"":7323.0,""protection_source"":""INITIAL_DIRECTIONAL_ANCHOR"",""protection_time"":""2026-08-03T10:12:00+05:30"",""rejection_seen"":false,""rejection_seen_at"":null,""reversal_confirmation_breach_closes"":0,""reversal_confirmation_level"":null,""reversal_confirmation_level_time"":null,""reversal_confirmation_source"":"""",""reversal_leg_failure_closes"":0,""reversal_leg_progress_atr"":0.0,""reversal_leg_progress_bars"":0,""reversal_watch_age_bars"":0,""sequence"":1,""start_candidate_bars"":0,""start_candidate_side"":""UNKNOWN"",""started_at"":""2026-08-03T10:15:00+05:30"",""state"":""DIRECTIONAL"",""state_age_bars"":2,""state_started_at"":""2026-08-03T10:15:00+05:30"",""trend_restore_bars"":0},""evidence_history"":[{""atr"":48.81358305483191,""bar"":{""body_fraction"":0.08108108108108109,""close"":7342.0,""close_position"":0.6486486486486487,""direction"":""UP"",""high"":7348.5,""low"":7330.0,""lower_wick_fraction"":0.5675675675675675,""move_atr"":0.03072915172637628,""move_points"":1.5,""open"":7340.5,""snapshot_time"":""2026-08-03T09:45:00+05:30"",""upper_wick_fraction"":0.35135135135135137,""volume"":18072.0},""close"":7342.0,""trend"":{""ema_ref"":7363.0225946017645,""ema_slow"":7375.933356752482,""hma_order"":""BUY"",""hma_spread_atr"":2.1498712908389677}},{""atr"":48.11261283662963,""bar"":{""body_fraction"":0.0641025641025641,""close"":7345.0,""close_position"":0.8717948717948718,""direction"":""UP"",""high"":7350.0,""low"":7311.0,""lower_wick_fraction"":0.8076923076923077,""move_atr"":0.051961426590756095,""move_points"":2.5,""open"":7342.5,""snapshot_time"":""2026-08-03T09:48:00+05:30"",""upper_wick_fraction"":0.1282051282051282,""volume"":19161.0},""close"":7345.0,""trend"":{""ema_ref"":7362.843265302245,""ema_slow"":7375.320815034611,""hma_order"":""BUY"",""hma_spread_atr"":2.0935537386963365}},{""atr"":47.2474262054418,""bar"":{""body_fraction"":0.20833333333333337,""close"":7352.5,""close_position"":0.6666666666666666,""direction"":""UP"",""high"":7364.5,""low"":7328.5,""lower_wick_fraction"":0.4583333333333333,""move_atr"":0.1587388055253722,""move_points"":7.5,""open"":7345.0,""snapshot_time"":""2026-08-03T09:51:00+05:30"",""upper_wick_fraction"":0.3333333333333333,""volume"":9991.0},""close"":7352.5,""trend"":{""ema_ref"":7362.740347239536,""ema_slow"":7374.868917707192,""hma_order"":""BUY"",""hma_spread_atr"":2.0434733722616993}},{""atr"":46.44403861933881,""bar"":{""body_fraction"":0.041666666666666664,""close"":7351.0,""close_position"":0.4722222222222222,""direction"":""DOWN"",""high"":7370.0,""low"":7334.0,""lower_wick_fraction"":0.4722222222222222,""move_atr"":-0.032296932923818036,""move_points"":-1.5,""open"":7352.5,""snapshot_time"":""2026-08-03T09:54:00+05:30"",""upper_wick_fraction"":0.4861111111111111,""volume"":6636.0},""close"":7351.0,""trend"":{""ema_ref"":7362.62352786402,""ema_slow"":7374.396265871405,""hma_order"":""BUY"",""hma_spread_atr"":1.988240505612036}},{""atr"":45.055178717957475,""bar"":{""body_fraction"":0.4074074074074074,""close"":7341.5,""close_position"":0.24074074074074073,""direction"":""DOWN"",""high"":7362.0,""low"":7335.0,""lower_wick_fraction"":0.24074074074074073,""move_atr"":-0.24414507528333856,""move_points"":-11.0,""open"":7352.5,""snapshot_time"":""2026-08-03T09:57:00+05:30"",""upper_wick_fraction"":0.35185185185185186,""volume"":6288.0},""close"":7341.5,""trend"":{""ema_ref"":7362.413343507164,""ema_slow"":7373.744854666032,""hma_order"":""BUY"",""hma_spread_atr"":1.9593282240479009}},{""atr"":43.5869516666748,""bar"":{""body_fraction"":0.42857142857142855,""close"":7331.0,""close_position"":0.5714285714285714,""direction"":""DOWN"",""high"":7341.5,""low"":7317.0,""lower_wick_fraction"":0.5714285714285714,""move_atr"":-0.24089778244409707,""move_points"":-10.5,""open"":7341.5,""snapshot_time"":""2026-08-03T10:00:00+05:30"",""upper_wick_fraction"":0.0,""volume"":6634.0},""close"":7331.0,""trend"":{""ema_ref"":7362.100772925004,""ema_slow"":7372.898421900368,""hma_order"":""BUY"",""hma_spread_atr"":1.9382243448295449}},{""atr"":42.187883690483744,""bar"":{""body_fraction"":0.022222222222222223,""close"":7333.5,""close_position"":0.044444444444444446,""direction"":""UP"",""high"":7355.0,""low"":7332.5,""lower_wick_fraction"":0.022222222222222223,""move_atr"":0.011851744061596154,""move_points"":0.5,""open"":7333.0,""snapshot_time"":""2026-08-03T10:03:00+05:30"",""upper_wick_fraction"":0.9555555555555556,""volume"":12763.0},""close"":7333.5,""trend"":{""ema_ref"":7361.81618811978,""ema_slow"":7372.118255130064,""hma_order"":""BUY"",""hma_spread_atr"":1.9127516695489677}},{""atr"":40.53160628402062,""bar"":{""body_fraction"":0.4473684210526316,""close"":7325.0,""close_position"":0.0,""direction"":""DOWN"",""high"":7344.0,""low"":7325.0,""lower_wick_fraction"":0.0,""move_atr"":-0.2097128828410406,""move_points"":-8.5,""open"":7333.5,""snapshot_time"":""2026-08-03T10:06:00+05:30"",""upper_wick_fraction"":0.5526315789473685,""volume"":4534.0},""close"":7325.0,""trend"":{""ema_ref"":7361.449857889734,""ema_slow"":7371.185220375013,""hma_order"":""BUY"",""hma_spread_atr"":1.9023133930314753}},{""atr"":38.779348692304865,""bar"":{""body_fraction"":0.875,""close"":7311.0,""close_position"":0.0625,""direction"":""DOWN"",""high"":7326.0,""low"":7310.0,""lower_wick_fraction"":0.0625,""move_atr"":-0.3610168935812497,""move_points"":-14.0,""open"":7325.0,""snapshot_time"":""2026-08-03T10:09:00+05:30"",""upper_wick_fraction"":0.0625,""volume"":4622.0},""close"":7311.0,""trend"":{""ema_ref"":7360.947869254015,""ema_slow"":7369.993433832934,""hma_order"":""BUY"",""hma_spread_atr"":1.906676400113136}},{""atr"":36.86653807142594,""bar"":{""body_fraction"":0.391304347826087,""close"":7316.0,""close_position"":0.391304347826087,""direction"":""UP"",""high"":7323.0,""low"":7311.5,""lower_wick_fraction"":0.0,""move_atr"":0.122061908587175,""move_points"":4.5,""open"":7311.5,""snapshot_time"":""2026-08-03T10:12:00+05:30"",""upper_wick_fraction"":0.6086956521739131,""volume"":3691.0},""close"":7316.0,""trend"":{""ema_ref"":7360.500626773876,""ema_slow"":7368.924256925351,""hma_order"":""SELL"",""hma_spread_atr"":2.002432922032921}},{""atr"":35.66178535203838,""bar"":{""body_fraction"":0.65,""close"":7331.0,""close_position"":0.8,""direction"":""UP"",""high"":7335.0,""low"":7315.0,""lower_wick_fraction"":0.15,""move_atr"":0.36453587142846,""move_points"":13.0,""open"":7318.0,""snapshot_time"":""2026-08-03T10:15:00+05:30"",""upper_wick_fraction"":0.2,""volume"":3755.0},""close"":7331.0,""trend"":{""ema_ref"":7360.207088199012,""ema_slow"":7368.17328154069,""hma_order"":""SELL"",""hma_spread_atr"":2.073920829557512}},{""atr"":35.614514969749926,""bar"":{""body_fraction"":0.2857142857142857,""close"":7321.0,""close_position"":0.17142857142857143,""direction"":""DOWN"",""high"":7350.0,""low"":7315.0,""lower_wick_fraction"":0.17142857142857143,""move_atr"":-0.28078439390494997,""move_points"":-10.0,""open"":7331.0,""snapshot_time"":""2026-08-03T10:18:00+05:30"",""upper_wick_fraction"":0.5428571428571428,""volume"":15959.0},""close"":7321.0,""trend"":{""ema_ref"":7359.816967918426,""ema_slow"":7367.2391571537455,""hma_order"":""SELL"",""hma_spread_atr"":2.0183492807649235}}],""last_observation_hash"":""5835a82371029b1505f7eea87c0f5ed3a01880d8c816a58fe3d42d0ecf492983"",""last_snapshot_time"":""2026-08-03T10:18:00+05:30"",""observation"":{""compression_box_high"":7350.0,""compression_box_low"":7315.0,""compression_candidate_bars"":2,""current_state"":""ORDERLY_DOWNTREND"",""established_side"":""DOWN"",""exhaustion_active"":false,""exhaustion_age_bars"":0,""exhaustion_clear_bars"":0,""exhaustion_last_seen_at"":null,""exhaustion_side"":""UNKNOWN"",""exhaustion_started_at"":null,""failure_breach_bars"":0,""last_close"":7321.0,""last_reason_codes"":[""ESTABLISHED_DIRECTIONAL_CONTEXT_RETAINED"",""OBSERVATION_PROPOSAL_MATCHED_CURRENT"",""OBSERVATION_STATE_ORDERLY_DOWNTREND""],""last_snapshot_time"":""2026-08-03T10:18:00+05:30"",""leg_age_bars"":3,""leg_anchor_price"":7323.0,""leg_anchor_time"":""2026-08-03T10:12:00+05:30"",""leg_extreme_price"":7311.5,""leg_maturity_consumed"":false,""leg_maturity_extreme_price"":null,""leg_maturity_onset_time"":null,""leg_no_progress_bars"":2,""observation_count"":22,""pending_bars"":0,""pending_state"":null,""protection_level"":7323.0,""protection_source"":""INITIAL_DIRECTIONAL_ANCHOR"",""protection_time"":""2026-08-03T10:12:00+05:30"",""pullback_age_bars"":0,""pullback_candidate_bars"":0,""pullback_extreme_price"":null,""reacceleration_age_bars"":0,""recompression_age_bars"":0,""reversal_confirmation_bars"":0,""reversal_side"":""UNKNOWN"",""state_age_bars"":3,""trading_day"":""2026-08-03"",""trend_anchor_price"":7323.0,""trend_candidate_bars"":0,""trend_candidate_side"":""UNKNOWN"",""trend_extreme_price"":7311.5,""trend_failure_age_bars"":0,""trend_onset_time"":""2026-08-03T10:12:00+05:30""},""symbol"":""ABB"",""trading_day"":""2026-08-03""}"
restoration-v3-current-day,development,restoration-trend-control-v3,backtest-default,OK,,,,ABB,2026-08-03,2026-08-03T10:21:00+05:30,2026-08-03T10:18:00+05:30,SNAPSHOT_AUCTION_AUTHORITY_V3A,3m,True,True,7346.5,2026-08-03T10:21:00,7324.0,7352.0,7300.5,7346.5,19033.0,36.749192471910646,BALANCE_QUALIFIED,BUY,dynamic_balance_waiting_for_stable_historical_cutoff,RANGE_ACCEPTED,DYNAMIC:2026-08-03T09:45:00+05:30:2026-08-03T10:03:00+05:30,7311.0,7370.0,6,ok,UP_SLOWING,0.2108889877219407,0.24150190529448048,OK,INCREMENTAL_PREVIOUS_SNAPSHOT,AUTOTRADES_AUCTION_ENGINE,1.1.0,,,ORDERLY_DOWNTREND,DOWN,UP,False,False,False,UNKNOWN,True,False,False,7323.0,INITIAL_DIRECTIONAL_ANCHOR,2026-08-03T10:12:00+05:30,DYNAMIC:2026-08-03T09:45:00+05:30:2026-08-03T10:03:00+05:30,7311.0,7370.0,True,0.6016949152542372,0.19254658385093168,PRICE_ACTION,0.7516304347826087,ESTABLISHED_DIRECTIONAL_CONTEXT_RETAINED|OBSERVATION_PROPOSAL_MATCHED_CURRENT|OBSERVATION_STATE_ORDERLY_DOWNTREND|OBJECTIVE_REJECTION_OBSERVED|OBJECTIVE_ACCEPTED_RANGE_GEOMETRY_PRESENT|OBJECTIVE_TREND_PROTECTION_GEOMETRY_PRESENT,DIR:ABB:2026-08-03:001:DOWN:101500,DIRECTIONAL,DIRECTIONAL,DOWN,OBSERVATION_CONFIRMATION,,,2026-08-03T10:15:00+05:30,2026-08-03T10:15:00+05:30,3,7331.0,7300.5,2026-08-03T10:21:00+05:30,7323.0,INITIAL_DIRECTIONAL_ANCHOR,,,,0,0.0,0,False,DIRECTIONAL_EPISODE_RETAINED,1,UNKNOWN,0,0,0,0,0,ORDERLY_DOWNTREND,2026-08-03T10:21:00+05:30,DIRECTIONAL_EPISODE_RETAINED,BAL:ABB:2026-08-03:001:NEUTRAL:100600,PROBABLE,PROBABLE,2,,7300.5,7370.0,,,UNKNOWN,0,0,0,0,False,False,BALANCE_SOURCE_RANGE_RETAINED|BALANCE_CANDIDATE_EXPANDED_FROM_BAR_GEOMETRY|BALANCE_CONTAINMENT_PROGRESS|PROBABLE_BALANCE_RETAINED,0,,,,,,0,,,,,CONFLICT,CONFLICT,CONFLICT,MATCH,True,1,False,False,False,True,EPISODE_TREND_CONFLICT|EPISODE_RAW_STRUCTURE_CONFLICT|EPISODE_SLOPE_CONFLICT|FRESH_OPPOSITE_EVIDENCE,TRANSITIONAL_CONFLICT,[],[],"{""accepted_range_breakout_eligible"":true,""accepted_range_established_at"":""2026-08-03T10:03:00+05:30"",""accepted_range_high"":7370.0,""accepted_range_id"":""DYNAMIC:2026-08-03T09:45:00+05:30:2026-08-03T10:03:00+05:30"",""accepted_range_inside"":true,""accepted_range_low"":7311.0,""accepted_range_outside_atr"":0.0,""accepted_range_position"":0.6016949152542372,""accepted_range_provisional"":false,""atr"":36.749192471910646,""close"":7346.5,""current_leg_mature"":false,""directional_bias"":""DOWN"",""directional_efficiency"":0.19254658385093168,""directional_efficiency_source"":""PRICE_ACTION"",""exhausted_side"":""UNKNOWN"",""exhaustion_active"":false,""extension_mature"":false,""failed_extreme_observed"":false,""high"":7352.0,""low"":7300.5,""observation_state"":""ORDERLY_DOWNTREND"",""overlap_ratio"":0.7516304347826087,""range_width_atr"":1.6054774549154196,""rejection_observed"":true,""snapshot_time"":""2026-08-03T10:21:00+05:30"",""source_reason_codes"":[""ESTABLISHED_DIRECTIONAL_CONTEXT_RETAINED"",""OBSERVATION_PROPOSAL_MATCHED_CURRENT"",""OBSERVATION_STATE_ORDERLY_DOWNTREND"",""OBJECTIVE_REJECTION_OBSERVED"",""OBJECTIVE_ACCEPTED_RANGE_GEOMETRY_PRESENT"",""OBJECTIVE_TREND_PROTECTION_GEOMETRY_PRESENT""],""structural_failure_confirmed"":false,""symbol"":""ABB"",""trading_day"":""2026-08-03"",""trend_direction"":""UP"",""trend_protection_level"":7323.0,""trend_protection_source"":""INITIAL_DIRECTIONAL_ANCHOR"",""trend_protection_time"":""2026-08-03T10:12:00+05:30""}","{""continuation_failure_seen"":false,""continuation_failure_time"":null,""current_state"":""DIRECTIONAL"",""direction"":""DOWN"",""episode_id"":""DIR:ABB:2026-08-03:001:DOWN:101500"",""extreme_price"":7300.5,""extreme_time"":""2026-08-03T10:21:00+05:30"",""first_adverse_bar_close"":null,""first_adverse_bar_level"":null,""first_adverse_bar_time"":null,""origin_event_id"":null,""origin_price"":7331.0,""origin_source"":""OBSERVATION_CONFIRMATION"",""parent_episode_id"":null,""previous_state"":""DIRECTIONAL"",""protection_level"":7323.0,""protection_source"":""INITIAL_DIRECTIONAL_ANCHOR"",""reason_codes"":[""DIRECTIONAL_EPISODE_RETAINED""],""rejection_seen"":false,""reversal_confirmation_breach_closes"":0,""reversal_confirmation_level"":null,""reversal_confirmation_level_time"":null,""reversal_confirmation_source"":"""",""reversal_leg_failure_closes"":0,""reversal_leg_progress_atr"":0.0,""reversal_leg_progress_bars"":0,""started_at"":""2026-08-03T10:15:00+05:30"",""state_age_bars"":3,""state_started_at"":""2026-08-03T10:15:00+05:30""}","{""attempt_limit_reached"":false,""candidate_bar_expansion_count"":1,""candidate_high"":7370.0,""candidate_last_valid_at"":""2026-08-03T10:21:00+05:30"",""candidate_low"":7300.5,""candidate_merge_count"":0,""containment_bars"":4,""containment_ratio"":0.6666666666666666,""current_state"":""PROBABLE"",""down_escape_attempt_count"":0,""episode_id"":""BAL:ABB:2026-08-03:001:NEUTRAL:100600"",""escape_attempt_count"":0,""escape_direction"":""UNKNOWN"",""failed_escape_count"":0,""forming_bars_observed"":6,""forming_invalid_bars"":0,""frozen_high"":null,""frozen_low"":null,""last_escape_direction"":""UNKNOWN"",""last_escape_failed_at"":null,""last_escape_started_at"":null,""marginal_excursion_bars"":2,""meaningful_escape_bars"":0,""outside_close_count"":0,""previous_state"":""PROBABLE"",""range_id"":null,""rearm_bars_elapsed"":0,""rearm_inside_close_count"":0,""rearm_required"":false,""reason_codes"":[""BALANCE_SOURCE_RANGE_RETAINED"",""BALANCE_CANDIDATE_EXPANDED_FROM_BAR_GEOMETRY"",""BALANCE_CONTAINMENT_PROGRESS"",""PROBABLE_BALANCE_RETAINED""],""reentry_close_count"":0,""source_range_ids"":[""DYNAMIC:2026-08-03T09:45:00+05:30:2026-08-03T10:03:00+05:30""],""started_at"":""2026-08-03T10:06:00+05:30"",""state_age_bars"":2,""state_started_at"":""2026-08-03T10:18:00+05:30"",""up_escape_attempt_count"":0}","{""balance_attempt_limit_reached"":false,""balance_candidate_bar_expansion_count"":1,""balance_candidate_merge_count"":0,""balance_containment_ratio"":0.6666666666666666,""balance_down_escape_attempt_count"":0,""balance_escape_attempt_count"":0,""balance_failed_escape_count"":0,""balance_forming_bars_observed"":6,""balance_forming_invalid_bars"":0,""balance_last_escape_direction"":""UNKNOWN"",""balance_last_escape_failed_at"":null,""balance_last_escape_started_at"":null,""balance_marginal_excursion_bars"":2,""balance_meaningful_escape_bars"":0,""balance_rearm_bars_elapsed"":0,""balance_rearm_inside_close_count"":0,""balance_rearm_required"":false,""balance_up_escape_attempt_count"":0,""directional_origin_event_id"":null,""directional_origin_source"":""OBSERVATION_CONFIRMATION"",""directional_parent_episode_id"":null,""directional_reversal_watch_age_bars"":0,""directional_start_candidate_bars"":0,""directional_start_candidate_side"":""UNKNOWN"",""observation_accepted_range_id"":""DYNAMIC:2026-08-03T09:45:00+05:30:2026-08-03T10:03:00+05:30"",""observation_current_leg_mature"":false,""observation_directional_bias"":""DOWN"",""observation_exhaustion_active"":false,""observation_state"":""ORDERLY_DOWNTREND""}","{""balance"":{""attempt_limit_reached"":false,""candidate_bar_expansion_count"":1,""candidate_high"":7370.0,""candidate_last_valid_at"":""2026-08-03T10:21:00+05:30"",""candidate_low"":7300.5,""candidate_merge_count"":0,""containment_bars"":4,""down_escape_attempt_count"":0,""emitted_event_ids"":[""BAL:ABB:2026-08-03:001:NEUTRAL:100600:BALANCE_FORMING_STARTED:100600"",""BAL:ABB:2026-08-03:001:NEUTRAL:100600:BALANCE_PROBABLE:101800""],""episode_id"":""BAL:ABB:2026-08-03:001:NEUTRAL:100600"",""escape_attempt_count"":0,""escape_direction"":""UNKNOWN"",""failed_escape_count"":0,""forming_bars_observed"":6,""forming_invalid_bars"":0,""frozen_high"":null,""frozen_low"":null,""last_escape_direction"":""UNKNOWN"",""last_escape_failed_at"":null,""last_escape_started_at"":null,""last_reason_codes"":[""BALANCE_SOURCE_RANGE_RETAINED"",""BALANCE_CANDIDATE_EXPANDED_FROM_BAR_GEOMETRY"",""BALANCE_CONTAINMENT_PROGRESS"",""PROBABLE_BALANCE_RETAINED""],""marginal_excursion_bars"":2,""meaningful_escape_bars"":0,""outside_close_count"":0,""range_id"":null,""rearm_bars_elapsed"":0,""rearm_inside_close_count"":0,""rearm_required"":false,""reentry_close_count"":0,""sequence"":1,""source_range_ids"":[""DYNAMIC:2026-08-03T09:45:00+05:30:2026-08-03T10:03:00+05:30""],""started_at"":""2026-08-03T10:06:00+05:30"",""state"":""PROBABLE"",""state_age_bars"":2,""state_started_at"":""2026-08-03T10:18:00+05:30"",""up_escape_attempt_count"":0},""directional"":{""continuation_failure_progress_bars"":0,""continuation_failure_seen"":false,""continuation_failure_seen_at"":null,""direction"":""DOWN"",""emitted_event_ids"":[""DIR:ABB:2026-08-03:001:DOWN:101500:DIRECTIONAL_STARTED:101500""],""episode_id"":""DIR:ABB:2026-08-03:001:DOWN:101500"",""extreme_price"":7300.5,""extreme_time"":""2026-08-03T10:21:00+05:30"",""first_adverse_bar_close"":null,""first_adverse_bar_level"":null,""first_adverse_bar_time"":null,""inactive_bars"":0,""last_close"":7346.5,""last_observation_state"":""ORDERLY_DOWNTREND"",""last_observation_state_time"":""2026-08-03T10:21:00+05:30"",""last_reason_codes"":[""DIRECTIONAL_EPISODE_RETAINED""],""opposite_control_bars"":0,""origin_event_id"":null,""origin_price"":7331.0,""origin_source"":""OBSERVATION_CONFIRMATION"",""parent_episode_id"":null,""protection_level"":7323.0,""protection_source"":""INITIAL_DIRECTIONAL_ANCHOR"",""protection_time"":""2026-08-03T10:12:00+05:30"",""rejection_seen"":false,""rejection_seen_at"":null,""reversal_confirmation_breach_closes"":0,""reversal_confirmation_level"":null,""reversal_confirmation_level_time"":null,""reversal_confirmation_source"":"""",""reversal_leg_failure_closes"":0,""reversal_leg_progress_atr"":0.0,""reversal_leg_progress_bars"":0,""reversal_watch_age_bars"":0,""sequence"":1,""start_candidate_bars"":0,""start_candidate_side"":""UNKNOWN"",""started_at"":""2026-08-03T10:15:00+05:30"",""state"":""DIRECTIONAL"",""state_age_bars"":3,""state_started_at"":""2026-08-03T10:15:00+05:30"",""trend_restore_bars"":0},""evidence_history"":[{""atr"":48.11261283662963,""bar"":{""body_fraction"":0.0641025641025641,""close"":7345.0,""close_position"":0.8717948717948718,""direction"":""UP"",""high"":7350.0,""low"":7311.0,""lower_wick_fraction"":0.8076923076923077,""move_atr"":0.051961426590756095,""move_points"":2.5,""open"":7342.5,""snapshot_time"":""2026-08-03T09:48:00+05:30"",""upper_wick_fraction"":0.1282051282051282,""volume"":19161.0},""close"":7345.0,""trend"":{""ema_ref"":7362.843265302245,""ema_slow"":7375.320815034611,""hma_order"":""BUY"",""hma_spread_atr"":2.0935537386963365}},{""atr"":47.2474262054418,""bar"":{""body_fraction"":0.20833333333333337,""close"":7352.5,""close_position"":0.6666666666666666,""direction"":""UP"",""high"":7364.5,""low"":7328.5,""lower_wick_fraction"":0.4583333333333333,""move_atr"":0.1587388055253722,""move_points"":7.5,""open"":7345.0,""snapshot_time"":""2026-08-03T09:51:00+05:30"",""upper_wick_fraction"":0.3333333333333333,""volume"":9991.0},""close"":7352.5,""trend"":{""ema_ref"":7362.740347239536,""ema_slow"":7374.868917707192,""hma_order"":""BUY"",""hma_spread_atr"":2.0434733722616993}},{""atr"":46.44403861933881,""bar"":{""body_fraction"":0.041666666666666664,""close"":7351.0,""close_position"":0.4722222222222222,""direction"":""DOWN"",""high"":7370.0,""low"":7334.0,""lower_wick_fraction"":0.4722222222222222,""move_atr"":-0.032296932923818036,""move_points"":-1.5,""open"":7352.5,""snapshot_time"":""2026-08-03T09:54:00+05:30"",""upper_wick_fraction"":0.4861111111111111,""volume"":6636.0},""close"":7351.0,""trend"":{""ema_ref"":7362.62352786402,""ema_slow"":7374.396265871405,""hma_order"":""BUY"",""hma_spread_atr"":1.988240505612036}},{""atr"":45.055178717957475,""bar"":{""body_fraction"":0.4074074074074074,""close"":7341.5,""close_position"":0.24074074074074073,""direction"":""DOWN"",""high"":7362.0,""low"":7335.0,""lower_wick_fraction"":0.24074074074074073,""move_atr"":-0.24414507528333856,""move_points"":-11.0,""open"":7352.5,""snapshot_time"":""2026-08-03T09:57:00+05:30"",""upper_wick_fraction"":0.35185185185185186,""volume"":6288.0},""close"":7341.5,""trend"":{""ema_ref"":7362.413343507164,""ema_slow"":7373.744854666032,""hma_order"":""BUY"",""hma_spread_atr"":1.9593282240479009}},{""atr"":43.5869516666748,""bar"":{""body_fraction"":0.42857142857142855,""close"":7331.0,""close_position"":0.5714285714285714,""direction"":""DOWN"",""high"":7341.5,""low"":7317.0,""lower_wick_fraction"":0.5714285714285714,""move_atr"":-0.24089778244409707,""move_points"":-10.5,""open"":7341.5,""snapshot_time"":""2026-08-03T10:00:00+05:30"",""upper_wick_fraction"":0.0,""volume"":6634.0},""close"":7331.0,""trend"":{""ema_ref"":7362.100772925004,""ema_slow"":7372.898421900368,""hma_order"":""BUY"",""hma_spread_atr"":1.9382243448295449}},{""atr"":42.187883690483744,""bar"":{""body_fraction"":0.022222222222222223,""close"":7333.5,""close_position"":0.044444444444444446,""direction"":""UP"",""high"":7355.0,""low"":7332.5,""lower_wick_fraction"":0.022222222222222223,""move_atr"":0.011851744061596154,""move_points"":0.5,""open"":7333.0,""snapshot_time"":""2026-08-03T10:03:00+05:30"",""upper_wick_fraction"":0.9555555555555556,""volume"":12763.0},""close"":7333.5,""trend"":{""ema_ref"":7361.81618811978,""ema_slow"":7372.118255130064,""hma_order"":""BUY"",""hma_spread_atr"":1.9127516695489677}},{""atr"":40.53160628402062,""bar"":{""body_fraction"":0.4473684210526316,""close"":7325.0,""close_position"":0.0,""direction"":""DOWN"",""high"":7344.0,""low"":7325.0,""lower_wick_fraction"":0.0,""move_atr"":-0.2097128828410406,""move_points"":-8.5,""open"":7333.5,""snapshot_time"":""2026-08-03T10:06:00+05:30"",""upper_wick_fraction"":0.5526315789473685,""volume"":4534.0},""close"":7325.0,""trend"":{""ema_ref"":7361.449857889734,""ema_slow"":7371.185220375013,""hma_order"":""BUY"",""hma_spread_atr"":1.9023133930314753}},{""atr"":38.779348692304865,""bar"":{""body_fraction"":0.875,""close"":7311.0,""close_position"":0.0625,""direction"":""DOWN"",""high"":7326.0,""low"":7310.0,""lower_wick_fraction"":0.0625,""move_atr"":-0.3610168935812497,""move_points"":-14.0,""open"":7325.0,""snapshot_time"":""2026-08-03T10:09:00+05:30"",""upper_wick_fraction"":0.0625,""volume"":4622.0},""close"":7311.0,""trend"":{""ema_ref"":7360.947869254015,""ema_slow"":7369.993433832934,""hma_order"":""BUY"",""hma_spread_atr"":1.906676400113136}},{""atr"":36.86653807142594,""bar"":{""body_fraction"":0.391304347826087,""close"":7316.0,""close_position"":0.391304347826087,""direction"":""UP"",""high"":7323.0,""low"":7311.5,""lower_wick_fraction"":0.0,""move_atr"":0.122061908587175,""move_points"":4.5,""open"":7311.5,""snapshot_time"":""2026-08-03T10:12:00+05:30"",""upper_wick_fraction"":0.6086956521739131,""volume"":3691.0},""close"":7316.0,""trend"":{""ema_ref"":7360.500626773876,""ema_slow"":7368.924256925351,""hma_order"":""SELL"",""hma_spread_atr"":2.002432922032921}},{""atr"":35.66178535203838,""bar"":{""body_fraction"":0.65,""close"":7331.0,""close_position"":0.8,""direction"":""UP"",""high"":7335.0,""low"":7315.0,""lower_wick_fraction"":0.15,""move_atr"":0.36453587142846,""move_points"":13.0,""open"":7318.0,""snapshot_time"":""2026-08-03T10:15:00+05:30"",""upper_wick_fraction"":0.2,""volume"":3755.0},""close"":7331.0,""trend"":{""ema_ref"":7360.207088199012,""ema_slow"":7368.17328154069,""hma_order"":""SELL"",""hma_spread_atr"":2.073920829557512}},{""atr"":35.614514969749926,""bar"":{""body_fraction"":0.2857142857142857,""close"":7321.0,""close_position"":0.17142857142857143,""direction"":""DOWN"",""high"":7350.0,""low"":7315.0,""lower_wick_fraction"":0.17142857142857143,""move_atr"":-0.28078439390494997,""move_points"":-10.0,""open"":7331.0,""snapshot_time"":""2026-08-03T10:18:00+05:30"",""upper_wick_fraction"":0.5428571428571428,""volume"":15959.0},""close"":7321.0,""trend"":{""ema_ref"":7359.816967918426,""ema_slow"":7367.2391571537455,""hma_order"":""SELL"",""hma_spread_atr"":2.0183492807649235}},{""atr"":36.749192471910646,""bar"":{""body_fraction"":0.4368932038834951,""close"":7346.5,""close_position"":0.8932038834951457,""direction"":""UP"",""high"":7352.0,""low"":7300.5,""lower_wick_fraction"":0.4563106796116505,""move_atr"":0.6122583514507955,""move_points"":22.5,""open"":7324.0,""snapshot_time"":""2026-08-03T10:21:00+05:30"",""upper_wick_fraction"":0.10679611650485436,""volume"":19033.0},""close"":7346.5,""trend"":{""ema_ref"":7359.684460774959,""ema_slow"":7366.828480774463,""hma_order"":""SELL"",""hma_spread_atr"":1.776507157514171}}],""last_observation_hash"":""fecf9d97a449b16a4373c85be1ddd281348367d0a0fa00d49a8fb5ac9dfb19a3"",""last_snapshot_time"":""2026-08-03T10:21:00+05:30"",""observation"":{""compression_box_high"":null,""compression_box_low"":null,""compression_candidate_bars"":0,""current_state"":""ORDERLY_DOWNTREND"",""established_side"":""DOWN"",""exhaustion_active"":false,""exhaustion_age_bars"":0,""exhaustion_clear_bars"":0,""exhaustion_last_seen_at"":null,""exhaustion_side"":""UNKNOWN"",""exhaustion_started_at"":null,""failure_breach_bars"":1,""last_close"":7346.5,""last_reason_codes"":[""ESTABLISHED_DIRECTIONAL_CONTEXT_RETAINED"",""OBSERVATION_PROPOSAL_MATCHED_CURRENT"",""OBSERVATION_STATE_ORDERLY_DOWNTREND""],""last_snapshot_time"":""2026-08-03T10:21:00+05:30"",""leg_age_bars"":4,""leg_anchor_price"":7323.0,""leg_anchor_time"":""2026-08-03T10:12:00+05:30"",""leg_extreme_price"":7300.5,""leg_maturity_consumed"":false,""leg_maturity_extreme_price"":null,""leg_maturity_onset_time"":null,""leg_no_progress_bars"":0,""observation_count"":23,""pending_bars"":0,""pending_state"":null,""protection_level"":7323.0,""protection_source"":""INITIAL_DIRECTIONAL_ANCHOR"",""protection_time"":""2026-08-03T10:12:00+05:30"",""pullback_age_bars"":0,""pullback_candidate_bars"":0,""pullback_extreme_price"":null,""reacceleration_age_bars"":0,""recompression_age_bars"":0,""reversal_confirmation_bars"":0,""reversal_side"":""UNKNOWN"",""state_age_bars"":4,""trading_day"":""2026-08-03"",""trend_anchor_price"":7323.0,""trend_candidate_bars"":0,""trend_candidate_side"":""UNKNOWN"",""trend_extreme_price"":7300.5,""trend_failure_age_bars"":0,""trend_onset_time"":""2026-08-03T10:12:00+05:30""},""symbol"":""ABB"",""trading_day"":""2026-08-03""}"
restoration-v3-current-day,development,restoration-trend-control-v3,backtest-default,OK,,,,ABB,2026-08-03,2026-08-03T10:24:00+05:30,2026-08-03T10:21:00+05:30,SNAPSHOT_AUCTION_AUTHORITY_V3A,3m,True,True,7325.5,2026-08-03T10:24:00,7346.5,7346.5,7317.5,7325.5,3728.0,36.19567872391703,BALANCE_QUALIFIED,SELL,dynamic_balance_waiting_for_stable_historical_cutoff,RANGE_ACCEPTED,DYNAMIC:2026-08-03T09:45:00+05:30:2026-08-03T10:03:00+05:30,7311.0,7370.0,7,ok,UP_SLOWING,0.06216211656540279,0.06561556748570295,OK,INCREMENTAL_PREVIOUS_SNAPSHOT,AUTOTRADES_AUCTION_ENGINE,1.1.0,,,ORDERLY_DOWNTREND,DOWN,DOWN,False,False,False,UNKNOWN,False,False,False,7323.0,INITIAL_DIRECTIONAL_ANCHOR,2026-08-03T10:12:00+05:30,DYNAMIC:2026-08-03T09:45:00+05:30:2026-08-03T10:03:00+05:30,7311.0,7370.0,True,0.2457627118644068,0.08080808080808081,PRICE_ACTION,0.9391304347826086,ESTABLISHED_DIRECTIONAL_CONTEXT_RETAINED|OBSERVATION_PROPOSAL_MATCHED_CURRENT|OBSERVATION_STATE_ORDERLY_DOWNTREND|OBJECTIVE_ACCEPTED_RANGE_GEOMETRY_PRESENT|OBJECTIVE_TREND_PROTECTION_GEOMETRY_PRESENT,DIR:ABB:2026-08-03:001:DOWN:101500,DIRECTIONAL,DIRECTIONAL,DOWN,OBSERVATION_CONFIRMATION,,,2026-08-03T10:15:00+05:30,2026-08-03T10:15:00+05:30,4,7331.0,7300.5,2026-08-03T10:21:00+05:30,7323.0,INITIAL_DIRECTIONAL_ANCHOR,,,,0,0.0,0,False,DIRECTIONAL_EPISODE_RETAINED,1,UNKNOWN,0,0,0,0,0,ORDERLY_DOWNTREND,2026-08-03T10:24:00+05:30,DIRECTIONAL_EPISODE_RETAINED,BAL:ABB:2026-08-03:001:NEUTRAL:100600,PROBABLE,PROBABLE,3,,7300.5,7370.0,,,UNKNOWN,0,0,0,0,False,False,BALANCE_SOURCE_RANGE_RETAINED|BALANCE_BAR_CONTAINED_IN_CANDIDATE|BALANCE_CONTAINMENT_PROGRESS|PROBABLE_BALANCE_RETAINED,0,,,,,,0,,,,,MATCH,MATCH,CONFLICT,MATCH,False,0,False,False,False,True,EPISODE_SLOPE_CONFLICT,TRANSITIONAL_CONFLICT,[],[],"{""accepted_range_breakout_eligible"":true,""accepted_range_established_at"":""2026-08-03T10:03:00+05:30"",""accepted_range_high"":7370.0,""accepted_range_id"":""DYNAMIC:2026-08-03T09:45:00+05:30:2026-08-03T10:03:00+05:30"",""accepted_range_inside"":true,""accepted_range_low"":7311.0,""accepted_range_outside_atr"":0.0,""accepted_range_position"":0.2457627118644068,""accepted_range_provisional"":false,""atr"":36.19567872391703,""close"":7325.5,""current_leg_mature"":false,""directional_bias"":""DOWN"",""directional_efficiency"":0.08080808080808081,""directional_efficiency_source"":""PRICE_ACTION"",""exhausted_side"":""UNKNOWN"",""exhaustion_active"":false,""extension_mature"":false,""failed_extreme_observed"":false,""high"":7346.5,""low"":7317.5,""observation_state"":""ORDERLY_DOWNTREND"",""overlap_ratio"":0.9391304347826086,""range_width_atr"":1.6300288343816731,""rejection_observed"":false,""snapshot_time"":""2026-08-03T10:24:00+05:30"",""source_reason_codes"":[""ESTABLISHED_DIRECTIONAL_CONTEXT_RETAINED"",""OBSERVATION_PROPOSAL_MATCHED_CURRENT"",""OBSERVATION_STATE_ORDERLY_DOWNTREND"",""OBJECTIVE_ACCEPTED_RANGE_GEOMETRY_PRESENT"",""OBJECTIVE_TREND_PROTECTION_GEOMETRY_PRESENT""],""structural_failure_confirmed"":false,""symbol"":""ABB"",""trading_day"":""2026-08-03"",""trend_direction"":""DOWN"",""trend_protection_level"":7323.0,""trend_protection_source"":""INITIAL_DIRECTIONAL_ANCHOR"",""trend_protection_time"":""2026-08-03T10:12:00+05:30""}","{""continuation_failure_seen"":false,""continuation_failure_time"":null,""current_state"":""DIRECTIONAL"",""direction"":""DOWN"",""episode_id"":""DIR:ABB:2026-08-03:001:DOWN:101500"",""extreme_price"":7300.5,""extreme_time"":""2026-08-03T10:21:00+05:30"",""first_adverse_bar_close"":null,""first_adverse_bar_level"":null,""first_adverse_bar_time"":null,""origin_event_id"":null,""origin_price"":7331.0,""origin_source"":""OBSERVATION_CONFIRMATION"",""parent_episode_id"":null,""previous_state"":""DIRECTIONAL"",""protection_level"":7323.0,""protection_source"":""INITIAL_DIRECTIONAL_ANCHOR"",""reason_codes"":[""DIRECTIONAL_EPISODE_RETAINED""],""rejection_seen"":false,""reversal_confirmation_breach_closes"":0,""reversal_confirmation_level"":null,""reversal_confirmation_level_time"":null,""reversal_confirmation_source"":"""",""reversal_leg_failure_closes"":0,""reversal_leg_progress_atr"":0.0,""reversal_leg_progress_bars"":0,""started_at"":""2026-08-03T10:15:00+05:30"",""state_age_bars"":4,""state_started_at"":""2026-08-03T10:15:00+05:30""}","{""attempt_limit_reached"":false,""candidate_bar_expansion_count"":1,""candidate_high"":7370.0,""candidate_last_valid_at"":""2026-08-03T10:24:00+05:30"",""candidate_low"":7300.5,""candidate_merge_count"":0,""containment_bars"":5,""containment_ratio"":0.7142857142857143,""current_state"":""PROBABLE"",""down_escape_attempt_count"":0,""episode_id"":""BAL:ABB:2026-08-03:001:NEUTRAL:100600"",""escape_attempt_count"":0,""escape_direction"":""UNKNOWN"",""failed_escape_count"":0,""forming_bars_observed"":7,""forming_invalid_bars"":0,""frozen_high"":null,""frozen_low"":null,""last_escape_direction"":""UNKNOWN"",""last_escape_failed_at"":null,""last_escape_started_at"":null,""marginal_excursion_bars"":2,""meaningful_escape_bars"":0,""outside_close_count"":0,""previous_state"":""PROBABLE"",""range_id"":null,""rearm_bars_elapsed"":0,""rearm_inside_close_count"":0,""rearm_required"":false,""reason_codes"":[""BALANCE_SOURCE_RANGE_RETAINED"",""BALANCE_BAR_CONTAINED_IN_CANDIDATE"",""BALANCE_CONTAINMENT_PROGRESS"",""PROBABLE_BALANCE_RETAINED""],""reentry_close_count"":0,""source_range_ids"":[""DYNAMIC:2026-08-03T09:45:00+05:30:2026-08-03T10:03:00+05:30""],""started_at"":""2026-08-03T10:06:00+05:30"",""state_age_bars"":3,""state_started_at"":""2026-08-03T10:18:00+05:30"",""up_escape_attempt_count"":0}","{""balance_attempt_limit_reached"":false,""balance_candidate_bar_expansion_count"":1,""balance_candidate_merge_count"":0,""balance_containment_ratio"":0.7142857142857143,""balance_down_escape_attempt_count"":0,""balance_escape_attempt_count"":0,""balance_failed_escape_count"":0,""balance_forming_bars_observed"":7,""balance_forming_invalid_bars"":0,""balance_last_escape_direction"":""UNKNOWN"",""balance_last_escape_failed_at"":null,""balance_last_escape_started_at"":null,""balance_marginal_excursion_bars"":2,""balance_meaningful_escape_bars"":0,""balance_rearm_bars_elapsed"":0,""balance_rearm_inside_close_count"":0,""balance_rearm_required"":false,""balance_up_escape_attempt_count"":0,""directional_origin_event_id"":null,""directional_origin_source"":""OBSERVATION_CONFIRMATION"",""directional_parent_episode_id"":null,""directional_reversal_watch_age_bars"":0,""directional_start_candidate_bars"":0,""directional_start_candidate_side"":""UNKNOWN"",""observation_accepted_range_id"":""DYNAMIC:2026-08-03T09:45:00+05:30:2026-08-03T10:03:00+05:30"",""observation_current_leg_mature"":false,""observation_directional_bias"":""DOWN"",""observation_exhaustion_active"":false,""observation_state"":""ORDERLY_DOWNTREND""}","{""balance"":{""attempt_limit_reached"":false,""candidate_bar_expansion_count"":1,""candidate_high"":7370.0,""candidate_last_valid_at"":""2026-08-03T10:24:00+05:30"",""candidate_low"":7300.5,""candidate_merge_count"":0,""containment_bars"":5,""down_escape_attempt_count"":0,""emitted_event_ids"":[""BAL:ABB:2026-08-03:001:NEUTRAL:100600:BALANCE_FORMING_STARTED:100600"",""BAL:ABB:2026-08-03:001:NEUTRAL:100600:BALANCE_PROBABLE:101800""],""episode_id"":""BAL:ABB:2026-08-03:001:NEUTRAL:100600"",""escape_attempt_count"":0,""escape_direction"":""UNKNOWN"",""failed_escape_count"":0,""forming_bars_observed"":7,""forming_invalid_bars"":0,""frozen_high"":null,""frozen_low"":null,""last_escape_direction"":""UNKNOWN"",""last_escape_failed_at"":null,""last_escape_started_at"":null,""last_reason_codes"":[""BALANCE_SOURCE_RANGE_RETAINED"",""BALANCE_BAR_CONTAINED_IN_CANDIDATE"",""BALANCE_CONTAINMENT_PROGRESS"",""PROBABLE_BALANCE_RETAINED""],""marginal_excursion_bars"":2,""meaningful_escape_bars"":0,""outside_close_count"":0,""range_id"":null,""rearm_bars_elapsed"":0,""rearm_inside_close_count"":0,""rearm_required"":false,""reentry_close_count"":0,""sequence"":1,""source_range_ids"":[""DYNAMIC:2026-08-03T09:45:00+05:30:2026-08-03T10:03:00+05:30""],""started_at"":""2026-08-03T10:06:00+05:30"",""state"":""PROBABLE"",""state_age_bars"":3,""state_started_at"":""2026-08-03T10:18:00+05:30"",""up_escape_attempt_count"":0},""directional"":{""continuation_failure_progress_bars"":0,""continuation_failure_seen"":false,""continuation_failure_seen_at"":null,""direction"":""DOWN"",""emitted_event_ids"":[""DIR:ABB:2026-08-03:001:DOWN:101500:DIRECTIONAL_STARTED:101500""],""episode_id"":""DIR:ABB:2026-08-03:001:DOWN:101500"",""extreme_price"":7300.5,""extreme_time"":""2026-08-03T10:21:00+05:30"",""first_adverse_bar_close"":null,""first_adverse_bar_level"":null,""first_adverse_bar_time"":null,""inactive_bars"":0,""last_close"":7325.5,""last_observation_state"":""ORDERLY_DOWNTREND"",""last_observation_state_time"":""2026-08-03T10:24:00+05:30"",""last_reason_codes"":[""DIRECTIONAL_EPISODE_RETAINED""],""opposite_control_bars"":0,""origin_event_id"":null,""origin_price"":7331.0,""origin_source"":""OBSERVATION_CONFIRMATION"",""parent_episode_id"":null,""protection_level"":7323.0,""protection_source"":""INITIAL_DIRECTIONAL_ANCHOR"",""protection_time"":""2026-08-03T10:12:00+05:30"",""rejection_seen"":false,""rejection_seen_at"":null,""reversal_confirmation_breach_closes"":0,""reversal_confirmation_level"":null,""reversal_confirmation_level_time"":null,""reversal_confirmation_source"":"""",""reversal_leg_failure_closes"":0,""reversal_leg_progress_atr"":0.0,""reversal_leg_progress_bars"":0,""reversal_watch_age_bars"":0,""sequence"":1,""start_candidate_bars"":0,""start_candidate_side"":""UNKNOWN"",""started_at"":""2026-08-03T10:15:00+05:30"",""state"":""DIRECTIONAL"",""state_age_bars"":4,""state_started_at"":""2026-08-03T10:15:00+05:30"",""trend_restore_bars"":0},""evidence_history"":[{""atr"":47.2474262054418,""bar"":{""body_fraction"":0.20833333333333337,""close"":7352.5,""close_position"":0.6666666666666666,""direction"":""UP"",""high"":7364.5,""low"":7328.5,""lower_wick_fraction"":0.4583333333333333,""move_atr"":0.1587388055253722,""move_points"":7.5,""open"":7345.0,""snapshot_time"":""2026-08-03T09:51:00+05:30"",""upper_wick_fraction"":0.3333333333333333,""volume"":9991.0},""close"":7352.5,""trend"":{""ema_ref"":7362.740347239536,""ema_slow"":7374.868917707192,""hma_order"":""BUY"",""hma_spread_atr"":2.0434733722616993}},{""atr"":46.44403861933881,""bar"":{""body_fraction"":0.041666666666666664,""close"":7351.0,""close_position"":0.4722222222222222,""direction"":""DOWN"",""high"":7370.0,""low"":7334.0,""lower_wick_fraction"":0.4722222222222222,""move_atr"":-0.032296932923818036,""move_points"":-1.5,""open"":7352.5,""snapshot_time"":""2026-08-03T09:54:00+05:30"",""upper_wick_fraction"":0.4861111111111111,""volume"":6636.0},""close"":7351.0,""trend"":{""ema_ref"":7362.62352786402,""ema_slow"":7374.396265871405,""hma_order"":""BUY"",""hma_spread_atr"":1.988240505612036}},{""atr"":45.055178717957475,""bar"":{""body_fraction"":0.4074074074074074,""close"":7341.5,""close_position"":0.24074074074074073,""direction"":""DOWN"",""high"":7362.0,""low"":7335.0,""lower_wick_fraction"":0.24074074074074073,""move_atr"":-0.24414507528333856,""move_points"":-11.0,""open"":7352.5,""snapshot_time"":""2026-08-03T09:57:00+05:30"",""upper_wick_fraction"":0.35185185185185186,""volume"":6288.0},""close"":7341.5,""trend"":{""ema_ref"":7362.413343507164,""ema_slow"":7373.744854666032,""hma_order"":""BUY"",""hma_spread_atr"":1.9593282240479009}},{""atr"":43.5869516666748,""bar"":{""body_fraction"":0.42857142857142855,""close"":7331.0,""close_position"":0.5714285714285714,""direction"":""DOWN"",""high"":7341.5,""low"":7317.0,""lower_wick_fraction"":0.5714285714285714,""move_atr"":-0.24089778244409707,""move_points"":-10.5,""open"":7341.5,""snapshot_time"":""2026-08-03T10:00:00+05:30"",""upper_wick_fraction"":0.0,""volume"":6634.0},""close"":7331.0,""trend"":{""ema_ref"":7362.100772925004,""ema_slow"":7372.898421900368,""hma_order"":""BUY"",""hma_spread_atr"":1.9382243448295449}},{""atr"":42.187883690483744,""bar"":{""body_fraction"":0.022222222222222223,""close"":7333.5,""close_position"":0.044444444444444446,""direction"":""UP"",""high"":7355.0,""low"":7332.5,""lower_wick_fraction"":0.022222222222222223,""move_atr"":0.011851744061596154,""move_points"":0.5,""open"":7333.0,""snapshot_time"":""2026-08-03T10:03:00+05:30"",""upper_wick_fraction"":0.9555555555555556,""volume"":12763.0},""close"":7333.5,""trend"":{""ema_ref"":7361.81618811978,""ema_slow"":7372.118255130064,""hma_order"":""BUY"",""hma_spread_atr"":1.9127516695489677}},{""atr"":40.53160628402062,""bar"":{""body_fraction"":0.4473684210526316,""close"":7325.0,""close_position"":0.0,""direction"":""DOWN"",""high"":7344.0,""low"":7325.0,""lower_wick_fraction"":0.0,""move_atr"":-0.2097128828410406,""move_points"":-8.5,""open"":7333.5,""snapshot_time"":""2026-08-03T10:06:00+05:30"",""upper_wick_fraction"":0.5526315789473685,""volume"":4534.0},""close"":7325.0,""trend"":{""ema_ref"":7361.449857889734,""ema_slow"":7371.185220375013,""hma_order"":""BUY"",""hma_spread_atr"":1.9023133930314753}},{""atr"":38.779348692304865,""bar"":{""body_fraction"":0.875,""close"":7311.0,""close_position"":0.0625,""direction"":""DOWN"",""high"":7326.0,""low"":7310.0,""lower_wick_fraction"":0.0625,""move_atr"":-0.3610168935812497,""move_points"":-14.0,""open"":7325.0,""snapshot_time"":""2026-08-03T10:09:00+05:30"",""upper_wick_fraction"":0.0625,""volume"":4622.0},""close"":7311.0,""trend"":{""ema_ref"":7360.947869254015,""ema_slow"":7369.993433832934,""hma_order"":""BUY"",""hma_spread_atr"":1.906676400113136}},{""atr"":36.86653807142594,""bar"":{""body_fraction"":0.391304347826087,""close"":7316.0,""close_position"":0.391304347826087,""direction"":""UP"",""high"":7323.0,""low"":7311.5,""lower_wick_fraction"":0.0,""move_atr"":0.122061908587175,""move_points"":4.5,""open"":7311.5,""snapshot_time"":""2026-08-03T10:12:00+05:30"",""upper_wick_fraction"":0.6086956521739131,""volume"":3691.0},""close"":7316.0,""trend"":{""ema_ref"":7360.500626773876,""ema_slow"":7368.924256925351,""hma_order"":""SELL"",""hma_spread_atr"":2.002432922032921}},{""atr"":35.66178535203838,""bar"":{""body_fraction"":0.65,""close"":7331.0,""close_position"":0.8,""direction"":""UP"",""high"":7335.0,""low"":7315.0,""lower_wick_fraction"":0.15,""move_atr"":0.36453587142846,""move_points"":13.0,""open"":7318.0,""snapshot_time"":""2026-08-03T10:15:00+05:30"",""upper_wick_fraction"":0.2,""volume"":3755.0},""close"":7331.0,""trend"":{""ema_ref"":7360.207088199012,""ema_slow"":7368.17328154069,""hma_order"":""SELL"",""hma_spread_atr"":2.073920829557512}},{""atr"":35.614514969749926,""bar"":{""body_fraction"":0.2857142857142857,""close"":7321.0,""close_position"":0.17142857142857143,""direction"":""DOWN"",""high"":7350.0,""low"":7315.0,""lower_wick_fraction"":0.17142857142857143,""move_atr"":-0.28078439390494997,""move_points"":-10.0,""open"":7331.0,""snapshot_time"":""2026-08-03T10:18:00+05:30"",""upper_wick_fraction"":0.5428571428571428,""volume"":15959.0},""close"":7321.0,""trend"":{""ema_ref"":7359.816967918426,""ema_slow"":7367.2391571537455,""hma_order"":""SELL"",""hma_spread_atr"":2.0183492807649235}},{""atr"":36.749192471910646,""bar"":{""body_fraction"":0.4368932038834951,""close"":7346.5,""close_position"":0.8932038834951457,""direction"":""UP"",""high"":7352.0,""low"":7300.5,""lower_wick_fraction"":0.4563106796116505,""move_atr"":0.6122583514507955,""move_points"":22.5,""open"":7324.0,""snapshot_time"":""2026-08-03T10:21:00+05:30"",""upper_wick_fraction"":0.10679611650485436,""volume"":19033.0},""close"":7346.5,""trend"":{""ema_ref"":7359.684460774959,""ema_slow"":7366.828480774463,""hma_order"":""SELL"",""hma_spread_atr"":1.776507157514171}},{""atr"":36.19567872391703,""bar"":{""body_fraction"":0.7241379310344828,""close"":7325.5,""close_position"":0.27586206896551724,""direction"":""DOWN"",""high"":7346.5,""low"":7317.5,""lower_wick_fraction"":0.27586206896551724,""move_atr"":-0.580179754610426,""move_points"":-21.0,""open"":7346.5,""snapshot_time"":""2026-08-03T10:24:00+05:30"",""upper_wick_fraction"":0.0,""volume"":3728.0},""close"":7325.5,""trend"":{""ema_ref"":7359.3443168866515,""ema_slow"":7366.010095016552,""hma_order"":""SELL"",""hma_spread_atr"":1.774790721417432}}],""last_observation_hash"":""16cc67556b9f1284c214c1e402e878792a531c044578b0e2c58222730b253ffd"",""last_snapshot_time"":""2026-08-03T10:24:00+05:30"",""observation"":{""compression_box_high"":null,""compression_box_low"":null,""compression_candidate_bars"":0,""current_state"":""ORDERLY_DOWNTREND"",""established_side"":""DOWN"",""exhaustion_active"":false,""exhaustion_age_bars"":0,""exhaustion_clear_bars"":0,""exhaustion_last_seen_at"":null,""exhaustion_side"":""UNKNOWN"",""exhaustion_started_at"":null,""failure_breach_bars"":0,""last_close"":7325.5,""last_reason_codes"":[""ESTABLISHED_DIRECTIONAL_CONTEXT_RETAINED"",""OBSERVATION_PROPOSAL_MATCHED_CURRENT"",""OBSERVATION_STATE_ORDERLY_DOWNTREND""],""last_snapshot_time"":""2026-08-03T10:24:00+05:30"",""leg_age_bars"":5,""leg_anchor_price"":7323.0,""leg_anchor_time"":""2026-08-03T10:12:00+05:30"",""leg_extreme_price"":7300.5,""leg_maturity_consumed"":false,""leg_maturity_extreme_price"":null,""leg_maturity_onset_time"":null,""leg_no_progress_bars"":1,""observation_count"":24,""pending_bars"":0,""pending_state"":null,""protection_level"":7323.0,""protection_source"":""INITIAL_DIRECTIONAL_ANCHOR"",""protection_time"":""2026-08-03T10:12:00+05:30"",""pullback_age_bars"":0,""pullback_candidate_bars"":0,""pullback_extreme_price"":null,""reacceleration_age_bars"":0,""recompression_age_bars"":0,""reversal_confirmation_bars"":0,""reversal_side"":""UNKNOWN"",""state_age_bars"":5,""trading_day"":""2026-08-03"",""trend_anchor_price"":7323.0,""trend_candidate_bars"":0,""trend_candidate_side"":""UNKNOWN"",""trend_extreme_price"":7300.5,""trend_failure_age_bars"":0,""trend_onset_time"":""2026-08-03T10:12:00+05:30""},""symbol"":""ABB"",""trading_day"":""2026-08-03""}"
restoration-v3-current-day,development,restoration-trend-control-v3,backtest-default,OK,,,,ABB,2026-08-03,2026-08-03T10:27:00+05:30,2026-08-03T10:24:00+05:30,SNAPSHOT_AUCTION_AUTHORITY_V3A,3m,True,True,7329.0,2026-08-03T10:27:00,7325.5,7331.0,7316.5,7329.0,3644.0,34.64598738649438,BALANCE_QUALIFIED,BUY,dynamic_balance_waiting_for_stable_historical_cutoff,RANGE_ACCEPTED,DYNAMIC:2026-08-03T09:45:00+05:30:2026-08-03T10:03:00+05:30,7311.0,7370.0,8,ok,DOWN_ACCELERATING,-0.2525544993822547,-0.014431685678985983,OK,INCREMENTAL_PREVIOUS_SNAPSHOT,AUTOTRADES_AUCTION_ENGINE,1.1.0,,,ORDERLY_DOWNTREND,DOWN,UP,False,False,False,UNKNOWN,True,False,False,7323.0,INITIAL_DIRECTIONAL_ANCHOR,2026-08-03T10:12:00+05:30,DYNAMIC:2026-08-03T09:45:00+05:30:2026-08-03T10:03:00+05:30,7311.0,7370.0,True,0.3050847457627119,0.0425531914893617,PRICE_ACTION,0.9253373313343328,ESTABLISHED_DIRECTIONAL_CONTEXT_RETAINED|OBSERVATION_PROPOSAL_MATCHED_CURRENT|OBSERVATION_STATE_ORDERLY_DOWNTREND|OBJECTIVE_REJECTION_OBSERVED|OBJECTIVE_ACCEPTED_RANGE_GEOMETRY_PRESENT|OBJECTIVE_TREND_PROTECTION_GEOMETRY_PRESENT,DIR:ABB:2026-08-03:001:DOWN:101500,DIRECTIONAL,DIRECTIONAL,DOWN,OBSERVATION_CONFIRMATION,,,2026-08-03T10:15:00+05:30,2026-08-03T10:15:00+05:30,5,7331.0,7300.5,2026-08-03T10:21:00+05:30,7323.0,INITIAL_DIRECTIONAL_ANCHOR,,,,0,0.0,0,False,DIRECTIONAL_EPISODE_RETAINED,1,UNKNOWN,0,0,0,0,0,ORDERLY_DOWNTREND,2026-08-03T10:27:00+05:30,DIRECTIONAL_EPISODE_RETAINED,BAL:ABB:2026-08-03:001:NEUTRAL:100600,PROBABLE,LOCKED,1,DYNAMIC:2026-08-03T09:45:00+05:30:2026-08-03T10:03:00+05:30,7300.5,7370.0,7300.5,7370.0,UNKNOWN,0,0,0,0,False,False,BALANCE_SOURCE_RANGE_RETAINED|BALANCE_BAR_CONTAINED_IN_CANDIDATE|BALANCE_CONTAINMENT_PROGRESS|BALANCE_LOCK_CONFIRMED,1,BAL:ABB:2026-08-03:001:NEUTRAL:100600:BALANCE_LOCKED:102700,BALANCE_LOCKED,UNKNOWN,BAL:ABB:2026-08-03:001:NEUTRAL:100600,"BALANCE_LOCKED:ACCUMULATED_BALANCE_OCCUPANCY_CONFIRMED,BALANCE_HYSTERESIS_LOCK_CONFIRMED",3,CONTINUATION|REACCELERATION|REVERSAL,BLOCK|BLOCK|BLOCK,||,CONTINUATION:BALANCE_LOCKED_CONTINUATION_BLOCK|REACCELERATION:BALANCE_LOCKED_REACCELERATION_BLOCK|REVERSAL:BALANCE_LOCKED_REVERSAL_BLOCK,CONFLICT,CONFLICT,MATCH,MATCH,False,0,False,False,False,True,EPISODE_TREND_CONFLICT|EPISODE_RAW_STRUCTURE_CONFLICT,TRANSITIONAL_CONFLICT,"[""event_id='BAL:ABB:2026-08-03:001:NEUTRAL:100600:BALANCE_LOCKED:102700' event_type=<AuctionEventType.BALANCE_LOCKED: 'BALANCE_LOCKED'> episode_id='BAL:ABB:2026-08-03:001:NEUTRAL:100600' symbol='ABB' trading_day=datetime.date(2026, 8, 3) event_time=datetime.datetime(2026, 8, 3, 10, 27, tzinfo=TzInfo(19800)) direction=<DirectionalBias.UNKNOWN: 'UNKNOWN'> reason_codes=('ACCUMULATED_BALANCE_OCCUPANCY_CONFIRMED', 'BALANCE_HYSTERESIS_LOCK_CONFIRMED') data={'range_id': 'DYNAMIC:2026-08-03T09:45:00+05:30:2026-08-03T10:03:00+05:30', 'frozen_low': 7300.5, 'frozen_high': 7370.0, 'candidate_low': 7300.5, 'candidate_high': 7370.0, 'rearm_required': False, 'containment_bars': 6, 'source_range_ids': ['DYNAMIC:2026-08-03T09:45:00+05:30:2026-08-03T10:03:00+05:30'], 'containment_ratio': 0.75, 'rearm_bars_elapsed': 0, 'failed_escape_count': 0, 'escape_attempt_count': 0, 'attempt_limit_reached': False, 'candidate_merge_count': 0, 'forming_bars_observed': 8, 'last_escape_direction': 'UNKNOWN', 'last_escape_failed_at': None, 'last_escape_started_at': None, 'meaningful_escape_bars': 0, 'candidate_last_valid_at': '2026-08-03T10:27:00+05:30', 'marginal_excursion_bars': 2, 'up_escape_attempt_count': 0, 'rearm_inside_close_count': 0, 'down_escape_attempt_count': 0, 'candidate_bar_expansion_count': 1}""]","[""setup_family=<SetupFamily.CONTINUATION: 'CONTINUATION'> result=<StructuralPermissionResult.BLOCK: 'BLOCK'> source_event_ids=() source_event_types=() balance_state=<BalanceEpisodeState.LOCKED: 'LOCKED'> reason_codes=('BALANCE_LOCKED_CONTINUATION_BLOCK',)"",""setup_family=<SetupFamily.REACCELERATION: 'REACCELERATION'> result=<StructuralPermissionResult.BLOCK: 'BLOCK'> source_event_ids=() source_event_types=() balance_state=<BalanceEpisodeState.LOCKED: 'LOCKED'> reason_codes=('BALANCE_LOCKED_REACCELERATION_BLOCK',)"",""setup_family=<SetupFamily.REVERSAL: 'REVERSAL'> result=<StructuralPermissionResult.BLOCK: 'BLOCK'> source_event_ids=() source_event_types=() balance_state=<BalanceEpisodeState.LOCKED: 'LOCKED'> reason_codes=('BALANCE_LOCKED_REVERSAL_BLOCK',)""]","{""accepted_range_breakout_eligible"":true,""accepted_range_established_at"":""2026-08-03T10:03:00+05:30"",""accepted_range_high"":7370.0,""accepted_range_id"":""DYNAMIC:2026-08-03T09:45:00+05:30:2026-08-03T10:03:00+05:30"",""accepted_range_inside"":true,""accepted_range_low"":7311.0,""accepted_range_outside_atr"":0.0,""accepted_range_position"":0.3050847457627119,""accepted_range_provisional"":false,""atr"":34.64598738649438,""close"":7329.0,""current_leg_mature"":false,""directional_bias"":""DOWN"",""directional_efficiency"":0.0425531914893617,""directional_efficiency_source"":""PRICE_ACTION"",""exhausted_side"":""UNKNOWN"",""exhaustion_active"":false,""extension_mature"":false,""failed_extreme_observed"":false,""high"":7331.0,""low"":7316.5,""observation_state"":""ORDERLY_DOWNTREND"",""overlap_ratio"":0.9253373313343328,""range_width_atr"":1.702938910120346,""rejection_observed"":true,""snapshot_time"":""2026-08-03T10:27:00+05:30"",""source_reason_codes"":[""ESTABLISHED_DIRECTIONAL_CONTEXT_RETAINED"",""OBSERVATION_PROPOSAL_MATCHED_CURRENT"",""OBSERVATION_STATE_ORDERLY_DOWNTREND"",""OBJECTIVE_REJECTION_OBSERVED"",""OBJECTIVE_ACCEPTED_RANGE_GEOMETRY_PRESENT"",""OBJECTIVE_TREND_PROTECTION_GEOMETRY_PRESENT""],""structural_failure_confirmed"":false,""symbol"":""ABB"",""trading_day"":""2026-08-03"",""trend_direction"":""UP"",""trend_protection_level"":7323.0,""trend_protection_source"":""INITIAL_DIRECTIONAL_ANCHOR"",""trend_protection_time"":""2026-08-03T10:12:00+05:30""}","{""continuation_failure_seen"":false,""continuation_failure_time"":null,""current_state"":""DIRECTIONAL"",""direction"":""DOWN"",""episode_id"":""DIR:ABB:2026-08-03:001:DOWN:101500"",""extreme_price"":7300.5,""extreme_time"":""2026-08-03T10:21:00+05:30"",""first_adverse_bar_close"":null,""first_adverse_bar_level"":null,""first_adverse_bar_time"":null,""origin_event_id"":null,""origin_price"":7331.0,""origin_source"":""OBSERVATION_CONFIRMATION"",""parent_episode_id"":null,""previous_state"":""DIRECTIONAL"",""protection_level"":7323.0,""protection_source"":""INITIAL_DIRECTIONAL_ANCHOR"",""reason_codes"":[""DIRECTIONAL_EPISODE_RETAINED""],""rejection_seen"":false,""reversal_confirmation_breach_closes"":0,""reversal_confirmation_level"":null,""reversal_confirmation_level_time"":null,""reversal_confirmation_source"":"""",""reversal_leg_failure_closes"":0,""reversal_leg_progress_atr"":0.0,""reversal_leg_progress_bars"":0,""started_at"":""2026-08-03T10:15:00+05:30"",""state_age_bars"":5,""state_started_at"":""2026-08-03T10:15:00+05:30""}","{""attempt_limit_reached"":false,""candidate_bar_expansion_count"":1,""candidate_high"":7370.0,""candidate_last_valid_at"":""2026-08-03T10:27:00+05:30"",""candidate_low"":7300.5,""candidate_merge_count"":0,""containment_bars"":6,""containment_ratio"":0.75,""current_state"":""LOCKED"",""down_escape_attempt_count"":0,""episode_id"":""BAL:ABB:2026-08-03:001:NEUTRAL:100600"",""escape_attempt_count"":0,""escape_direction"":""UNKNOWN"",""failed_escape_count"":0,""forming_bars_observed"":8,""forming_invalid_bars"":0,""frozen_high"":7370.0,""frozen_low"":7300.5,""last_escape_direction"":""UNKNOWN"",""last_escape_failed_at"":null,""last_escape_started_at"":null,""marginal_excursion_bars"":2,""meaningful_escape_bars"":0,""outside_close_count"":0,""previous_state"":""PROBABLE"",""range_id"":""DYNAMIC:2026-08-03T09:45:00+05:30:2026-08-03T10:03:00+05:30"",""rearm_bars_elapsed"":0,""rearm_inside_close_count"":0,""rearm_required"":false,""reason_codes"":[""BALANCE_SOURCE_RANGE_RETAINED"",""BALANCE_BAR_CONTAINED_IN_CANDIDATE"",""BALANCE_CONTAINMENT_PROGRESS"",""BALANCE_LOCK_CONFIRMED""],""reentry_close_count"":0,""source_range_ids"":[""DYNAMIC:2026-08-03T09:45:00+05:30:2026-08-03T10:03:00+05:30""],""started_at"":""2026-08-03T10:06:00+05:30"",""state_age_bars"":1,""state_started_at"":""2026-08-03T10:27:00+05:30"",""up_escape_attempt_count"":0}","{""balance_attempt_limit_reached"":false,""balance_candidate_bar_expansion_count"":1,""balance_candidate_merge_count"":0,""balance_containment_ratio"":0.75,""balance_down_escape_attempt_count"":0,""balance_escape_attempt_count"":0,""balance_failed_escape_count"":0,""balance_forming_bars_observed"":8,""balance_forming_invalid_bars"":0,""balance_last_escape_direction"":""UNKNOWN"",""balance_last_escape_failed_at"":null,""balance_last_escape_started_at"":null,""balance_marginal_excursion_bars"":2,""balance_meaningful_escape_bars"":0,""balance_rearm_bars_elapsed"":0,""balance_rearm_inside_close_count"":0,""balance_rearm_required"":false,""balance_up_escape_attempt_count"":0,""directional_origin_event_id"":null,""directional_origin_source"":""OBSERVATION_CONFIRMATION"",""directional_parent_episode_id"":null,""directional_reversal_watch_age_bars"":0,""directional_start_candidate_bars"":0,""directional_start_candidate_side"":""UNKNOWN"",""observation_accepted_range_id"":""DYNAMIC:2026-08-03T09:45:00+05:30:2026-08-03T10:03:00+05:30"",""observation_current_leg_mature"":false,""observation_directional_bias"":""DOWN"",""observation_exhaustion_active"":false,""observation_state"":""ORDERLY_DOWNTREND""}","{""balance"":{""attempt_limit_reached"":false,""candidate_bar_expansion_count"":1,""candidate_high"":7370.0,""candidate_last_valid_at"":""2026-08-03T10:27:00+05:30"",""candidate_low"":7300.5,""candidate_merge_count"":0,""containment_bars"":6,""down_escape_attempt_count"":0,""emitted_event_ids"":[""BAL:ABB:2026-08-03:001:NEUTRAL:100600:BALANCE_FORMING_STARTED:100600"",""BAL:ABB:2026-08-03:001:NEUTRAL:100600:BALANCE_LOCKED:102700"",""BAL:ABB:2026-08-03:001:NEUTRAL:100600:BALANCE_PROBABLE:101800""],""episode_id"":""BAL:ABB:2026-08-03:001:NEUTRAL:100600"",""escape_attempt_count"":0,""escape_direction"":""UNKNOWN"",""failed_escape_count"":0,""forming_bars_observed"":8,""forming_invalid_bars"":0,""frozen_high"":7370.0,""frozen_low"":7300.5,""last_escape_direction"":""UNKNOWN"",""last_escape_failed_at"":null,""last_escape_started_at"":null,""last_reason_codes"":[""BALANCE_SOURCE_RANGE_RETAINED"",""BALANCE_BAR_CONTAINED_IN_CANDIDATE"",""BALANCE_CONTAINMENT_PROGRESS"",""BALANCE_LOCK_CONFIRMED""],""marginal_excursion_bars"":2,""meaningful_escape_bars"":0,""outside_close_count"":0,""range_id"":""DYNAMIC:2026-08-03T09:45:00+05:30:2026-08-03T10:03:00+05:30"",""rearm_bars_elapsed"":0,""rearm_inside_close_count"":0,""rearm_required"":false,""reentry_close_count"":0,""sequence"":1,""source_range_ids"":[""DYNAMIC:2026-08-03T09:45:00+05:30:2026-08-03T10:03:00+05:30""],""started_at"":""2026-08-03T10:06:00+05:30"",""state"":""LOCKED"",""state_age_bars"":1,""state_started_at"":""2026-08-03T10:27:00+05:30"",""up_escape_attempt_count"":0},""directional"":{""continuation_failure_progress_bars"":0,""continuation_failure_seen"":false,""continuation_failure_seen_at"":null,""direction"":""DOWN"",""emitted_event_ids"":[""DIR:ABB:2026-08-03:001:DOWN:101500:DIRECTIONAL_STARTED:101500""],""episode_id"":""DIR:ABB:2026-08-03:001:DOWN:101500"",""extreme_price"":7300.5,""extreme_time"":""2026-08-03T10:21:00+05:30"",""first_adverse_bar_close"":null,""first_adverse_bar_level"":null,""first_adverse_bar_time"":null,""inactive_bars"":0,""last_close"":7329.0,""last_observation_state"":""ORDERLY_DOWNTREND"",""last_observation_state_time"":""2026-08-03T10:27:00+05:30"",""last_reason_codes"":[""DIRECTIONAL_EPISODE_RETAINED""],""opposite_control_bars"":0,""origin_event_id"":null,""origin_price"":7331.0,""origin_source"":""OBSERVATION_CONFIRMATION"",""parent_episode_id"":null,""protection_level"":7323.0,""protection_source"":""INITIAL_DIRECTIONAL_ANCHOR"",""protection_time"":""2026-08-03T10:12:00+05:30"",""rejection_seen"":false,""rejection_seen_at"":null,""reversal_confirmation_breach_closes"":0,""reversal_confirmation_level"":null,""reversal_confirmation_level_time"":null,""reversal_confirmation_source"":"""",""reversal_leg_failure_closes"":0,""reversal_leg_progress_atr"":0.0,""reversal_leg_progress_bars"":0,""reversal_watch_age_bars"":0,""sequence"":1,""start_candidate_bars"":0,""start_candidate_side"":""UNKNOWN"",""started_at"":""2026-08-03T10:15:00+05:30"",""state"":""DIRECTIONAL"",""state_age_bars"":5,""state_started_at"":""2026-08-03T10:15:00+05:30"",""trend_restore_bars"":0},""evidence_history"":[{""atr"":46.44403861933881,""bar"":{""body_fraction"":0.041666666666666664,""close"":7351.0,""close_position"":0.4722222222222222,""direction"":""DOWN"",""high"":7370.0,""low"":7334.0,""lower_wick_fraction"":0.4722222222222222,""move_atr"":-0.032296932923818036,""move_points"":-1.5,""open"":7352.5,""snapshot_time"":""2026-08-03T09:54:00+05:30"",""upper_wick_fraction"":0.4861111111111111,""volume"":6636.0},""close"":7351.0,""trend"":{""ema_ref"":7362.62352786402,""ema_slow"":7374.396265871405,""hma_order"":""BUY"",""hma_spread_atr"":1.988240505612036}},{""atr"":45.055178717957475,""bar"":{""body_fraction"":0.4074074074074074,""close"":7341.5,""close_position"":0.24074074074074073,""direction"":""DOWN"",""high"":7362.0,""low"":7335.0,""lower_wick_fraction"":0.24074074074074073,""move_atr"":-0.24414507528333856,""move_points"":-11.0,""open"":7352.5,""snapshot_time"":""2026-08-03T09:57:00+05:30"",""upper_wick_fraction"":0.35185185185185186,""volume"":6288.0},""close"":7341.5,""trend"":{""ema_ref"":7362.413343507164,""ema_slow"":7373.744854666032,""hma_order"":""BUY"",""hma_spread_atr"":1.9593282240479009}},{""atr"":43.5869516666748,""bar"":{""body_fraction"":0.42857142857142855,""close"":7331.0,""close_position"":0.5714285714285714,""direction"":""DOWN"",""high"":7341.5,""low"":7317.0,""lower_wick_fraction"":0.5714285714285714,""move_atr"":-0.24089778244409707,""move_points"":-10.5,""open"":7341.5,""snapshot_time"":""2026-08-03T10:00:00+05:30"",""upper_wick_fraction"":0.0,""volume"":6634.0},""close"":7331.0,""trend"":{""ema_ref"":7362.100772925004,""ema_slow"":7372.898421900368,""hma_order"":""BUY"",""hma_spread_atr"":1.9382243448295449}},{""atr"":42.187883690483744,""bar"":{""body_fraction"":0.022222222222222223,""close"":7333.5,""close_position"":0.044444444444444446,""direction"":""UP"",""high"":7355.0,""low"":7332.5,""lower_wick_fraction"":0.022222222222222223,""move_atr"":0.011851744061596154,""move_points"":0.5,""open"":7333.0,""snapshot_time"":""2026-08-03T10:03:00+05:30"",""upper_wick_fraction"":0.9555555555555556,""volume"":12763.0},""close"":7333.5,""trend"":{""ema_ref"":7361.81618811978,""ema_slow"":7372.118255130064,""hma_order"":""BUY"",""hma_spread_atr"":1.9127516695489677}},{""atr"":40.53160628402062,""bar"":{""body_fraction"":0.4473684210526316,""close"":7325.0,""close_position"":0.0,""direction"":""DOWN"",""high"":7344.0,""low"":7325.0,""lower_wick_fraction"":0.0,""move_atr"":-0.2097128828410406,""move_points"":-8.5,""open"":7333.5,""snapshot_time"":""2026-08-03T10:06:00+05:30"",""upper_wick_fraction"":0.5526315789473685,""volume"":4534.0},""close"":7325.0,""trend"":{""ema_ref"":7361.449857889734,""ema_slow"":7371.185220375013,""hma_order"":""BUY"",""hma_spread_atr"":1.9023133930314753}},{""atr"":38.779348692304865,""bar"":{""body_fraction"":0.875,""close"":7311.0,""close_position"":0.0625,""direction"":""DOWN"",""high"":7326.0,""low"":7310.0,""lower_wick_fraction"":0.0625,""move_atr"":-0.3610168935812497,""move_points"":-14.0,""open"":7325.0,""snapshot_time"":""2026-08-03T10:09:00+05:30"",""upper_wick_fraction"":0.0625,""volume"":4622.0},""close"":7311.0,""trend"":{""ema_ref"":7360.947869254015,""ema_slow"":7369.993433832934,""hma_order"":""BUY"",""hma_spread_atr"":1.906676400113136}},{""atr"":36.86653807142594,""bar"":{""body_fraction"":0.391304347826087,""close"":7316.0,""close_position"":0.391304347826087,""direction"":""UP"",""high"":7323.0,""low"":7311.5,""lower_wick_fraction"":0.0,""move_atr"":0.122061908587175,""move_points"":4.5,""open"":7311.5,""snapshot_time"":""2026-08-03T10:12:00+05:30"",""upper_wick_fraction"":0.6086956521739131,""volume"":3691.0},""close"":7316.0,""trend"":{""ema_ref"":7360.500626773876,""ema_slow"":7368.924256925351,""hma_order"":""SELL"",""hma_spread_atr"":2.002432922032921}},{""atr"":35.66178535203838,""bar"":{""body_fraction"":0.65,""close"":7331.0,""close_position"":0.8,""direction"":""UP"",""high"":7335.0,""low"":7315.0,""lower_wick_fraction"":0.15,""move_atr"":0.36453587142846,""move_points"":13.0,""open"":7318.0,""snapshot_time"":""2026-08-03T10:15:00+05:30"",""upper_wick_fraction"":0.2,""volume"":3755.0},""close"":7331.0,""trend"":{""ema_ref"":7360.207088199012,""ema_slow"":7368.17328154069,""hma_order"":""SELL"",""hma_spread_atr"":2.073920829557512}},{""atr"":35.614514969749926,""bar"":{""body_fraction"":0.2857142857142857,""close"":7321.0,""close_position"":0.17142857142857143,""direction"":""DOWN"",""high"":7350.0,""low"":7315.0,""lower_wick_fraction"":0.17142857142857143,""move_atr"":-0.28078439390494997,""move_points"":-10.0,""open"":7331.0,""snapshot_time"":""2026-08-03T10:18:00+05:30"",""upper_wick_fraction"":0.5428571428571428,""volume"":15959.0},""close"":7321.0,""trend"":{""ema_ref"":7359.816967918426,""ema_slow"":7367.2391571537455,""hma_order"":""SELL"",""hma_spread_atr"":2.0183492807649235}},{""atr"":36.749192471910646,""bar"":{""body_fraction"":0.4368932038834951,""close"":7346.5,""close_position"":0.8932038834951457,""direction"":""UP"",""high"":7352.0,""low"":7300.5,""lower_wick_fraction"":0.4563106796116505,""move_atr"":0.6122583514507955,""move_points"":22.5,""open"":7324.0,""snapshot_time"":""2026-08-03T10:21:00+05:30"",""upper_wick_fraction"":0.10679611650485436,""volume"":19033.0},""close"":7346.5,""trend"":{""ema_ref"":7359.684460774959,""ema_slow"":7366.828480774463,""hma_order"":""SELL"",""hma_spread_atr"":1.776507157514171}},{""atr"":36.19567872391703,""bar"":{""body_fraction"":0.7241379310344828,""close"":7325.5,""close_position"":0.27586206896551724,""direction"":""DOWN"",""high"":7346.5,""low"":7317.5,""lower_wick_fraction"":0.27586206896551724,""move_atr"":-0.580179754610426,""move_points"":-21.0,""open"":7346.5,""snapshot_time"":""2026-08-03T10:24:00+05:30"",""upper_wick_fraction"":0.0,""volume"":3728.0},""close"":7325.5,""trend"":{""ema_ref"":7359.3443168866515,""ema_slow"":7366.010095016552,""hma_order"":""SELL"",""hma_spread_atr"":1.774790721417432}},{""atr"":34.64598738649438,""bar"":{""body_fraction"":0.2413793103448276,""close"":7329.0,""close_position"":0.8620689655172413,""direction"":""UP"",""high"":7331.0,""low"":7316.5,""lower_wick_fraction"":0.6206896551724138,""move_atr"":0.10102179975290188,""move_points"":3.5,""open"":7325.5,""snapshot_time"":""2026-08-03T10:27:00+05:30"",""upper_wick_fraction"":0.13793103448275862,""volume"":3644.0},""close"":7329.0,""trend"":{""ema_ref"":7359.042383385293,""ema_slow"":7365.277221847908,""hma_order"":""BUY"",""hma_spread_atr"":1.8224054731072592}}],""last_observation_hash"":""a5d358b5cae97c9154a50a9f88316bba350f1cea0913200b057c0e7da75844d8"",""last_snapshot_time"":""2026-08-03T10:27:00+05:30"",""observation"":{""compression_box_high"":7331.0,""compression_box_low"":7316.5,""compression_candidate_bars"":1,""current_state"":""ORDERLY_DOWNTREND"",""established_side"":""DOWN"",""exhaustion_active"":false,""exhaustion_age_bars"":0,""exhaustion_clear_bars"":0,""exhaustion_last_seen_at"":null,""exhaustion_side"":""UNKNOWN"",""exhaustion_started_at"":null,""failure_breach_bars"":1,""last_close"":7329.0,""last_reason_codes"":[""ESTABLISHED_DIRECTIONAL_CONTEXT_RETAINED"",""OBSERVATION_PROPOSAL_MATCHED_CURRENT"",""OBSERVATION_STATE_ORDERLY_DOWNTREND""],""last_snapshot_time"":""2026-08-03T10:27:00+05:30"",""leg_age_bars"":6,""leg_anchor_price"":7323.0,""leg_anchor_time"":""2026-08-03T10:12:00+05:30"",""leg_extreme_price"":7300.5,""leg_maturity_consumed"":false,""leg_maturity_extreme_price"":null,""leg_maturity_onset_time"":null,""leg_no_progress_bars"":2,""observation_count"":25,""pending_bars"":0,""pending_state"":null,""protection_level"":7323.0,""protection_source"":""INITIAL_DIRECTIONAL_ANCHOR"",""protection_time"":""2026-08-03T10:12:00+05:30"",""pullback_age_bars"":0,""pullback_candidate_bars"":0,""pullback_extreme_price"":null,""reacceleration_age_bars"":0,""recompression_age_bars"":0,""reversal_confirmation_bars"":0,""reversal_side"":""UNKNOWN"",""state_age_bars"":6,""trading_day"":""2026-08-03"",""trend_anchor_price"":7323.0,""trend_candidate_bars"":0,""trend_candidate_side"":""UNKNOWN"",""trend_extreme_price"":7300.5,""trend_failure_age_bars"":0,""trend_onset_time"":""2026-08-03T10:12:00+05:30""},""symbol"":""ABB"",""trading_day"":""2026-08-03""}"
restoration-v3-current-day,development,restoration-trend-control-v3,backtest-default,OK,,,,ABB,2026-08-03,2026-08-03T10:30:00+05:30,2026-08-03T10:27:00+05:30,SNAPSHOT_AUCTION_AUTHORITY_V3A,3m,True,True,7326.0,2026-08-03T10:30:00,7331.5,7335.5,7324.5,7326.0,4314.0,32.95698828745907,BALANCE_QUALIFIED,SELL,dynamic_balance_stable_across_historical_cutoffs,RANGE_ACCEPTED,DYNAMIC:2026-08-03T09:45:00+05:30:2026-08-03T10:03:00+05:30,7311.0,7370.0,9,ok,UP_SLOWING,0.007585644592868671,0.03792822296434335,OK,INCREMENTAL_PREVIOUS_SNAPSHOT,AUTOTRADES_AUCTION_ENGINE,1.1.0,,,ORDERLY_DOWNTREND,DOWN,DOWN,False,False,False,UNKNOWN,False,False,False,7323.0,INITIAL_DIRECTIONAL_ANCHOR,2026-08-03T10:12:00+05:30,DYNAMIC:2026-08-03T09:45:00+05:30:2026-08-03T10:03:00+05:30,7311.0,7370.0,True,0.2542372881355932,0.18072289156626503,PRICE_ACTION,0.9043887147335424,ESTABLISHED_DIRECTIONAL_CONTEXT_RETAINED|OBSERVATION_PROPOSAL_MATCHED_CURRENT|OBSERVATION_STATE_ORDERLY_DOWNTREND|OBJECTIVE_ACCEPTED_RANGE_GEOMETRY_PRESENT|OBJECTIVE_TREND_PROTECTION_GEOMETRY_PRESENT,DIR:ABB:2026-08-03:001:DOWN:101500,DIRECTIONAL,DIRECTIONAL,DOWN,OBSERVATION_CONFIRMATION,,,2026-08-03T10:15:00+05:30,2026-08-03T10:15:00+05:30,6,7331.0,7300.5,2026-08-03T10:21:00+05:30,7323.0,INITIAL_DIRECTIONAL_ANCHOR,,,,0,0.0,0,False,DIRECTIONAL_EPISODE_RETAINED,1,UNKNOWN,0,0,0,0,0,ORDERLY_DOWNTREND,2026-08-03T10:30:00+05:30,DIRECTIONAL_EPISODE_RETAINED,BAL:ABB:2026-08-03:001:NEUTRAL:100600,LOCKED,LOCKED,2,DYNAMIC:2026-08-03T09:45:00+05:30:2026-08-03T10:03:00+05:30,7300.5,7370.0,7300.5,7370.0,UNKNOWN,0,0,0,0,False,False,FROZEN_BALANCE_RETAINED,0,,,,,,3,CONTINUATION|REACCELERATION|REVERSAL,BLOCK|BLOCK|BLOCK,||,CONTINUATION:BALANCE_LOCKED_CONTINUATION_BLOCK|REACCELERATION:BALANCE_LOCKED_REACCELERATION_BLOCK|REVERSAL:BALANCE_LOCKED_REVERSAL_BLOCK,MATCH,MATCH,CONFLICT,MATCH,False,0,False,False,False,True,EPISODE_SLOPE_CONFLICT,TRANSITIONAL_CONFLICT,[],"[""setup_family=<SetupFamily.CONTINUATION: 'CONTINUATION'> result=<StructuralPermissionResult.BLOCK: 'BLOCK'> source_event_ids=() source_event_types=() balance_state=<BalanceEpisodeState.LOCKED: 'LOCKED'> reason_codes=('BALANCE_LOCKED_CONTINUATION_BLOCK',)"",""setup_family=<SetupFamily.REACCELERATION: 'REACCELERATION'> result=<StructuralPermissionResult.BLOCK: 'BLOCK'> source_event_ids=() source_event_types=() balance_state=<BalanceEpisodeState.LOCKED: 'LOCKED'> reason_codes=('BALANCE_LOCKED_REACCELERATION_BLOCK',)"",""setup_family=<SetupFamily.REVERSAL: 'REVERSAL'> result=<StructuralPermissionResult.BLOCK: 'BLOCK'> source_event_ids=() source_event_types=() balance_state=<BalanceEpisodeState.LOCKED: 'LOCKED'> reason_codes=('BALANCE_LOCKED_REVERSAL_BLOCK',)""]","{""accepted_range_breakout_eligible"":true,""accepted_range_established_at"":""2026-08-03T10:03:00+05:30"",""accepted_range_high"":7370.0,""accepted_range_id"":""DYNAMIC:2026-08-03T09:45:00+05:30:2026-08-03T10:03:00+05:30"",""accepted_range_inside"":true,""accepted_range_low"":7311.0,""accepted_range_outside_atr"":0.0,""accepted_range_position"":0.2542372881355932,""accepted_range_provisional"":false,""atr"":32.95698828745907,""close"":7326.0,""current_leg_mature"":false,""directional_bias"":""DOWN"",""directional_efficiency"":0.18072289156626503,""directional_efficiency_source"":""PRICE_ACTION"",""exhausted_side"":""UNKNOWN"",""exhaustion_active"":false,""extension_mature"":false,""failed_extreme_observed"":false,""high"":7335.5,""low"":7324.5,""observation_state"":""ORDERLY_DOWNTREND"",""overlap_ratio"":0.9043887147335424,""range_width_atr"":1.7902121239170063,""rejection_observed"":false,""snapshot_time"":""2026-08-03T10:30:00+05:30"",""source_reason_codes"":[""ESTABLISHED_DIRECTIONAL_CONTEXT_RETAINED"",""OBSERVATION_PROPOSAL_MATCHED_CURRENT"",""OBSERVATION_STATE_ORDERLY_DOWNTREND"",""OBJECTIVE_ACCEPTED_RANGE_GEOMETRY_PRESENT"",""OBJECTIVE_TREND_PROTECTION_GEOMETRY_PRESENT""],""structural_failure_confirmed"":false,""symbol"":""ABB"",""trading_day"":""2026-08-03"",""trend_direction"":""DOWN"",""trend_protection_level"":7323.0,""trend_protection_source"":""INITIAL_DIRECTIONAL_ANCHOR"",""trend_protection_time"":""2026-08-03T10:12:00+05:30""}","{""continuation_failure_seen"":false,""continuation_failure_time"":null,""current_state"":""DIRECTIONAL"",""direction"":""DOWN"",""episode_id"":""DIR:ABB:2026-08-03:001:DOWN:101500"",""extreme_price"":7300.5,""extreme_time"":""2026-08-03T10:21:00+05:30"",""first_adverse_bar_close"":null,""first_adverse_bar_level"":null,""first_adverse_bar_time"":null,""origin_event_id"":null,""origin_price"":7331.0,""origin_source"":""OBSERVATION_CONFIRMATION"",""parent_episode_id"":null,""previous_state"":""DIRECTIONAL"",""protection_level"":7323.0,""protection_source"":""INITIAL_DIRECTIONAL_ANCHOR"",""reason_codes"":[""DIRECTIONAL_EPISODE_RETAINED""],""rejection_seen"":false,""reversal_confirmation_breach_closes"":0,""reversal_confirmation_level"":null,""reversal_confirmation_level_time"":null,""reversal_confirmation_source"":"""",""reversal_leg_failure_closes"":0,""reversal_leg_progress_atr"":0.0,""reversal_leg_progress_bars"":0,""started_at"":""2026-08-03T10:15:00+05:30"",""state_age_bars"":6,""state_started_at"":""2026-08-03T10:15:00+05:30""}","{""attempt_limit_reached"":false,""candidate_bar_expansion_count"":1,""candidate_high"":7370.0,""candidate_last_valid_at"":""2026-08-03T10:27:00+05:30"",""candidate_low"":7300.5,""candidate_merge_count"":0,""containment_bars"":7,""containment_ratio"":0.7777777777777778,""current_state"":""LOCKED"",""down_escape_attempt_count"":0,""episode_id"":""BAL:ABB:2026-08-03:001:NEUTRAL:100600"",""escape_attempt_count"":0,""escape_direction"":""UNKNOWN"",""failed_escape_count"":0,""forming_bars_observed"":9,""forming_invalid_bars"":0,""frozen_high"":7370.0,""frozen_low"":7300.5,""last_escape_direction"":""UNKNOWN"",""last_escape_failed_at"":null,""last_escape_started_at"":null,""marginal_excursion_bars"":2,""meaningful_escape_bars"":0,""outside_close_count"":0,""previous_state"":""LOCKED"",""range_id"":""DYNAMIC:2026-08-03T09:45:00+05:30:2026-08-03T10:03:00+05:30"",""rearm_bars_elapsed"":0,""rearm_inside_close_count"":0,""rearm_required"":false,""reason_codes"":[""FROZEN_BALANCE_RETAINED""],""reentry_close_count"":0,""source_range_ids"":[""DYNAMIC:2026-08-03T09:45:00+05:30:2026-08-03T10:03:00+05:30""],""started_at"":""2026-08-03T10:06:00+05:30"",""state_age_bars"":2,""state_started_at"":""2026-08-03T10:27:00+05:30"",""up_escape_attempt_count"":0}","{""balance_attempt_limit_reached"":false,""balance_candidate_bar_expansion_count"":1,""balance_candidate_merge_count"":0,""balance_containment_ratio"":0.7777777777777778,""balance_down_escape_attempt_count"":0,""balance_escape_attempt_count"":0,""balance_failed_escape_count"":0,""balance_forming_bars_observed"":9,""balance_forming_invalid_bars"":0,""balance_last_escape_direction"":""UNKNOWN"",""balance_last_escape_failed_at"":null,""balance_last_escape_started_at"":null,""balance_marginal_excursion_bars"":2,""balance_meaningful_escape_bars"":0,""balance_rearm_bars_elapsed"":0,""balance_rearm_inside_close_count"":0,""balance_rearm_required"":false,""balance_up_escape_attempt_count"":0,""directional_origin_event_id"":null,""directional_origin_source"":""OBSERVATION_CONFIRMATION"",""directional_parent_episode_id"":null,""directional_reversal_watch_age_bars"":0,""directional_start_candidate_bars"":0,""directional_start_candidate_side"":""UNKNOWN"",""observation_accepted_range_id"":""DYNAMIC:2026-08-03T09:45:00+05:30:2026-08-03T10:03:00+05:30"",""observation_current_leg_mature"":false,""observation_directional_bias"":""DOWN"",""observation_exhaustion_active"":false,""observation_state"":""ORDERLY_DOWNTREND""}","{""balance"":{""attempt_limit_reached"":false,""candidate_bar_expansion_count"":1,""candidate_high"":7370.0,""candidate_last_valid_at"":""2026-08-03T10:27:00+05:30"",""candidate_low"":7300.5,""candidate_merge_count"":0,""containment_bars"":7,""down_escape_attempt_count"":0,""emitted_event_ids"":[""BAL:ABB:2026-08-03:001:NEUTRAL:100600:BALANCE_FORMING_STARTED:100600"",""BAL:ABB:2026-08-03:001:NEUTRAL:100600:BALANCE_LOCKED:102700"",""BAL:ABB:2026-08-03:001:NEUTRAL:100600:BALANCE_PROBABLE:101800""],""episode_id"":""BAL:ABB:2026-08-03:001:NEUTRAL:100600"",""escape_attempt_count"":0,""escape_direction"":""UNKNOWN"",""failed_escape_count"":0,""forming_bars_observed"":9,""forming_invalid_bars"":0,""frozen_high"":7370.0,""frozen_low"":7300.5,""last_escape_direction"":""UNKNOWN"",""last_escape_failed_at"":null,""last_escape_started_at"":null,""last_reason_codes"":[""FROZEN_BALANCE_RETAINED""],""marginal_excursion_bars"":2,""meaningful_escape_bars"":0,""outside_close_count"":0,""range_id"":""DYNAMIC:2026-08-03T09:45:00+05:30:2026-08-03T10:03:00+05:30"",""rearm_bars_elapsed"":0,""rearm_inside_close_count"":0,""rearm_required"":false,""reentry_close_count"":0,""sequence"":1,""source_range_ids"":[""DYNAMIC:2026-08-03T09:45:00+05:30:2026-08-03T10:03:00+05:30""],""started_at"":""2026-08-03T10:06:00+05:30"",""state"":""LOCKED"",""state_age_bars"":2,""state_started_at"":""2026-08-03T10:27:00+05:30"",""up_escape_attempt_count"":0},""directional"":{""continuation_failure_progress_bars"":0,""continuation_failure_seen"":false,""continuation_failure_seen_at"":null,""direction"":""DOWN"",""emitted_event_ids"":[""DIR:ABB:2026-08-03:001:DOWN:101500:DIRECTIONAL_STARTED:101500""],""episode_id"":""DIR:ABB:2026-08-03:001:DOWN:101500"",""extreme_price"":7300.5,""extreme_time"":""2026-08-03T10:21:00+05:30"",""first_adverse_bar_close"":null,""first_adverse_bar_level"":null,""first_adverse_bar_time"":null,""inactive_bars"":0,""last_close"":7326.0,""last_observation_state"":""ORDERLY_DOWNTREND"",""last_observation_state_time"":""2026-08-03T10:30:00+05:30"",""last_reason_codes"":[""DIRECTIONAL_EPISODE_RETAINED""],""opposite_control_bars"":0,""origin_event_id"":null,""origin_price"":7331.0,""origin_source"":""OBSERVATION_CONFIRMATION"",""parent_episode_id"":null,""protection_level"":7323.0,""protection_source"":""INITIAL_DIRECTIONAL_ANCHOR"",""protection_time"":""2026-08-03T10:12:00+05:30"",""rejection_seen"":false,""rejection_seen_at"":null,""reversal_confirmation_breach_closes"":0,""reversal_confirmation_level"":null,""reversal_confirmation_level_time"":null,""reversal_confirmation_source"":"""",""reversal_leg_failure_closes"":0,""reversal_leg_progress_atr"":0.0,""reversal_leg_progress_bars"":0,""reversal_watch_age_bars"":0,""sequence"":1,""start_candidate_bars"":0,""start_candidate_side"":""UNKNOWN"",""started_at"":""2026-08-03T10:15:00+05:30"",""state"":""DIRECTIONAL"",""state_age_bars"":6,""state_started_at"":""2026-08-03T10:15:00+05:30"",""trend_restore_bars"":0},""evidence_history"":[{""atr"":45.055178717957475,""bar"":{""body_fraction"":0.4074074074074074,""close"":7341.5,""close_position"":0.24074074074074073,""direction"":""DOWN"",""high"":7362.0,""low"":7335.0,""lower_wick_fraction"":0.24074074074074073,""move_atr"":-0.24414507528333856,""move_points"":-11.0,""open"":7352.5,""snapshot_time"":""2026-08-03T09:57:00+05:30"",""upper_wick_fraction"":0.35185185185185186,""volume"":6288.0},""close"":7341.5,""trend"":{""ema_ref"":7362.413343507164,""ema_slow"":7373.744854666032,""hma_order"":""BUY"",""hma_spread_atr"":1.9593282240479009}},{""atr"":43.5869516666748,""bar"":{""body_fraction"":0.42857142857142855,""close"":7331.0,""close_position"":0.5714285714285714,""direction"":""DOWN"",""high"":7341.5,""low"":7317.0,""lower_wick_fraction"":0.5714285714285714,""move_atr"":-0.24089778244409707,""move_points"":-10.5,""open"":7341.5,""snapshot_time"":""2026-08-03T10:00:00+05:30"",""upper_wick_fraction"":0.0,""volume"":6634.0},""close"":7331.0,""trend"":{""ema_ref"":7362.100772925004,""ema_slow"":7372.898421900368,""hma_order"":""BUY"",""hma_spread_atr"":1.9382243448295449}},{""atr"":42.187883690483744,""bar"":{""body_fraction"":0.022222222222222223,""close"":7333.5,""close_position"":0.044444444444444446,""direction"":""UP"",""high"":7355.0,""low"":7332.5,""lower_wick_fraction"":0.022222222222222223,""move_atr"":0.011851744061596154,""move_points"":0.5,""open"":7333.0,""snapshot_time"":""2026-08-03T10:03:00+05:30"",""upper_wick_fraction"":0.9555555555555556,""volume"":12763.0},""close"":7333.5,""trend"":{""ema_ref"":7361.81618811978,""ema_slow"":7372.118255130064,""hma_order"":""BUY"",""hma_spread_atr"":1.9127516695489677}},{""atr"":40.53160628402062,""bar"":{""body_fraction"":0.4473684210526316,""close"":7325.0,""close_position"":0.0,""direction"":""DOWN"",""high"":7344.0,""low"":7325.0,""lower_wick_fraction"":0.0,""move_atr"":-0.2097128828410406,""move_points"":-8.5,""open"":7333.5,""snapshot_time"":""2026-08-03T10:06:00+05:30"",""upper_wick_fraction"":0.5526315789473685,""volume"":4534.0},""close"":7325.0,""trend"":{""ema_ref"":7361.449857889734,""ema_slow"":7371.185220375013,""hma_order"":""BUY"",""hma_spread_atr"":1.9023133930314753}},{""atr"":38.779348692304865,""bar"":{""body_fraction"":0.875,""close"":7311.0,""close_position"":0.0625,""direction"":""DOWN"",""high"":7326.0,""low"":7310.0,""lower_wick_fraction"":0.0625,""move_atr"":-0.3610168935812497,""move_points"":-14.0,""open"":7325.0,""snapshot_time"":""2026-08-03T10:09:00+05:30"",""upper_wick_fraction"":0.0625,""volume"":4622.0},""close"":7311.0,""trend"":{""ema_ref"":7360.947869254015,""ema_slow"":7369.993433832934,""hma_order"":""BUY"",""hma_spread_atr"":1.906676400113136}},{""atr"":36.86653807142594,""bar"":{""body_fraction"":0.391304347826087,""close"":7316.0,""close_position"":0.391304347826087,""direction"":""UP"",""high"":7323.0,""low"":7311.5,""lower_wick_fraction"":0.0,""move_atr"":0.122061908587175,""move_points"":4.5,""open"":7311.5,""snapshot_time"":""2026-08-03T10:12:00+05:30"",""upper_wick_fraction"":0.6086956521739131,""volume"":3691.0},""close"":7316.0,""trend"":{""ema_ref"":7360.500626773876,""ema_slow"":7368.924256925351,""hma_order"":""SELL"",""hma_spread_atr"":2.002432922032921}},{""atr"":35.66178535203838,""bar"":{""body_fraction"":0.65,""close"":7331.0,""close_position"":0.8,""direction"":""UP"",""high"":7335.0,""low"":7315.0,""lower_wick_fraction"":0.15,""move_atr"":0.36453587142846,""move_points"":13.0,""open"":7318.0,""snapshot_time"":""2026-08-03T10:15:00+05:30"",""upper_wick_fraction"":0.2,""volume"":3755.0},""close"":7331.0,""trend"":{""ema_ref"":7360.207088199012,""ema_slow"":7368.17328154069,""hma_order"":""SELL"",""hma_spread_atr"":2.073920829557512}},{""atr"":35.614514969749926,""bar"":{""body_fraction"":0.2857142857142857,""close"":7321.0,""close_position"":0.17142857142857143,""direction"":""DOWN"",""high"":7350.0,""low"":7315.0,""lower_wick_fraction"":0.17142857142857143,""move_atr"":-0.28078439390494997,""move_points"":-10.0,""open"":7331.0,""snapshot_time"":""2026-08-03T10:18:00+05:30"",""upper_wick_fraction"":0.5428571428571428,""volume"":15959.0},""close"":7321.0,""trend"":{""ema_ref"":7359.816967918426,""ema_slow"":7367.2391571537455,""hma_order"":""SELL"",""hma_spread_atr"":2.0183492807649235}},{""atr"":36.749192471910646,""bar"":{""body_fraction"":0.4368932038834951,""close"":7346.5,""close_position"":0.8932038834951457,""direction"":""UP"",""high"":7352.0,""low"":7300.5,""lower_wick_fraction"":0.4563106796116505,""move_atr"":0.6122583514507955,""move_points"":22.5,""open"":7324.0,""snapshot_time"":""2026-08-03T10:21:00+05:30"",""upper_wick_fraction"":0.10679611650485436,""volume"":19033.0},""close"":7346.5,""trend"":{""ema_ref"":7359.684460774959,""ema_slow"":7366.828480774463,""hma_order"":""SELL"",""hma_spread_atr"":1.776507157514171}},{""atr"":36.19567872391703,""bar"":{""body_fraction"":0.7241379310344828,""close"":7325.5,""close_position"":0.27586206896551724,""direction"":""DOWN"",""high"":7346.5,""low"":7317.5,""lower_wick_fraction"":0.27586206896551724,""move_atr"":-0.580179754610426,""move_points"":-21.0,""open"":7346.5,""snapshot_time"":""2026-08-03T10:24:00+05:30"",""upper_wick_fraction"":0.0,""volume"":3728.0},""close"":7325.5,""trend"":{""ema_ref"":7359.3443168866515,""ema_slow"":7366.010095016552,""hma_order"":""SELL"",""hma_spread_atr"":1.774790721417432}},{""atr"":34.64598738649438,""bar"":{""body_fraction"":0.2413793103448276,""close"":7329.0,""close_position"":0.8620689655172413,""direction"":""UP"",""high"":7331.0,""low"":7316.5,""lower_wick_fraction"":0.6206896551724138,""move_atr"":0.10102179975290188,""move_points"":3.5,""open"":7325.5,""snapshot_time"":""2026-08-03T10:27:00+05:30"",""upper_wick_fraction"":0.13793103448275862,""volume"":3644.0},""close"":7329.0,""trend"":{""ema_ref"":7359.042383385293,""ema_slow"":7365.277221847908,""hma_order"":""BUY"",""hma_spread_atr"":1.8224054731072592}},{""atr"":32.95698828745907,""bar"":{""body_fraction"":0.5,""close"":7326.0,""close_position"":0.13636363636363635,""direction"":""DOWN"",""high"":7335.5,""low"":7324.5,""lower_wick_fraction"":0.13636363636363635,""move_atr"":-0.16688418104311076,""move_points"":-5.5,""open"":7331.5,""snapshot_time"":""2026-08-03T10:30:00+05:30"",""upper_wick_fraction"":0.3636363636363637,""volume"":4314.0},""close"":7326.0,""trend"":{""ema_ref"":7358.71360345111,""ema_slow"":7364.499455078641,""hma_order"":""BUY"",""hma_spread_atr"":1.8810305042157016}}],""last_observation_hash"":""9636aaf4ddb490cd3490ec5aeeb6932588063718dcfe25f706892abb5be1f1b8"",""last_snapshot_time"":""2026-08-03T10:30:00+05:30"",""observation"":{""compression_box_high"":null,""compression_box_low"":null,""compression_candidate_bars"":0,""current_state"":""ORDERLY_DOWNTREND"",""established_side"":""DOWN"",""exhaustion_active"":false,""exhaustion_age_bars"":0,""exhaustion_clear_bars"":0,""exhaustion_last_seen_at"":null,""exhaustion_side"":""UNKNOWN"",""exhaustion_started_at"":null,""failure_breach_bars"":0,""last_close"":7326.0,""last_reason_codes"":[""ESTABLISHED_DIRECTIONAL_CONTEXT_RETAINED"",""OBSERVATION_PROPOSAL_MATCHED_CURRENT"",""OBSERVATION_STATE_ORDERLY_DOWNTREND""],""last_snapshot_time"":""2026-08-03T10:30:00+05:30"",""leg_age_bars"":7,""leg_anchor_price"":7323.0,""leg_anchor_time"":""2026-08-03T10:12:00+05:30"",""leg_extreme_price"":7300.5,""leg_maturity_consumed"":false,""leg_maturity_extreme_price"":null,""leg_maturity_onset_time"":null,""leg_no_progress_bars"":3,""observation_count"":26,""pending_bars"":0,""pending_state"":null,""protection_level"":7323.0,""protection_source"":""INITIAL_DIRECTIONAL_ANCHOR"",""protection_time"":""2026-08-03T10:12:00+05:30"",""pullback_age_bars"":0,""pullback_candidate_bars"":0,""pullback_extreme_price"":null,""reacceleration_age_bars"":0,""recompression_age_bars"":0,""reversal_confirmation_bars"":0,""reversal_side"":""UNKNOWN"",""state_age_bars"":7,""trading_day"":""2026-08-03"",""trend_anchor_price"":7323.0,""trend_candidate_bars"":0,""trend_candidate_side"":""UNKNOWN"",""trend_extreme_price"":7300.5,""trend_failure_age_bars"":0,""trend_onset_time"":""2026-08-03T10:12:00+05:30""},""symbol"":""ABB"",""trading_day"":""2026-08-03""}"
restoration-v3-current-day,development,restoration-trend-control-v3,backtest-default,OK,,,,ABB,2026-08-03,2026-08-03T10:33:00+05:30,2026-08-03T10:30:00+05:30,SNAPSHOT_AUCTION_AUTHORITY_V3A,3m,True,True,7320.5,2026-08-03T10:33:00,7326.0,7328.5,7317.0,7320.5,3587.0,31.42434626692628,BALANCE_QUALIFIED,SELL,dynamic_balance_stable_across_historical_cutoffs,RANGE_ACCEPTED,DYNAMIC:2026-08-03T09:45:00+05:30:2026-08-03T10:03:00+05:30,7311.0,7370.0,10,ok,DOWN_SLOWING,-0.13524545471525273,-0.2068459895645042,OK,INCREMENTAL_PREVIOUS_SNAPSHOT,AUTOTRADES_AUCTION_ENGINE,1.1.0,,,ORDERLY_DOWNTREND,DOWN,DOWN,False,False,False,UNKNOWN,False,False,False,7323.0,INITIAL_DIRECTIONAL_ANCHOR,2026-08-03T10:12:00+05:30,DYNAMIC:2026-08-03T09:45:00+05:30:2026-08-03T10:03:00+05:30,7311.0,7370.0,True,0.16101694915254236,0.05389221556886228,PRICE_ACTION,0.777115987460815,ESTABLISHED_DIRECTIONAL_CONTEXT_RETAINED|OBSERVATION_PROPOSAL_MATCHED_CURRENT|OBSERVATION_STATE_ORDERLY_DOWNTREND|OBJECTIVE_ACCEPTED_RANGE_GEOMETRY_PRESENT|OBJECTIVE_TREND_PROTECTION_GEOMETRY_PRESENT,DIR:ABB:2026-08-03:001:DOWN:101500,DIRECTIONAL,DIRECTIONAL,DOWN,OBSERVATION_CONFIRMATION,,,2026-08-03T10:15:00+05:30,2026-08-03T10:15:00+05:30,7,7331.0,7300.5,2026-08-03T10:21:00+05:30,7323.0,INITIAL_DIRECTIONAL_ANCHOR,,,,0,0.0,0,False,DIRECTIONAL_EPISODE_RETAINED,1,UNKNOWN,0,0,0,0,0,ORDERLY_DOWNTREND,2026-08-03T10:33:00+05:30,DIRECTIONAL_EPISODE_RETAINED,BAL:ABB:2026-08-03:001:NEUTRAL:100600,LOCKED,LOCKED,3,DYNAMIC:2026-08-03T09:45:00+05:30:2026-08-03T10:03:00+05:30,7300.5,7370.0,7300.5,7370.0,UNKNOWN,0,0,0,0,False,False,FROZEN_BALANCE_RETAINED,0,,,,,,3,CONTINUATION|REACCELERATION|REVERSAL,BLOCK|BLOCK|BLOCK,||,CONTINUATION:BALANCE_LOCKED_CONTINUATION_BLOCK|REACCELERATION:BALANCE_LOCKED_REACCELERATION_BLOCK|REVERSAL:BALANCE_LOCKED_REVERSAL_BLOCK,MATCH,MATCH,MATCH,MATCH,False,0,False,False,False,True,,COHERENT,[],"[""setup_family=<SetupFamily.CONTINUATION: 'CONTINUATION'> result=<StructuralPermissionResult.BLOCK: 'BLOCK'> source_event_ids=() source_event_types=() balance_state=<BalanceEpisodeState.LOCKED: 'LOCKED'> reason_codes=('BALANCE_LOCKED_CONTINUATION_BLOCK',)"",""setup_family=<SetupFamily.REACCELERATION: 'REACCELERATION'> result=<StructuralPermissionResult.BLOCK: 'BLOCK'> source_event_ids=() source_event_types=() balance_state=<BalanceEpisodeState.LOCKED: 'LOCKED'> reason_codes=('BALANCE_LOCKED_REACCELERATION_BLOCK',)"",""setup_family=<SetupFamily.REVERSAL: 'REVERSAL'> result=<StructuralPermissionResult.BLOCK: 'BLOCK'> source_event_ids=() source_event_types=() balance_state=<BalanceEpisodeState.LOCKED: 'LOCKED'> reason_codes=('BALANCE_LOCKED_REVERSAL_BLOCK',)""]","{""accepted_range_breakout_eligible"":true,""accepted_range_established_at"":""2026-08-03T10:03:00+05:30"",""accepted_range_high"":7370.0,""accepted_range_id"":""DYNAMIC:2026-08-03T09:45:00+05:30:2026-08-03T10:03:00+05:30"",""accepted_range_inside"":true,""accepted_range_low"":7311.0,""accepted_range_outside_atr"":0.0,""accepted_range_position"":0.16101694915254236,""accepted_range_provisional"":false,""atr"":31.42434626692628,""close"":7320.5,""current_leg_mature"":false,""directional_bias"":""DOWN"",""directional_efficiency"":0.05389221556886228,""directional_efficiency_source"":""PRICE_ACTION"",""exhausted_side"":""UNKNOWN"",""exhaustion_active"":false,""extension_mature"":false,""failed_extreme_observed"":false,""high"":7328.5,""low"":7317.0,""observation_state"":""ORDERLY_DOWNTREND"",""overlap_ratio"":0.777115987460815,""range_width_atr"":1.877525136047038,""rejection_observed"":false,""snapshot_time"":""2026-08-03T10:33:00+05:30"",""source_reason_codes"":[""ESTABLISHED_DIRECTIONAL_CONTEXT_RETAINED"",""OBSERVATION_PROPOSAL_MATCHED_CURRENT"",""OBSERVATION_STATE_ORDERLY_DOWNTREND"",""OBJECTIVE_ACCEPTED_RANGE_GEOMETRY_PRESENT"",""OBJECTIVE_TREND_PROTECTION_GEOMETRY_PRESENT""],""structural_failure_confirmed"":false,""symbol"":""ABB"",""trading_day"":""2026-08-03"",""trend_direction"":""DOWN"",""trend_protection_level"":7323.0,""trend_protection_source"":""INITIAL_DIRECTIONAL_ANCHOR"",""trend_protection_time"":""2026-08-03T10:12:00+05:30""}","{""continuation_failure_seen"":false,""continuation_failure_time"":null,""current_state"":""DIRECTIONAL"",""direction"":""DOWN"",""episode_id"":""DIR:ABB:2026-08-03:001:DOWN:101500"",""extreme_price"":7300.5,""extreme_time"":""2026-08-03T10:21:00+05:30"",""first_adverse_bar_close"":null,""first_adverse_bar_level"":null,""first_adverse_bar_time"":null,""origin_event_id"":null,""origin_price"":7331.0,""origin_source"":""OBSERVATION_CONFIRMATION"",""parent_episode_id"":null,""previous_state"":""DIRECTIONAL"",""protection_level"":7323.0,""protection_source"":""INITIAL_DIRECTIONAL_ANCHOR"",""reason_codes"":[""DIRECTIONAL_EPISODE_RETAINED""],""rejection_seen"":false,""reversal_confirmation_breach_closes"":0,""reversal_confirmation_level"":null,""reversal_confirmation_level_time"":null,""reversal_confirmation_source"":"""",""reversal_leg_failure_closes"":0,""reversal_leg_progress_atr"":0.0,""reversal_leg_progress_bars"":0,""started_at"":""2026-08-03T10:15:00+05:30"",""state_age_bars"":7,""state_started_at"":""2026-08-03T10:15:00+05:30""}","{""attempt_limit_reached"":false,""candidate_bar_expansion_count"":1,""candidate_high"":7370.0,""candidate_last_valid_at"":""2026-08-03T10:27:00+05:30"",""candidate_low"":7300.5,""candidate_merge_count"":0,""containment_bars"":8,""containment_ratio"":0.8,""current_state"":""LOCKED"",""down_escape_attempt_count"":0,""episode_id"":""BAL:ABB:2026-08-03:001:NEUTRAL:100600"",""escape_attempt_count"":0,""escape_direction"":""UNKNOWN"",""failed_escape_count"":0,""forming_bars_observed"":10,""forming_invalid_bars"":0,""frozen_high"":7370.0,""frozen_low"":7300.5,""last_escape_direction"":""UNKNOWN"",""last_escape_failed_at"":null,""last_escape_started_at"":null,""marginal_excursion_bars"":2,""meaningful_escape_bars"":0,""outside_close_count"":0,""previous_state"":""LOCKED"",""range_id"":""DYNAMIC:2026-08-03T09:45:00+05:30:2026-08-03T10:03:00+05:30"",""rearm_bars_elapsed"":0,""rearm_inside_close_count"":0,""rearm_required"":false,""reason_codes"":[""FROZEN_BALANCE_RETAINED""],""reentry_close_count"":0,""source_range_ids"":[""DYNAMIC:2026-08-03T09:45:00+05:30:2026-08-03T10:03:00+05:30""],""started_at"":""2026-08-03T10:06:00+05:30"",""state_age_bars"":3,""state_started_at"":""2026-08-03T10:27:00+05:30"",""up_escape_attempt_count"":0}","{""balance_attempt_limit_reached"":false,""balance_candidate_bar_expansion_count"":1,""balance_candidate_merge_count"":0,""balance_containment_ratio"":0.8,""balance_down_escape_attempt_count"":0,""balance_escape_attempt_count"":0,""balance_failed_escape_count"":0,""balance_forming_bars_observed"":10,""balance_forming_invalid_bars"":0,""balance_last_escape_direction"":""UNKNOWN"",""balance_last_escape_failed_at"":null,""balance_last_escape_started_at"":null,""balance_marginal_excursion_bars"":2,""balance_meaningful_escape_bars"":0,""balance_rearm_bars_elapsed"":0,""balance_rearm_inside_close_count"":0,""balance_rearm_required"":false,""balance_up_escape_attempt_count"":0,""directional_origin_event_id"":null,""directional_origin_source"":""OBSERVATION_CONFIRMATION"",""directional_parent_episode_id"":null,""directional_reversal_watch_age_bars"":0,""directional_start_candidate_bars"":0,""directional_start_candidate_side"":""UNKNOWN"",""observation_accepted_range_id"":""DYNAMIC:2026-08-03T09:45:00+05:30:2026-08-03T10:03:00+05:30"",""observation_current_leg_mature"":false,""observation_directional_bias"":""DOWN"",""observation_exhaustion_active"":false,""observation_state"":""ORDERLY_DOWNTREND""}","{""balance"":{""attempt_limit_reached"":false,""candidate_bar_expansion_count"":1,""candidate_high"":7370.0,""candidate_last_valid_at"":""2026-08-03T10:27:00+05:30"",""candidate_low"":7300.5,""candidate_merge_count"":0,""containment_bars"":8,""down_escape_attempt_count"":0,""emitted_event_ids"":[""BAL:ABB:2026-08-03:001:NEUTRAL:100600:BALANCE_FORMING_STARTED:100600"",""BAL:ABB:2026-08-03:001:NEUTRAL:100600:BALANCE_LOCKED:102700"",""BAL:ABB:2026-08-03:001:NEUTRAL:100600:BALANCE_PROBABLE:101800""],""episode_id"":""BAL:ABB:2026-08-03:001:NEUTRAL:100600"",""escape_attempt_count"":0,""escape_direction"":""UNKNOWN"",""failed_escape_count"":0,""forming_bars_observed"":10,""forming_invalid_bars"":0,""frozen_high"":7370.0,""frozen_low"":7300.5,""last_escape_direction"":""UNKNOWN"",""last_escape_failed_at"":null,""last_escape_started_at"":null,""last_reason_codes"":[""FROZEN_BALANCE_RETAINED""],""marginal_excursion_bars"":2,""meaningful_escape_bars"":0,""outside_close_count"":0,""range_id"":""DYNAMIC:2026-08-03T09:45:00+05:30:2026-08-03T10:03:00+05:30"",""rearm_bars_elapsed"":0,""rearm_inside_close_count"":0,""rearm_required"":false,""reentry_close_count"":0,""sequence"":1,""source_range_ids"":[""DYNAMIC:2026-08-03T09:45:00+05:30:2026-08-03T10:03:00+05:30""],""started_at"":""2026-08-03T10:06:00+05:30"",""state"":""LOCKED"",""state_age_bars"":3,""state_started_at"":""2026-08-03T10:27:00+05:30"",""up_escape_attempt_count"":0},""directional"":{""continuation_failure_progress_bars"":0,""continuation_failure_seen"":false,""continuation_failure_seen_at"":null,""direction"":""DOWN"",""emitted_event_ids"":[""DIR:ABB:2026-08-03:001:DOWN:101500:DIRECTIONAL_STARTED:101500""],""episode_id"":""DIR:ABB:2026-08-03:001:DOWN:101500"",""extreme_price"":7300.5,""extreme_time"":""2026-08-03T10:21:00+05:30"",""first_adverse_bar_close"":null,""first_adverse_bar_level"":null,""first_adverse_bar_time"":null,""inactive_bars"":0,""last_close"":7320.5,""last_observation_state"":""ORDERLY_DOWNTREND"",""last_observation_state_time"":""2026-08-03T10:33:00+05:30"",""last_reason_codes"":[""DIRECTIONAL_EPISODE_RETAINED""],""opposite_control_bars"":0,""origin_event_id"":null,""origin_price"":7331.0,""origin_source"":""OBSERVATION_CONFIRMATION"",""parent_episode_id"":null,""protection_level"":7323.0,""protection_source"":""INITIAL_DIRECTIONAL_ANCHOR"",""protection_time"":""2026-08-03T10:12:00+05:30"",""rejection_seen"":false,""rejection_seen_at"":null,""reversal_confirmation_breach_closes"":0,""reversal_confirmation_level"":null,""reversal_confirmation_level_time"":null,""reversal_confirmation_source"":"""",""reversal_leg_failure_closes"":0,""reversal_leg_progress_atr"":0.0,""reversal_leg_progress_bars"":0,""reversal_watch_age_bars"":0,""sequence"":1,""start_candidate_bars"":0,""start_candidate_side"":""UNKNOWN"",""started_at"":""2026-08-03T10:15:00+05:30"",""state"":""DIRECTIONAL"",""state_age_bars"":7,""state_started_at"":""2026-08-03T10:15:00+05:30"",""trend_restore_bars"":0},""evidence_history"":[{""atr"":43.5869516666748,""bar"":{""body_fraction"":0.42857142857142855,""close"":7331.0,""close_position"":0.5714285714285714,""direction"":""DOWN"",""high"":7341.5,""low"":7317.0,""lower_wick_fraction"":0.5714285714285714,""move_atr"":-0.24089778244409707,""move_points"":-10.5,""open"":7341.5,""snapshot_time"":""2026-08-03T10:00:00+05:30"",""upper_wick_fraction"":0.0,""volume"":6634.0},""close"":7331.0,""trend"":{""ema_ref"":7362.100772925004,""ema_slow"":7372.898421900368,""hma_order"":""BUY"",""hma_spread_atr"":1.9382243448295449}},{""atr"":42.187883690483744,""bar"":{""body_fraction"":0.022222222222222223,""close"":7333.5,""close_position"":0.044444444444444446,""direction"":""UP"",""high"":7355.0,""low"":7332.5,""lower_wick_fraction"":0.022222222222222223,""move_atr"":0.011851744061596154,""move_points"":0.5,""open"":7333.0,""snapshot_time"":""2026-08-03T10:03:00+05:30"",""upper_wick_fraction"":0.9555555555555556,""volume"":12763.0},""close"":7333.5,""trend"":{""ema_ref"":7361.81618811978,""ema_slow"":7372.118255130064,""hma_order"":""BUY"",""hma_spread_atr"":1.9127516695489677}},{""atr"":40.53160628402062,""bar"":{""body_fraction"":0.4473684210526316,""close"":7325.0,""close_position"":0.0,""direction"":""DOWN"",""high"":7344.0,""low"":7325.0,""lower_wick_fraction"":0.0,""move_atr"":-0.2097128828410406,""move_points"":-8.5,""open"":7333.5,""snapshot_time"":""2026-08-03T10:06:00+05:30"",""upper_wick_fraction"":0.5526315789473685,""volume"":4534.0},""close"":7325.0,""trend"":{""ema_ref"":7361.449857889734,""ema_slow"":7371.185220375013,""hma_order"":""BUY"",""hma_spread_atr"":1.9023133930314753}},{""atr"":38.779348692304865,""bar"":{""body_fraction"":0.875,""close"":7311.0,""close_position"":0.0625,""direction"":""DOWN"",""high"":7326.0,""low"":7310.0,""lower_wick_fraction"":0.0625,""move_atr"":-0.3610168935812497,""move_points"":-14.0,""open"":7325.0,""snapshot_time"":""2026-08-03T10:09:00+05:30"",""upper_wick_fraction"":0.0625,""volume"":4622.0},""close"":7311.0,""trend"":{""ema_ref"":7360.947869254015,""ema_slow"":7369.993433832934,""hma_order"":""BUY"",""hma_spread_atr"":1.906676400113136}},{""atr"":36.86653807142594,""bar"":{""body_fraction"":0.391304347826087,""close"":7316.0,""close_position"":0.391304347826087,""direction"":""UP"",""high"":7323.0,""low"":7311.5,""lower_wick_fraction"":0.0,""move_atr"":0.122061908587175,""move_points"":4.5,""open"":7311.5,""snapshot_time"":""2026-08-03T10:12:00+05:30"",""upper_wick_fraction"":0.6086956521739131,""volume"":3691.0},""close"":7316.0,""trend"":{""ema_ref"":7360.500626773876,""ema_slow"":7368.924256925351,""hma_order"":""SELL"",""hma_spread_atr"":2.002432922032921}},{""atr"":35.66178535203838,""bar"":{""body_fraction"":0.65,""close"":7331.0,""close_position"":0.8,""direction"":""UP"",""high"":7335.0,""low"":7315.0,""lower_wick_fraction"":0.15,""move_atr"":0.36453587142846,""move_points"":13.0,""open"":7318.0,""snapshot_time"":""2026-08-03T10:15:00+05:30"",""upper_wick_fraction"":0.2,""volume"":3755.0},""close"":7331.0,""trend"":{""ema_ref"":7360.207088199012,""ema_slow"":7368.17328154069,""hma_order"":""SELL"",""hma_spread_atr"":2.073920829557512}},{""atr"":35.614514969749926,""bar"":{""body_fraction"":0.2857142857142857,""close"":7321.0,""close_position"":0.17142857142857143,""direction"":""DOWN"",""high"":7350.0,""low"":7315.0,""lower_wick_fraction"":0.17142857142857143,""move_atr"":-0.28078439390494997,""move_points"":-10.0,""open"":7331.0,""snapshot_time"":""2026-08-03T10:18:00+05:30"",""upper_wick_fraction"":0.5428571428571428,""volume"":15959.0},""close"":7321.0,""trend"":{""ema_ref"":7359.816967918426,""ema_slow"":7367.2391571537455,""hma_order"":""SELL"",""hma_spread_atr"":2.0183492807649235}},{""atr"":36.749192471910646,""bar"":{""body_fraction"":0.4368932038834951,""close"":7346.5,""close_position"":0.8932038834951457,""direction"":""UP"",""high"":7352.0,""low"":7300.5,""lower_wick_fraction"":0.4563106796116505,""move_atr"":0.6122583514507955,""move_points"":22.5,""open"":7324.0,""snapshot_time"":""2026-08-03T10:21:00+05:30"",""upper_wick_fraction"":0.10679611650485436,""volume"":19033.0},""close"":7346.5,""trend"":{""ema_ref"":7359.684460774959,""ema_slow"":7366.828480774463,""hma_order"":""SELL"",""hma_spread_atr"":1.776507157514171}},{""atr"":36.19567872391703,""bar"":{""body_fraction"":0.7241379310344828,""close"":7325.5,""close_position"":0.27586206896551724,""direction"":""DOWN"",""high"":7346.5,""low"":7317.5,""lower_wick_fraction"":0.27586206896551724,""move_atr"":-0.580179754610426,""move_points"":-21.0,""open"":7346.5,""snapshot_time"":""2026-08-03T10:24:00+05:30"",""upper_wick_fraction"":0.0,""volume"":3728.0},""close"":7325.5,""trend"":{""ema_ref"":7359.3443168866515,""ema_slow"":7366.010095016552,""hma_order"":""SELL"",""hma_spread_atr"":1.774790721417432}},{""atr"":34.64598738649438,""bar"":{""body_fraction"":0.2413793103448276,""close"":7329.0,""close_position"":0.8620689655172413,""direction"":""UP"",""high"":7331.0,""low"":7316.5,""lower_wick_fraction"":0.6206896551724138,""move_atr"":0.10102179975290188,""move_points"":3.5,""open"":7325.5,""snapshot_time"":""2026-08-03T10:27:00+05:30"",""upper_wick_fraction"":0.13793103448275862,""volume"":3644.0},""close"":7329.0,""trend"":{""ema_ref"":7359.042383385293,""ema_slow"":7365.277221847908,""hma_order"":""BUY"",""hma_spread_atr"":1.8224054731072592}},{""atr"":32.95698828745907,""bar"":{""body_fraction"":0.5,""close"":7326.0,""close_position"":0.13636363636363635,""direction"":""DOWN"",""high"":7335.5,""low"":7324.5,""lower_wick_fraction"":0.13636363636363635,""move_atr"":-0.16688418104311076,""move_points"":-5.5,""open"":7331.5,""snapshot_time"":""2026-08-03T10:30:00+05:30"",""upper_wick_fraction"":0.3636363636363637,""volume"":4314.0},""close"":7326.0,""trend"":{""ema_ref"":7358.71360345111,""ema_slow"":7364.499455078641,""hma_order"":""BUY"",""hma_spread_atr"":1.8810305042157016}},{""atr"":31.42434626692628,""bar"":{""body_fraction"":0.4782608695652174,""close"":7320.5,""close_position"":0.30434782608695654,""direction"":""DOWN"",""high"":7328.5,""low"":7317.0,""lower_wick_fraction"":0.30434782608695654,""move_atr"":-0.17502352963150355,""move_points"":-5.5,""open"":7326.0,""snapshot_time"":""2026-08-03T10:33:00+05:30"",""upper_wick_fraction"":0.21739130434782608,""volume"":3587.0},""close"":7320.5,""trend"":{""ema_ref"":7358.3333685909,""ema_slow"":7363.628178740451,""hma_order"":""BUY"",""hma_spread_atr"":1.93587034655245}}],""last_observation_hash"":""ac96fb4c38944ef28772633d891e8697d109959b2aca20e41c49f55d82f283fc"",""last_snapshot_time"":""2026-08-03T10:33:00+05:30"",""observation"":{""compression_box_high"":null,""compression_box_low"":null,""compression_candidate_bars"":0,""current_state"":""ORDERLY_DOWNTREND"",""established_side"":""DOWN"",""exhaustion_active"":false,""exhaustion_age_bars"":0,""exhaustion_clear_bars"":0,""exhaustion_last_seen_at"":null,""exhaustion_side"":""UNKNOWN"",""exhaustion_started_at"":null,""failure_breach_bars"":0,""last_close"":7320.5,""last_reason_codes"":[""ESTABLISHED_DIRECTIONAL_CONTEXT_RETAINED"",""OBSERVATION_PROPOSAL_MATCHED_CURRENT"",""OBSERVATION_STATE_ORDERLY_DOWNTREND""],""last_snapshot_time"":""2026-08-03T10:33:00+05:30"",""leg_age_bars"":8,""leg_anchor_price"":7323.0,""leg_anchor_time"":""2026-08-03T10:12:00+05:30"",""leg_extreme_price"":7300.5,""leg_maturity_consumed"":false,""leg_maturity_extreme_price"":null,""leg_maturity_onset_time"":null,""leg_no_progress_bars"":4,""observation_count"":27,""pending_bars"":0,""pending_state"":null,""protection_level"":7323.0,""protection_source"":""INITIAL_DIRECTIONAL_ANCHOR"",""protection_time"":""2026-08-03T10:12:00+05:30"",""pullback_age_bars"":0,""pullback_candidate_bars"":0,""pullback_extreme_price"":null,""reacceleration_age_bars"":0,""recompression_age_bars"":0,""reversal_confirmation_bars"":0,""reversal_side"":""UNKNOWN"",""state_age_bars"":8,""trading_day"":""2026-08-03"",""trend_anchor_price"":7323.0,""trend_candidate_bars"":0,""trend_candidate_side"":""UNKNOWN"",""trend_extreme_price"":7300.5,""trend_failure_age_bars"":0,""trend_onset_time"":""2026-08-03T10:12:00+05:30""},""symbol"":""ABB"",""trading_day"":""2026-08-03""}"
restoration-v3-current-day,development,restoration-trend-control-v3,backtest-default,OK,,,,ABB,2026-08-03,2026-08-03T10:36:00+05:30,2026-08-03T10:33:00+05:30,SNAPSHOT_AUCTION_AUTHORITY_V3A,3m,True,True,7333.5,2026-08-03T10:36:00,7320.5,7340.0,7317.5,7333.5,3825.0,30.786892962145835,BALANCE_QUALIFIED,BUY,dynamic_balance_stable_across_historical_cutoffs,RANGE_ACCEPTED,DYNAMIC:2026-08-03T09:45:00+05:30:2026-08-03T10:03:00+05:30,7311.0,7370.0,11,ok,UP_ACCELERATING,0.1218050812925757,0.06496271002270704,OK,INCREMENTAL_PREVIOUS_SNAPSHOT,AUTOTRADES_AUCTION_ENGINE,1.1.0,,,ORDERLY_DOWNTREND,DOWN,UP,False,False,False,UNKNOWN,False,False,False,7323.0,INITIAL_DIRECTIONAL_ANCHOR,2026-08-03T10:12:00+05:30,DYNAMIC:2026-08-03T09:45:00+05:30:2026-08-03T10:03:00+05:30,7311.0,7370.0,True,0.3813559322033898,0.03067484662576687,PRICE_ACTION,0.7684203352869019,ESTABLISHED_DIRECTIONAL_CONTEXT_RETAINED|OBSERVATION_PROPOSAL_MATCHED_CURRENT|OBSERVATION_STATE_ORDERLY_DOWNTREND|OBJECTIVE_ACCEPTED_RANGE_GEOMETRY_PRESENT|OBJECTIVE_TREND_PROTECTION_GEOMETRY_PRESENT,DIR:ABB:2026-08-03:001:DOWN:101500,DIRECTIONAL,DIRECTIONAL,DOWN,OBSERVATION_CONFIRMATION,,,2026-08-03T10:15:00+05:30,2026-08-03T10:15:00+05:30,8,7331.0,7300.5,2026-08-03T10:21:00+05:30,7323.0,INITIAL_DIRECTIONAL_ANCHOR,,,,0,0.0,0,False,DIRECTIONAL_EPISODE_RETAINED,1,UNKNOWN,0,0,0,0,0,ORDERLY_DOWNTREND,2026-08-03T10:36:00+05:30,DIRECTIONAL_EPISODE_RETAINED,BAL:ABB:2026-08-03:001:NEUTRAL:100600,LOCKED,LOCKED,4,DYNAMIC:2026-08-03T09:45:00+05:30:2026-08-03T10:03:00+05:30,7300.5,7370.0,7300.5,7370.0,UNKNOWN,0,0,0,0,False,False,FROZEN_BALANCE_RETAINED,0,,,,,,3,CONTINUATION|REACCELERATION|REVERSAL,BLOCK|BLOCK|BLOCK,||,CONTINUATION:BALANCE_LOCKED_CONTINUATION_BLOCK|REACCELERATION:BALANCE_LOCKED_REACCELERATION_BLOCK|REVERSAL:BALANCE_LOCKED_REVERSAL_BLOCK,CONFLICT,CONFLICT,CONFLICT,MATCH,True,1,False,False,False,True,EPISODE_TREND_CONFLICT|EPISODE_RAW_STRUCTURE_CONFLICT|EPISODE_SLOPE_CONFLICT|FRESH_OPPOSITE_EVIDENCE,TRANSITIONAL_CONFLICT,[],"[""setup_family=<SetupFamily.CONTINUATION: 'CONTINUATION'> result=<StructuralPermissionResult.BLOCK: 'BLOCK'> source_event_ids=() source_event_types=() balance_state=<BalanceEpisodeState.LOCKED: 'LOCKED'> reason_codes=('BALANCE_LOCKED_CONTINUATION_BLOCK',)"",""setup_family=<SetupFamily.REACCELERATION: 'REACCELERATION'> result=<StructuralPermissionResult.BLOCK: 'BLOCK'> source_event_ids=() source_event_types=() balance_state=<BalanceEpisodeState.LOCKED: 'LOCKED'> reason_codes=('BALANCE_LOCKED_REACCELERATION_BLOCK',)"",""setup_family=<SetupFamily.REVERSAL: 'REVERSAL'> result=<StructuralPermissionResult.BLOCK: 'BLOCK'> source_event_ids=() source_event_types=() balance_state=<BalanceEpisodeState.LOCKED: 'LOCKED'> reason_codes=('BALANCE_LOCKED_REVERSAL_BLOCK',)""]","{""accepted_range_breakout_eligible"":true,""accepted_range_established_at"":""2026-08-03T10:03:00+05:30"",""accepted_range_high"":7370.0,""accepted_range_id"":""DYNAMIC:2026-08-03T09:45:00+05:30:2026-08-03T10:03:00+05:30"",""accepted_range_inside"":true,""accepted_range_low"":7311.0,""accepted_range_outside_atr"":0.0,""accepted_range_position"":0.3813559322033898,""accepted_range_provisional"":false,""atr"":30.786892962145835,""close"":7333.5,""current_leg_mature"":false,""directional_bias"":""DOWN"",""directional_efficiency"":0.03067484662576687,""directional_efficiency_source"":""PRICE_ACTION"",""exhausted_side"":""UNKNOWN"",""exhaustion_active"":false,""extension_mature"":false,""failed_extreme_observed"":false,""high"":7340.0,""low"":7317.5,""observation_state"":""ORDERLY_DOWNTREND"",""overlap_ratio"":0.7684203352869019,""range_width_atr"":1.9163999456698575,""rejection_observed"":false,""snapshot_time"":""2026-08-03T10:36:00+05:30"",""source_reason_codes"":[""ESTABLISHED_DIRECTIONAL_CONTEXT_RETAINED"",""OBSERVATION_PROPOSAL_MATCHED_CURRENT"",""OBSERVATION_STATE_ORDERLY_DOWNTREND"",""OBJECTIVE_ACCEPTED_RANGE_GEOMETRY_PRESENT"",""OBJECTIVE_TREND_PROTECTION_GEOMETRY_PRESENT""],""structural_failure_confirmed"":false,""symbol"":""ABB"",""trading_day"":""2026-08-03"",""trend_direction"":""UP"",""trend_protection_level"":7323.0,""trend_protection_source"":""INITIAL_DIRECTIONAL_ANCHOR"",""trend_protection_time"":""2026-08-03T10:12:00+05:30""}","{""continuation_failure_seen"":false,""continuation_failure_time"":null,""current_state"":""DIRECTIONAL"",""direction"":""DOWN"",""episode_id"":""DIR:ABB:2026-08-03:001:DOWN:101500"",""extreme_price"":7300.5,""extreme_time"":""2026-08-03T10:21:00+05:30"",""first_adverse_bar_close"":null,""first_adverse_bar_level"":null,""first_adverse_bar_time"":null,""origin_event_id"":null,""origin_price"":7331.0,""origin_source"":""OBSERVATION_CONFIRMATION"",""parent_episode_id"":null,""previous_state"":""DIRECTIONAL"",""protection_level"":7323.0,""protection_source"":""INITIAL_DIRECTIONAL_ANCHOR"",""reason_codes"":[""DIRECTIONAL_EPISODE_RETAINED""],""rejection_seen"":false,""reversal_confirmation_breach_closes"":0,""reversal_confirmation_level"":null,""reversal_confirmation_level_time"":null,""reversal_confirmation_source"":"""",""reversal_leg_failure_closes"":0,""reversal_leg_progress_atr"":0.0,""reversal_leg_progress_bars"":0,""started_at"":""2026-08-03T10:15:00+05:30"",""state_age_bars"":8,""state_started_at"":""2026-08-03T10:15:00+05:30""}","{""attempt_limit_reached"":false,""candidate_bar_expansion_count"":1,""candidate_high"":7370.0,""candidate_last_valid_at"":""2026-08-03T10:27:00+05:30"",""candidate_low"":7300.5,""candidate_merge_count"":0,""containment_bars"":9,""containment_ratio"":0.8181818181818182,""current_state"":""LOCKED"",""down_escape_attempt_count"":0,""episode_id"":""BAL:ABB:2026-08-03:001:NEUTRAL:100600"",""escape_attempt_count"":0,""escape_direction"":""UNKNOWN"",""failed_escape_count"":0,""forming_bars_observed"":11,""forming_invalid_bars"":0,""frozen_high"":7370.0,""frozen_low"":7300.5,""last_escape_direction"":""UNKNOWN"",""last_escape_failed_at"":null,""last_escape_started_at"":null,""marginal_excursion_bars"":2,""meaningful_escape_bars"":0,""outside_close_count"":0,""previous_state"":""LOCKED"",""range_id"":""DYNAMIC:2026-08-03T09:45:00+05:30:2026-08-03T10:03:00+05:30"",""rearm_bars_elapsed"":0,""rearm_inside_close_count"":0,""rearm_required"":false,""reason_codes"":[""FROZEN_BALANCE_RETAINED""],""reentry_close_count"":0,""source_range_ids"":[""DYNAMIC:2026-08-03T09:45:00+05:30:2026-08-03T10:03:00+05:30""],""started_at"":""2026-08-03T10:06:00+05:30"",""state_age_bars"":4,""state_started_at"":""2026-08-03T10:27:00+05:30"",""up_escape_attempt_count"":0}","{""balance_attempt_limit_reached"":false,""balance_candidate_bar_expansion_count"":1,""balance_candidate_merge_count"":0,""balance_containment_ratio"":0.8181818181818182,""balance_down_escape_attempt_count"":0,""balance_escape_attempt_count"":0,""balance_failed_escape_count"":0,""balance_forming_bars_observed"":11,""balance_forming_invalid_bars"":0,""balance_last_escape_direction"":""UNKNOWN"",""balance_last_escape_failed_at"":null,""balance_last_escape_started_at"":null,""balance_marginal_excursion_bars"":2,""balance_meaningful_escape_bars"":0,""balance_rearm_bars_elapsed"":0,""balance_rearm_inside_close_count"":0,""balance_rearm_required"":false,""balance_up_escape_attempt_count"":0,""directional_origin_event_id"":null,""directional_origin_source"":""OBSERVATION_CONFIRMATION"",""directional_parent_episode_id"":null,""directional_reversal_watch_age_bars"":0,""directional_start_candidate_bars"":0,""directional_start_candidate_side"":""UNKNOWN"",""observation_accepted_range_id"":""DYNAMIC:2026-08-03T09:45:00+05:30:2026-08-03T10:03:00+05:30"",""observation_current_leg_mature"":false,""observation_directional_bias"":""DOWN"",""observation_exhaustion_active"":false,""observation_state"":""ORDERLY_DOWNTREND""}","{""balance"":{""attempt_limit_reached"":false,""candidate_bar_expansion_count"":1,""candidate_high"":7370.0,""candidate_last_valid_at"":""2026-08-03T10:27:00+05:30"",""candidate_low"":7300.5,""candidate_merge_count"":0,""containment_bars"":9,""down_escape_attempt_count"":0,""emitted_event_ids"":[""BAL:ABB:2026-08-03:001:NEUTRAL:100600:BALANCE_FORMING_STARTED:100600"",""BAL:ABB:2026-08-03:001:NEUTRAL:100600:BALANCE_LOCKED:102700"",""BAL:ABB:2026-08-03:001:NEUTRAL:100600:BALANCE_PROBABLE:101800""],""episode_id"":""BAL:ABB:2026-08-03:001:NEUTRAL:100600"",""escape_attempt_count"":0,""escape_direction"":""UNKNOWN"",""failed_escape_count"":0,""forming_bars_observed"":11,""forming_invalid_bars"":0,""frozen_high"":7370.0,""frozen_low"":7300.5,""last_escape_direction"":""UNKNOWN"",""last_escape_failed_at"":null,""last_escape_started_at"":null,""last_reason_codes"":[""FROZEN_BALANCE_RETAINED""],""marginal_excursion_bars"":2,""meaningful_escape_bars"":0,""outside_close_count"":0,""range_id"":""DYNAMIC:2026-08-03T09:45:00+05:30:2026-08-03T10:03:00+05:30"",""rearm_bars_elapsed"":0,""rearm_inside_close_count"":0,""rearm_required"":false,""reentry_close_count"":0,""sequence"":1,""source_range_ids"":[""DYNAMIC:2026-08-03T09:45:00+05:30:2026-08-03T10:03:00+05:30""],""started_at"":""2026-08-03T10:06:00+05:30"",""state"":""LOCKED"",""state_age_bars"":4,""state_started_at"":""2026-08-03T10:27:00+05:30"",""up_escape_attempt_count"":0},""directional"":{""continuation_failure_progress_bars"":0,""continuation_failure_seen"":false,""continuation_failure_seen_at"":null,""direction"":""DOWN"",""emitted_event_ids"":[""DIR:ABB:2026-08-03:001:DOWN:101500:DIRECTIONAL_STARTED:101500""],""episode_id"":""DIR:ABB:2026-08-03:001:DOWN:101500"",""extreme_price"":7300.5,""extreme_time"":""2026-08-03T10:21:00+05:30"",""first_adverse_bar_close"":null,""first_adverse_bar_level"":null,""first_adverse_bar_time"":null,""inactive_bars"":0,""last_close"":7333.5,""last_observation_state"":""ORDERLY_DOWNTREND"",""last_observation_state_time"":""2026-08-03T10:36:00+05:30"",""last_reason_codes"":[""DIRECTIONAL_EPISODE_RETAINED""],""opposite_control_bars"":0,""origin_event_id"":null,""origin_price"":7331.0,""origin_source"":""OBSERVATION_CONFIRMATION"",""parent_episode_id"":null,""protection_level"":7323.0,""protection_source"":""INITIAL_DIRECTIONAL_ANCHOR"",""protection_time"":""2026-08-03T10:12:00+05:30"",""rejection_seen"":false,""rejection_seen_at"":null,""reversal_confirmation_breach_closes"":0,""reversal_confirmation_level"":null,""reversal_confirmation_level_time"":null,""reversal_confirmation_source"":"""",""reversal_leg_failure_closes"":0,""reversal_leg_progress_atr"":0.0,""reversal_leg_progress_bars"":0,""reversal_watch_age_bars"":0,""sequence"":1,""start_candidate_bars"":0,""start_candidate_side"":""UNKNOWN"",""started_at"":""2026-08-03T10:15:00+05:30"",""state"":""DIRECTIONAL"",""state_age_bars"":8,""state_started_at"":""2026-08-03T10:15:00+05:30"",""trend_restore_bars"":0},""evidence_history"":[{""atr"":42.187883690483744,""bar"":{""body_fraction"":0.022222222222222223,""close"":7333.5,""close_position"":0.044444444444444446,""direction"":""UP"",""high"":7355.0,""low"":7332.5,""lower_wick_fraction"":0.022222222222222223,""move_atr"":0.011851744061596154,""move_points"":0.5,""open"":7333.0,""snapshot_time"":""2026-08-03T10:03:00+05:30"",""upper_wick_fraction"":0.9555555555555556,""volume"":12763.0},""close"":7333.5,""trend"":{""ema_ref"":7361.81618811978,""ema_slow"":7372.118255130064,""hma_order"":""BUY"",""hma_spread_atr"":1.9127516695489677}},{""atr"":40.53160628402062,""bar"":{""body_fraction"":0.4473684210526316,""close"":7325.0,""close_position"":0.0,""direction"":""DOWN"",""high"":7344.0,""low"":7325.0,""lower_wick_fraction"":0.0,""move_atr"":-0.2097128828410406,""move_points"":-8.5,""open"":7333.5,""snapshot_time"":""2026-08-03T10:06:00+05:30"",""upper_wick_fraction"":0.5526315789473685,""volume"":4534.0},""close"":7325.0,""trend"":{""ema_ref"":7361.449857889734,""ema_slow"":7371.185220375013,""hma_order"":""BUY"",""hma_spread_atr"":1.9023133930314753}},{""atr"":38.779348692304865,""bar"":{""body_fraction"":0.875,""close"":7311.0,""close_position"":0.0625,""direction"":""DOWN"",""high"":7326.0,""low"":7310.0,""lower_wick_fraction"":0.0625,""move_atr"":-0.3610168935812497,""move_points"":-14.0,""open"":7325.0,""snapshot_time"":""2026-08-03T10:09:00+05:30"",""upper_wick_fraction"":0.0625,""volume"":4622.0},""close"":7311.0,""trend"":{""ema_ref"":7360.947869254015,""ema_slow"":7369.993433832934,""hma_order"":""BUY"",""hma_spread_atr"":1.906676400113136}},{""atr"":36.86653807142594,""bar"":{""body_fraction"":0.391304347826087,""close"":7316.0,""close_position"":0.391304347826087,""direction"":""UP"",""high"":7323.0,""low"":7311.5,""lower_wick_fraction"":0.0,""move_atr"":0.122061908587175,""move_points"":4.5,""open"":7311.5,""snapshot_time"":""2026-08-03T10:12:00+05:30"",""upper_wick_fraction"":0.6086956521739131,""volume"":3691.0},""close"":7316.0,""trend"":{""ema_ref"":7360.500626773876,""ema_slow"":7368.924256925351,""hma_order"":""SELL"",""hma_spread_atr"":2.002432922032921}},{""atr"":35.66178535203838,""bar"":{""body_fraction"":0.65,""close"":7331.0,""close_position"":0.8,""direction"":""UP"",""high"":7335.0,""low"":7315.0,""lower_wick_fraction"":0.15,""move_atr"":0.36453587142846,""move_points"":13.0,""open"":7318.0,""snapshot_time"":""2026-08-03T10:15:00+05:30"",""upper_wick_fraction"":0.2,""volume"":3755.0},""close"":7331.0,""trend"":{""ema_ref"":7360.207088199012,""ema_slow"":7368.17328154069,""hma_order"":""SELL"",""hma_spread_atr"":2.073920829557512}},{""atr"":35.614514969749926,""bar"":{""body_fraction"":0.2857142857142857,""close"":7321.0,""close_position"":0.17142857142857143,""direction"":""DOWN"",""high"":7350.0,""low"":7315.0,""lower_wick_fraction"":0.17142857142857143,""move_atr"":-0.28078439390494997,""move_points"":-10.0,""open"":7331.0,""snapshot_time"":""2026-08-03T10:18:00+05:30"",""upper_wick_fraction"":0.5428571428571428,""volume"":15959.0},""close"":7321.0,""trend"":{""ema_ref"":7359.816967918426,""ema_slow"":7367.2391571537455,""hma_order"":""SELL"",""hma_spread_atr"":2.0183492807649235}},{""atr"":36.749192471910646,""bar"":{""body_fraction"":0.4368932038834951,""close"":7346.5,""close_position"":0.8932038834951457,""direction"":""UP"",""high"":7352.0,""low"":7300.5,""lower_wick_fraction"":0.4563106796116505,""move_atr"":0.6122583514507955,""move_points"":22.5,""open"":7324.0,""snapshot_time"":""2026-08-03T10:21:00+05:30"",""upper_wick_fraction"":0.10679611650485436,""volume"":19033.0},""close"":7346.5,""trend"":{""ema_ref"":7359.684460774959,""ema_slow"":7366.828480774463,""hma_order"":""SELL"",""hma_spread_atr"":1.776507157514171}},{""atr"":36.19567872391703,""bar"":{""body_fraction"":0.7241379310344828,""close"":7325.5,""close_position"":0.27586206896551724,""direction"":""DOWN"",""high"":7346.5,""low"":7317.5,""lower_wick_fraction"":0.27586206896551724,""move_atr"":-0.580179754610426,""move_points"":-21.0,""open"":7346.5,""snapshot_time"":""2026-08-03T10:24:00+05:30"",""upper_wick_fraction"":0.0,""volume"":3728.0},""close"":7325.5,""trend"":{""ema_ref"":7359.3443168866515,""ema_slow"":7366.010095016552,""hma_order"":""SELL"",""hma_spread_atr"":1.774790721417432}},{""atr"":34.64598738649438,""bar"":{""body_fraction"":0.2413793103448276,""close"":7329.0,""close_position"":0.8620689655172413,""direction"":""UP"",""high"":7331.0,""low"":7316.5,""lower_wick_fraction"":0.6206896551724138,""move_atr"":0.10102179975290188,""move_points"":3.5,""open"":7325.5,""snapshot_time"":""2026-08-03T10:27:00+05:30"",""upper_wick_fraction"":0.13793103448275862,""volume"":3644.0},""close"":7329.0,""trend"":{""ema_ref"":7359.042383385293,""ema_slow"":7365.277221847908,""hma_order"":""BUY"",""hma_spread_atr"":1.8224054731072592}},{""atr"":32.95698828745907,""bar"":{""body_fraction"":0.5,""close"":7326.0,""close_position"":0.13636363636363635,""direction"":""DOWN"",""high"":7335.5,""low"":7324.5,""lower_wick_fraction"":0.13636363636363635,""move_atr"":-0.16688418104311076,""move_points"":-5.5,""open"":7331.5,""snapshot_time"":""2026-08-03T10:30:00+05:30"",""upper_wick_fraction"":0.3636363636363637,""volume"":4314.0},""close"":7326.0,""trend"":{""ema_ref"":7358.71360345111,""ema_slow"":7364.499455078641,""hma_order"":""BUY"",""hma_spread_atr"":1.8810305042157016}},{""atr"":31.42434626692628,""bar"":{""body_fraction"":0.4782608695652174,""close"":7320.5,""close_position"":0.30434782608695654,""direction"":""DOWN"",""high"":7328.5,""low"":7317.0,""lower_wick_fraction"":0.30434782608695654,""move_atr"":-0.17502352963150355,""move_points"":-5.5,""open"":7326.0,""snapshot_time"":""2026-08-03T10:33:00+05:30"",""upper_wick_fraction"":0.21739130434782608,""volume"":3587.0},""close"":7320.5,""trend"":{""ema_ref"":7358.3333685909,""ema_slow"":7363.628178740451,""hma_order"":""BUY"",""hma_spread_atr"":1.93587034655245}},{""atr"":30.786892962145835,""bar"":{""body_fraction"":0.5777777777777777,""close"":7333.5,""close_position"":0.7111111111111111,""direction"":""UP"",""high"":7340.0,""low"":7317.5,""lower_wick_fraction"":0.13333333333333333,""move_atr"":0.42225761514759574,""move_points"":13.0,""open"":7320.5,""snapshot_time"":""2026-08-03T10:36:00+05:30"",""upper_wick_fraction"":0.28888888888888886,""volume"":3825.0},""close"":7333.5,""trend"":{""ema_ref"":7358.0862703959665,""ema_slow"":7363.031581141629,""hma_order"":""BUY"",""hma_spread_atr"":1.9352080877974915}}],""last_observation_hash"":""93cb749404464cc8e6e142f702cbdf3256eb12ae33b365f11d8d9598abcaffff"",""last_snapshot_time"":""2026-08-03T10:36:00+05:30"",""observation"":{""compression_box_high"":null,""compression_box_low"":null,""compression_candidate_bars"":0,""current_state"":""ORDERLY_DOWNTREND"",""established_side"":""DOWN"",""exhaustion_active"":false,""exhaustion_age_bars"":0,""exhaustion_clear_bars"":0,""exhaustion_last_seen_at"":null,""exhaustion_side"":""UNKNOWN"",""exhaustion_started_at"":null,""failure_breach_bars"":1,""last_close"":7333.5,""last_reason_codes"":[""ESTABLISHED_DIRECTIONAL_CONTEXT_RETAINED"",""OBSERVATION_PROPOSAL_MATCHED_CURRENT"",""OBSERVATION_STATE_ORDERLY_DOWNTREND""],""last_snapshot_time"":""2026-08-03T10:36:00+05:30"",""leg_age_bars"":9,""leg_anchor_price"":7323.0,""leg_anchor_time"":""2026-08-03T10:12:00+05:30"",""leg_extreme_price"":7300.5,""leg_maturity_consumed"":false,""leg_maturity_extreme_price"":null,""leg_maturity_onset_time"":null,""leg_no_progress_bars"":5,""observation_count"":28,""pending_bars"":0,""pending_state"":null,""protection_level"":7323.0,""protection_source"":""INITIAL_DIRECTIONAL_ANCHOR"",""protection_time"":""2026-08-03T10:12:00+05:30"",""pullback_age_bars"":0,""pullback_candidate_bars"":0,""pullback_extreme_price"":null,""reacceleration_age_bars"":0,""recompression_age_bars"":0,""reversal_confirmation_bars"":0,""reversal_side"":""UNKNOWN"",""state_age_bars"":9,""trading_day"":""2026-08-03"",""trend_anchor_price"":7323.0,""trend_candidate_bars"":0,""trend_candidate_side"":""UNKNOWN"",""trend_extreme_price"":7300.5,""trend_failure_age_bars"":0,""trend_onset_time"":""2026-08-03T10:12:00+05:30""},""symbol"":""ABB"",""trading_day"":""2026-08-03""}"
restoration-v3-current-day,development,restoration-trend-control-v3,backtest-default,OK,,,,ABB,2026-08-03,2026-08-03T10:39:00+05:30,2026-08-03T10:36:00+05:30,SNAPSHOT_AUCTION_AUTHORITY_V3A,3m,True,True,7333.0,2026-08-03T10:39:00,7333.5,7343.5,7332.0,7333.0,2943.0,29.40925775056399,BALANCE_QUALIFIED,BUY,dynamic_balance_stable_across_historical_cutoffs,RANGE_ACCEPTED,DYNAMIC:2026-08-03T09:45:00+05:30:2026-08-03T10:03:00+05:30,7311.0,7370.0,12,ok,UP_ACCELERATING,0.212518114296174,0.034002898287387846,OK,INCREMENTAL_PREVIOUS_SNAPSHOT,AUTOTRADES_AUCTION_ENGINE,1.1.0,,,TREND_FAILURE,DOWN,UP,False,False,False,UNKNOWN,True,False,True,7323.0,INITIAL_DIRECTIONAL_ANCHOR,2026-08-03T10:12:00+05:30,DYNAMIC:2026-08-03T09:45:00+05:30:2026-08-03T10:03:00+05:30,7311.0,7370.0,True,0.3728813559322034,0.16666666666666666,PRICE_ACTION,0.7075507700695106,FROZEN_TREND_PROTECTION_BREACH_CONFIRMED|OBSERVATION_TRANSITION_CONFIRMED|OBSERVATION_STATE_TREND_FAILURE|OBJECTIVE_REJECTION_OBSERVED|OBJECTIVE_STRUCTURAL_FAILURE_OBSERVED|OBJECTIVE_ACCEPTED_RANGE_GEOMETRY_PRESENT|OBJECTIVE_TREND_PROTECTION_GEOMETRY_PRESENT,DIR:ABB:2026-08-03:001:DOWN:101500,DIRECTIONAL,DIRECTIONAL,DOWN,OBSERVATION_CONFIRMATION,,,2026-08-03T10:15:00+05:30,2026-08-03T10:15:00+05:30,9,7331.0,7300.5,2026-08-03T10:21:00+05:30,7323.0,INITIAL_DIRECTIONAL_ANCHOR,,,,0,0.0,0,False,DIRECTIONAL_EPISODE_RETAINED,1,UNKNOWN,0,0,0,0,0,TREND_FAILURE,2026-08-03T10:39:00+05:30,DIRECTIONAL_EPISODE_RETAINED,BAL:ABB:2026-08-03:001:NEUTRAL:100600,LOCKED,LOCKED,5,DYNAMIC:2026-08-03T09:45:00+05:30:2026-08-03T10:03:00+05:30,7300.5,7370.0,7300.5,7370.0,UNKNOWN,0,0,0,0,False,False,FROZEN_BALANCE_RETAINED,0,,,,,,3,CONTINUATION|REACCELERATION|REVERSAL,BLOCK|BLOCK|BLOCK,||,CONTINUATION:BALANCE_LOCKED_CONTINUATION_BLOCK|REACCELERATION:BALANCE_LOCKED_REACCELERATION_BLOCK|REVERSAL:BALANCE_LOCKED_REVERSAL_BLOCK,CONFLICT,CONFLICT,CONFLICT,MATCH,True,2,False,False,False,True,EPISODE_TREND_CONFLICT|EPISODE_RAW_STRUCTURE_CONFLICT|EPISODE_SLOPE_CONFLICT|FRESH_OPPOSITE_EVIDENCE,TRANSITIONAL_CONFLICT,[],"[""setup_family=<SetupFamily.CONTINUATION: 'CONTINUATION'> result=<StructuralPermissionResult.BLOCK: 'BLOCK'> source_event_ids=() source_event_types=() balance_state=<BalanceEpisodeState.LOCKED: 'LOCKED'> reason_codes=('BALANCE_LOCKED_CONTINUATION_BLOCK',)"",""setup_family=<SetupFamily.REACCELERATION: 'REACCELERATION'> result=<StructuralPermissionResult.BLOCK: 'BLOCK'> source_event_ids=() source_event_types=() balance_state=<BalanceEpisodeState.LOCKED: 'LOCKED'> reason_codes=('BALANCE_LOCKED_REACCELERATION_BLOCK',)"",""setup_family=<SetupFamily.REVERSAL: 'REVERSAL'> result=<StructuralPermissionResult.BLOCK: 'BLOCK'> source_event_ids=() source_event_types=() balance_state=<BalanceEpisodeState.LOCKED: 'LOCKED'> reason_codes=('BALANCE_LOCKED_REVERSAL_BLOCK',)""]","{""accepted_range_breakout_eligible"":true,""accepted_range_established_at"":""2026-08-03T10:03:00+05:30"",""accepted_range_high"":7370.0,""accepted_range_id"":""DYNAMIC:2026-08-03T09:45:00+05:30:2026-08-03T10:03:00+05:30"",""accepted_range_inside"":true,""accepted_range_low"":7311.0,""accepted_range_outside_atr"":0.0,""accepted_range_position"":0.3728813559322034,""accepted_range_provisional"":false,""atr"":29.40925775056399,""close"":7333.0,""current_leg_mature"":false,""directional_bias"":""DOWN"",""directional_efficiency"":0.16666666666666666,""directional_efficiency_source"":""PRICE_ACTION"",""exhausted_side"":""UNKNOWN"",""exhaustion_active"":false,""extension_mature"":false,""failed_extreme_observed"":false,""high"":7343.5,""low"":7332.0,""observation_state"":""TREND_FAILURE"",""overlap_ratio"":0.7075507700695106,""range_width_atr"":2.006170998955883,""rejection_observed"":true,""snapshot_time"":""2026-08-03T10:39:00+05:30"",""source_reason_codes"":[""FROZEN_TREND_PROTECTION_BREACH_CONFIRMED"",""OBSERVATION_TRANSITION_CONFIRMED"",""OBSERVATION_STATE_TREND_FAILURE"",""OBJECTIVE_REJECTION_OBSERVED"",""OBJECTIVE_STRUCTURAL_FAILURE_OBSERVED"",""OBJECTIVE_ACCEPTED_RANGE_GEOMETRY_PRESENT"",""OBJECTIVE_TREND_PROTECTION_GEOMETRY_PRESENT""],""structural_failure_confirmed"":true,""symbol"":""ABB"",""trading_day"":""2026-08-03"",""trend_direction"":""UP"",""trend_protection_level"":7323.0,""trend_protection_source"":""INITIAL_DIRECTIONAL_ANCHOR"",""trend_protection_time"":""2026-08-03T10:12:00+05:30""}","{""continuation_failure_seen"":false,""continuation_failure_time"":null,""current_state"":""DIRECTIONAL"",""direction"":""DOWN"",""episode_id"":""DIR:ABB:2026-08-03:001:DOWN:101500"",""extreme_price"":7300.5,""extreme_time"":""2026-08-03T10:21:00+05:30"",""first_adverse_bar_close"":null,""first_adverse_bar_level"":null,""first_adverse_bar_time"":null,""origin_event_id"":null,""origin_price"":7331.0,""origin_source"":""OBSERVATION_CONFIRMATION"",""parent_episode_id"":null,""previous_state"":""DIRECTIONAL"",""protection_level"":7323.0,""protection_source"":""INITIAL_DIRECTIONAL_ANCHOR"",""reason_codes"":[""DIRECTIONAL_EPISODE_RETAINED""],""rejection_seen"":false,""reversal_confirmation_breach_closes"":0,""reversal_confirmation_level"":null,""reversal_confirmation_level_time"":null,""reversal_confirmation_source"":"""",""reversal_leg_failure_closes"":0,""reversal_leg_progress_atr"":0.0,""reversal_leg_progress_bars"":0,""started_at"":""2026-08-03T10:15:00+05:30"",""state_age_bars"":9,""state_started_at"":""2026-08-03T10:15:00+05:30""}","{""attempt_limit_reached"":false,""candidate_bar_expansion_count"":1,""candidate_high"":7370.0,""candidate_last_valid_at"":""2026-08-03T10:27:00+05:30"",""candidate_low"":7300.5,""candidate_merge_count"":0,""containment_bars"":10,""containment_ratio"":0.8333333333333334,""current_state"":""LOCKED"",""down_escape_attempt_count"":0,""episode_id"":""BAL:ABB:2026-08-03:001:NEUTRAL:100600"",""escape_attempt_count"":0,""escape_direction"":""UNKNOWN"",""failed_escape_count"":0,""forming_bars_observed"":12,""forming_invalid_bars"":0,""frozen_high"":7370.0,""frozen_low"":7300.5,""last_escape_direction"":""UNKNOWN"",""last_escape_failed_at"":null,""last_escape_started_at"":null,""marginal_excursion_bars"":2,""meaningful_escape_bars"":0,""outside_close_count"":0,""previous_state"":""LOCKED"",""range_id"":""DYNAMIC:2026-08-03T09:45:00+05:30:2026-08-03T10:03:00+05:30"",""rearm_bars_elapsed"":0,""rearm_inside_close_count"":0,""rearm_required"":false,""reason_codes"":[""FROZEN_BALANCE_RETAINED""],""reentry_close_count"":0,""source_range_ids"":[""DYNAMIC:2026-08-03T09:45:00+05:30:2026-08-03T10:03:00+05:30""],""started_at"":""2026-08-03T10:06:00+05:30"",""state_age_bars"":5,""state_started_at"":""2026-08-03T10:27:00+05:30"",""up_escape_attempt_count"":0}","{""balance_attempt_limit_reached"":false,""balance_candidate_bar_expansion_count"":1,""balance_candidate_merge_count"":0,""balance_containment_ratio"":0.8333333333333334,""balance_down_escape_attempt_count"":0,""balance_escape_attempt_count"":0,""balance_failed_escape_count"":0,""balance_forming_bars_observed"":12,""balance_forming_invalid_bars"":0,""balance_last_escape_direction"":""UNKNOWN"",""balance_last_escape_failed_at"":null,""balance_last_escape_started_at"":null,""balance_marginal_excursion_bars"":2,""balance_meaningful_escape_bars"":0,""balance_rearm_bars_elapsed"":0,""balance_rearm_inside_close_count"":0,""balance_rearm_required"":false,""balance_up_escape_attempt_count"":0,""directional_origin_event_id"":null,""directional_origin_source"":""OBSERVATION_CONFIRMATION"",""directional_parent_episode_id"":null,""directional_reversal_watch_age_bars"":0,""directional_start_candidate_bars"":0,""directional_start_candidate_side"":""UNKNOWN"",""observation_accepted_range_id"":""DYNAMIC:2026-08-03T09:45:00+05:30:2026-08-03T10:03:00+05:30"",""observation_current_leg_mature"":false,""observation_directional_bias"":""DOWN"",""observation_exhaustion_active"":false,""observation_state"":""TREND_FAILURE""}","{""balance"":{""attempt_limit_reached"":false,""candidate_bar_expansion_count"":1,""candidate_high"":7370.0,""candidate_last_valid_at"":""2026-08-03T10:27:00+05:30"",""candidate_low"":7300.5,""candidate_merge_count"":0,""containment_bars"":10,""down_escape_attempt_count"":0,""emitted_event_ids"":[""BAL:ABB:2026-08-03:001:NEUTRAL:100600:BALANCE_FORMING_STARTED:100600"",""BAL:ABB:2026-08-03:001:NEUTRAL:100600:BALANCE_LOCKED:102700"",""BAL:ABB:2026-08-03:001:NEUTRAL:100600:BALANCE_PROBABLE:101800""],""episode_id"":""BAL:ABB:2026-08-03:001:NEUTRAL:100600"",""escape_attempt_count"":0,""escape_direction"":""UNKNOWN"",""failed_escape_count"":0,""forming_bars_observed"":12,""forming_invalid_bars"":0,""frozen_high"":7370.0,""frozen_low"":7300.5,""last_escape_direction"":""UNKNOWN"",""last_escape_failed_at"":null,""last_escape_started_at"":null,""last_reason_codes"":[""FROZEN_BALANCE_RETAINED""],""marginal_excursion_bars"":2,""meaningful_escape_bars"":0,""outside_close_count"":0,""range_id"":""DYNAMIC:2026-08-03T09:45:00+05:30:2026-08-03T10:03:00+05:30"",""rearm_bars_elapsed"":0,""rearm_inside_close_count"":0,""rearm_required"":false,""reentry_close_count"":0,""sequence"":1,""source_range_ids"":[""DYNAMIC:2026-08-03T09:45:00+05:30:2026-08-03T10:03:00+05:30""],""started_at"":""2026-08-03T10:06:00+05:30"",""state"":""LOCKED"",""state_age_bars"":5,""state_started_at"":""2026-08-03T10:27:00+05:30"",""up_escape_attempt_count"":0},""directional"":{""continuation_failure_progress_bars"":0,""continuation_failure_seen"":false,""continuation_failure_seen_at"":null,""direction"":""DOWN"",""emitted_event_ids"":[""DIR:ABB:2026-08-03:001:DOWN:101500:DIRECTIONAL_STARTED:101500""],""episode_id"":""DIR:ABB:2026-08-03:001:DOWN:101500"",""extreme_price"":7300.5,""extreme_time"":""2026-08-03T10:21:00+05:30"",""first_adverse_bar_close"":null,""first_adverse_bar_level"":null,""first_adverse_bar_time"":null,""inactive_bars"":0,""last_close"":7333.0,""last_observation_state"":""TREND_FAILURE"",""last_observation_state_time"":""2026-08-03T10:39:00+05:30"",""last_reason_codes"":[""DIRECTIONAL_EPISODE_RETAINED""],""opposite_control_bars"":0,""origin_event_id"":null,""origin_price"":7331.0,""origin_source"":""OBSERVATION_CONFIRMATION"",""parent_episode_id"":null,""protection_level"":7323.0,""protection_source"":""INITIAL_DIRECTIONAL_ANCHOR"",""protection_time"":""2026-08-03T10:12:00+05:30"",""rejection_seen"":false,""rejection_seen_at"":null,""reversal_confirmation_breach_closes"":0,""reversal_confirmation_level"":null,""reversal_confirmation_level_time"":null,""reversal_confirmation_source"":"""",""reversal_leg_failure_closes"":0,""reversal_leg_progress_atr"":0.0,""reversal_leg_progress_bars"":0,""reversal_watch_age_bars"":0,""sequence"":1,""start_candidate_bars"":0,""start_candidate_side"":""UNKNOWN"",""started_at"":""2026-08-03T10:15:00+05:30"",""state"":""DIRECTIONAL"",""state_age_bars"":9,""state_started_at"":""2026-08-03T10:15:00+05:30"",""trend_restore_bars"":0},""evidence_history"":[{""atr"":40.53160628402062,""bar"":{""body_fraction"":0.4473684210526316,""close"":7325.0,""close_position"":0.0,""direction"":""DOWN"",""high"":7344.0,""low"":7325.0,""lower_wick_fraction"":0.0,""move_atr"":-0.2097128828410406,""move_points"":-8.5,""open"":7333.5,""snapshot_time"":""2026-08-03T10:06:00+05:30"",""upper_wick_fraction"":0.5526315789473685,""volume"":4534.0},""close"":7325.0,""trend"":{""ema_ref"":7361.449857889734,""ema_slow"":7371.185220375013,""hma_order"":""BUY"",""hma_spread_atr"":1.9023133930314753}},{""atr"":38.779348692304865,""bar"":{""body_fraction"":0.875,""close"":7311.0,""close_position"":0.0625,""direction"":""DOWN"",""high"":7326.0,""low"":7310.0,""lower_wick_fraction"":0.0625,""move_atr"":-0.3610168935812497,""move_points"":-14.0,""open"":7325.0,""snapshot_time"":""2026-08-03T10:09:00+05:30"",""upper_wick_fraction"":0.0625,""volume"":4622.0},""close"":7311.0,""trend"":{""ema_ref"":7360.947869254015,""ema_slow"":7369.993433832934,""hma_order"":""BUY"",""hma_spread_atr"":1.906676400113136}},{""atr"":36.86653807142594,""bar"":{""body_fraction"":0.391304347826087,""close"":7316.0,""close_position"":0.391304347826087,""direction"":""UP"",""high"":7323.0,""low"":7311.5,""lower_wick_fraction"":0.0,""move_atr"":0.122061908587175,""move_points"":4.5,""open"":7311.5,""snapshot_time"":""2026-08-03T10:12:00+05:30"",""upper_wick_fraction"":0.6086956521739131,""volume"":3691.0},""close"":7316.0,""trend"":{""ema_ref"":7360.500626773876,""ema_slow"":7368.924256925351,""hma_order"":""SELL"",""hma_spread_atr"":2.002432922032921}},{""atr"":35.66178535203838,""bar"":{""body_fraction"":0.65,""close"":7331.0,""close_position"":0.8,""direction"":""UP"",""high"":7335.0,""low"":7315.0,""lower_wick_fraction"":0.15,""move_atr"":0.36453587142846,""move_points"":13.0,""open"":7318.0,""snapshot_time"":""2026-08-03T10:15:00+05:30"",""upper_wick_fraction"":0.2,""volume"":3755.0},""close"":7331.0,""trend"":{""ema_ref"":7360.207088199012,""ema_slow"":7368.17328154069,""hma_order"":""SELL"",""hma_spread_atr"":2.073920829557512}},{""atr"":35.614514969749926,""bar"":{""body_fraction"":0.2857142857142857,""close"":7321.0,""close_position"":0.17142857142857143,""direction"":""DOWN"",""high"":7350.0,""low"":7315.0,""lower_wick_fraction"":0.17142857142857143,""move_atr"":-0.28078439390494997,""move_points"":-10.0,""open"":7331.0,""snapshot_time"":""2026-08-03T10:18:00+05:30"",""upper_wick_fraction"":0.5428571428571428,""volume"":15959.0},""close"":7321.0,""trend"":{""ema_ref"":7359.816967918426,""ema_slow"":7367.2391571537455,""hma_order"":""SELL"",""hma_spread_atr"":2.0183492807649235}},{""atr"":36.749192471910646,""bar"":{""body_fraction"":0.4368932038834951,""close"":7346.5,""close_position"":0.8932038834951457,""direction"":""UP"",""high"":7352.0,""low"":7300.5,""lower_wick_fraction"":0.4563106796116505,""move_atr"":0.6122583514507955,""move_points"":22.5,""open"":7324.0,""snapshot_time"":""2026-08-03T10:21:00+05:30"",""upper_wick_fraction"":0.10679611650485436,""volume"":19033.0},""close"":7346.5,""trend"":{""ema_ref"":7359.684460774959,""ema_slow"":7366.828480774463,""hma_order"":""SELL"",""hma_spread_atr"":1.776507157514171}},{""atr"":36.19567872391703,""bar"":{""body_fraction"":0.7241379310344828,""close"":7325.5,""close_position"":0.27586206896551724,""direction"":""DOWN"",""high"":7346.5,""low"":7317.5,""lower_wick_fraction"":0.27586206896551724,""move_atr"":-0.580179754610426,""move_points"":-21.0,""open"":7346.5,""snapshot_time"":""2026-08-03T10:24:00+05:30"",""upper_wick_fraction"":0.0,""volume"":3728.0},""close"":7325.5,""trend"":{""ema_ref"":7359.3443168866515,""ema_slow"":7366.010095016552,""hma_order"":""SELL"",""hma_spread_atr"":1.774790721417432}},{""atr"":34.64598738649438,""bar"":{""body_fraction"":0.2413793103448276,""close"":7329.0,""close_position"":0.8620689655172413,""direction"":""UP"",""high"":7331.0,""low"":7316.5,""lower_wick_fraction"":0.6206896551724138,""move_atr"":0.10102179975290188,""move_points"":3.5,""open"":7325.5,""snapshot_time"":""2026-08-03T10:27:00+05:30"",""upper_wick_fraction"":0.13793103448275862,""volume"":3644.0},""close"":7329.0,""trend"":{""ema_ref"":7359.042383385293,""ema_slow"":7365.277221847908,""hma_order"":""BUY"",""hma_spread_atr"":1.8224054731072592}},{""atr"":32.95698828745907,""bar"":{""body_fraction"":0.5,""close"":7326.0,""close_position"":0.13636363636363635,""direction"":""DOWN"",""high"":7335.5,""low"":7324.5,""lower_wick_fraction"":0.13636363636363635,""move_atr"":-0.16688418104311076,""move_points"":-5.5,""open"":7331.5,""snapshot_time"":""2026-08-03T10:30:00+05:30"",""upper_wick_fraction"":0.3636363636363637,""volume"":4314.0},""close"":7326.0,""trend"":{""ema_ref"":7358.71360345111,""ema_slow"":7364.499455078641,""hma_order"":""BUY"",""hma_spread_atr"":1.8810305042157016}},{""atr"":31.42434626692628,""bar"":{""body_fraction"":0.4782608695652174,""close"":7320.5,""close_position"":0.30434782608695654,""direction"":""DOWN"",""high"":7328.5,""low"":7317.0,""lower_wick_fraction"":0.30434782608695654,""move_atr"":-0.17502352963150355,""move_points"":-5.5,""open"":7326.0,""snapshot_time"":""2026-08-03T10:33:00+05:30"",""upper_wick_fraction"":0.21739130434782608,""volume"":3587.0},""close"":7320.5,""trend"":{""ema_ref"":7358.3333685909,""ema_slow"":7363.628178740451,""hma_order"":""BUY"",""hma_spread_atr"":1.93587034655245}},{""atr"":30.786892962145835,""bar"":{""body_fraction"":0.5777777777777777,""close"":7333.5,""close_position"":0.7111111111111111,""direction"":""UP"",""high"":7340.0,""low"":7317.5,""lower_wick_fraction"":0.13333333333333333,""move_atr"":0.42225761514759574,""move_points"":13.0,""open"":7320.5,""snapshot_time"":""2026-08-03T10:36:00+05:30"",""upper_wick_fraction"":0.28888888888888886,""volume"":3825.0},""close"":7333.5,""trend"":{""ema_ref"":7358.0862703959665,""ema_slow"":7363.031581141629,""hma_order"":""BUY"",""hma_spread_atr"":1.9352080877974915}},{""atr"":29.40925775056399,""bar"":{""body_fraction"":0.043478260869565216,""close"":7333.0,""close_position"":0.08695652173913043,""direction"":""DOWN"",""high"":7343.5,""low"":7332.0,""lower_wick_fraction"":0.08695652173913043,""move_atr"":-0.017001449143693923,""move_points"":-0.5,""open"":7333.5,""snapshot_time"":""2026-08-03T10:39:00+05:30"",""upper_wick_fraction"":0.8695652173913043,""volume"":2943.0},""close"":7333.0,""trend"":{""ema_ref"":7357.836655765161,""ema_slow"":7362.436896366547,""hma_order"":""BUY"",""hma_spread_atr"":1.9805629224645405}}],""last_observation_hash"":""22cfd5b21a796f0d4b932bc13fffb33bd43e1bef0a717370980525d750ee1d38"",""last_snapshot_time"":""2026-08-03T10:39:00+05:30"",""observation"":{""compression_box_high"":7343.5,""compression_box_low"":7332.0,""compression_candidate_bars"":1,""current_state"":""TREND_FAILURE"",""established_side"":""DOWN"",""exhaustion_active"":false,""exhaustion_age_bars"":0,""exhaustion_clear_bars"":0,""exhaustion_last_seen_at"":null,""exhaustion_side"":""UNKNOWN"",""exhaustion_started_at"":null,""failure_breach_bars"":2,""last_close"":7333.0,""last_reason_codes"":[""FROZEN_TREND_PROTECTION_BREACH_CONFIRMED"",""OBSERVATION_TRANSITION_CONFIRMED"",""OBSERVATION_STATE_TREND_FAILURE""],""last_snapshot_time"":""2026-08-03T10:39:00+05:30"",""leg_age_bars"":10,""leg_anchor_price"":7323.0,""leg_anchor_time"":""2026-08-03T10:12:00+05:30"",""leg_extreme_price"":7300.5,""leg_maturity_consumed"":false,""leg_maturity_extreme_price"":null,""leg_maturity_onset_time"":null,""leg_no_progress_bars"":6,""observation_count"":29,""pending_bars"":0,""pending_state"":null,""protection_level"":7323.0,""protection_source"":""INITIAL_DIRECTIONAL_ANCHOR"",""protection_time"":""2026-08-03T10:12:00+05:30"",""pullback_age_bars"":0,""pullback_candidate_bars"":0,""pullback_extreme_price"":null,""reacceleration_age_bars"":0,""recompression_age_bars"":0,""reversal_confirmation_bars"":0,""reversal_side"":""UNKNOWN"",""state_age_bars"":1,""trading_day"":""2026-08-03"",""trend_anchor_price"":7323.0,""trend_candidate_bars"":0,""trend_candidate_side"":""UNKNOWN"",""trend_extreme_price"":7300.5,""trend_failure_age_bars"":1,""trend_onset_time"":""2026-08-03T10:12:00+05:30""},""symbol"":""ABB"",""trading_day"":""2026-08-03""}"
restoration-v3-current-day,development,restoration-trend-control-v3,backtest-default,OK,,,,ABB,2026-08-03,2026-08-03T10:42:00+05:30,2026-08-03T10:39:00+05:30,SNAPSHOT_AUCTION_AUTHORITY_V3A,3m,True,True,7337.0,2026-08-03T10:42:00,7333.0,7354.0,7333.0,7337.0,6461.0,28.80859648266657,BALANCE_QUALIFIED,BUY,dynamic_balance_stable_across_historical_cutoffs,RANGE_ACCEPTED,DYNAMIC:2026-08-03T09:45:00+05:30:2026-08-03T10:03:00+05:30,7311.0,7370.0,13,ok,UP_SLOWING,0.060745756949767846,0.09545761806392088,OK,INCREMENTAL_PREVIOUS_SNAPSHOT,AUTOTRADES_AUCTION_ENGINE,1.1.0,,,TREND_FAILURE,DOWN,UP,False,False,False,UNKNOWN,True,False,True,7323.0,INITIAL_DIRECTIONAL_ANCHOR,2026-08-03T10:12:00+05:30,DYNAMIC:2026-08-03T09:45:00+05:30:2026-08-03T10:03:00+05:30,7311.0,7370.0,True,0.4406779661016949,0.18811881188118812,PRICE_ACTION,0.7039525691699604,TREND_FAILURE_OBSERVATION_REMAINS_UNRESOLVED|OBSERVATION_PROPOSAL_MATCHED_CURRENT|OBSERVATION_STATE_TREND_FAILURE|OBJECTIVE_REJECTION_OBSERVED|OBJECTIVE_STRUCTURAL_FAILURE_OBSERVED|OBJECTIVE_ACCEPTED_RANGE_GEOMETRY_PRESENT|OBJECTIVE_TREND_PROTECTION_GEOMETRY_PRESENT,DIR:ABB:2026-08-03:001:DOWN:101500,DIRECTIONAL,DIRECTIONAL,DOWN,OBSERVATION_CONFIRMATION,,,2026-08-03T10:15:00+05:30,2026-08-03T10:15:00+05:30,10,7331.0,7300.5,2026-08-03T10:21:00+05:30,7323.0,INITIAL_DIRECTIONAL_ANCHOR,,,,0,0.0,0,False,DIRECTIONAL_EPISODE_RETAINED,1,UNKNOWN,0,0,0,0,0,TREND_FAILURE,2026-08-03T10:42:00+05:30,DIRECTIONAL_EPISODE_RETAINED,BAL:ABB:2026-08-03:001:NEUTRAL:100600,LOCKED,LOCKED,6,DYNAMIC:2026-08-03T09:45:00+05:30:2026-08-03T10:03:00+05:30,7300.5,7370.0,7300.5,7370.0,UNKNOWN,0,0,0,0,False,False,FROZEN_BALANCE_RETAINED,0,,,,,,3,CONTINUATION|REACCELERATION|REVERSAL,BLOCK|BLOCK|BLOCK,||,CONTINUATION:BALANCE_LOCKED_CONTINUATION_BLOCK|REACCELERATION:BALANCE_LOCKED_REACCELERATION_BLOCK|REVERSAL:BALANCE_LOCKED_REVERSAL_BLOCK,CONFLICT,CONFLICT,CONFLICT,MATCH,True,3,False,False,False,True,EPISODE_TREND_CONFLICT|EPISODE_RAW_STRUCTURE_CONFLICT|EPISODE_SLOPE_CONFLICT|FRESH_OPPOSITE_EVIDENCE|PERSISTENT_OPPOSITE_EVIDENCE,PERSISTENT_CONFLICT,[],"[""setup_family=<SetupFamily.CONTINUATION: 'CONTINUATION'> result=<StructuralPermissionResult.BLOCK: 'BLOCK'> source_event_ids=() source_event_types=() balance_state=<BalanceEpisodeState.LOCKED: 'LOCKED'> reason_codes=('BALANCE_LOCKED_CONTINUATION_BLOCK',)"",""setup_family=<SetupFamily.REACCELERATION: 'REACCELERATION'> result=<StructuralPermissionResult.BLOCK: 'BLOCK'> source_event_ids=() source_event_types=() balance_state=<BalanceEpisodeState.LOCKED: 'LOCKED'> reason_codes=('BALANCE_LOCKED_REACCELERATION_BLOCK',)"",""setup_family=<SetupFamily.REVERSAL: 'REVERSAL'> result=<StructuralPermissionResult.BLOCK: 'BLOCK'> source_event_ids=() source_event_types=() balance_state=<BalanceEpisodeState.LOCKED: 'LOCKED'> reason_codes=('BALANCE_LOCKED_REVERSAL_BLOCK',)""]","{""accepted_range_breakout_eligible"":true,""accepted_range_established_at"":""2026-08-03T10:03:00+05:30"",""accepted_range_high"":7370.0,""accepted_range_id"":""DYNAMIC:2026-08-03T09:45:00+05:30:2026-08-03T10:03:00+05:30"",""accepted_range_inside"":true,""accepted_range_low"":7311.0,""accepted_range_outside_atr"":0.0,""accepted_range_position"":0.4406779661016949,""accepted_range_provisional"":false,""atr"":28.80859648266657,""close"":7337.0,""current_leg_mature"":false,""directional_bias"":""DOWN"",""directional_efficiency"":0.18811881188118812,""directional_efficiency_source"":""PRICE_ACTION"",""exhausted_side"":""UNKNOWN"",""exhaustion_active"":false,""extension_mature"":false,""failed_extreme_observed"":false,""high"":7354.0,""low"":7333.0,""observation_state"":""TREND_FAILURE"",""overlap_ratio"":0.7039525691699604,""range_width_atr"":2.04799980573503,""rejection_observed"":true,""snapshot_time"":""2026-08-03T10:42:00+05:30"",""source_reason_codes"":[""TREND_FAILURE_OBSERVATION_REMAINS_UNRESOLVED"",""OBSERVATION_PROPOSAL_MATCHED_CURRENT"",""OBSERVATION_STATE_TREND_FAILURE"",""OBJECTIVE_REJECTION_OBSERVED"",""OBJECTIVE_STRUCTURAL_FAILURE_OBSERVED"",""OBJECTIVE_ACCEPTED_RANGE_GEOMETRY_PRESENT"",""OBJECTIVE_TREND_PROTECTION_GEOMETRY_PRESENT""],""structural_failure_confirmed"":true,""symbol"":""ABB"",""trading_day"":""2026-08-03"",""trend_direction"":""UP"",""trend_protection_level"":7323.0,""trend_protection_source"":""INITIAL_DIRECTIONAL_ANCHOR"",""trend_protection_time"":""2026-08-03T10:12:00+05:30""}","{""continuation_failure_seen"":false,""continuation_failure_time"":null,""current_state"":""DIRECTIONAL"",""direction"":""DOWN"",""episode_id"":""DIR:ABB:2026-08-03:001:DOWN:101500"",""extreme_price"":7300.5,""extreme_time"":""2026-08-03T10:21:00+05:30"",""first_adverse_bar_close"":null,""first_adverse_bar_level"":null,""first_adverse_bar_time"":null,""origin_event_id"":null,""origin_price"":7331.0,""origin_source"":""OBSERVATION_CONFIRMATION"",""parent_episode_id"":null,""previous_state"":""DIRECTIONAL"",""protection_level"":7323.0,""protection_source"":""INITIAL_DIRECTIONAL_ANCHOR"",""reason_codes"":[""DIRECTIONAL_EPISODE_RETAINED""],""rejection_seen"":false,""reversal_confirmation_breach_closes"":0,""reversal_confirmation_level"":null,""reversal_confirmation_level_time"":null,""reversal_confirmation_source"":"""",""reversal_leg_failure_closes"":0,""reversal_leg_progress_atr"":0.0,""reversal_leg_progress_bars"":0,""started_at"":""2026-08-03T10:15:00+05:30"",""state_age_bars"":10,""state_started_at"":""2026-08-03T10:15:00+05:30""}","{""attempt_limit_reached"":false,""candidate_bar_expansion_count"":1,""candidate_high"":7370.0,""candidate_last_valid_at"":""2026-08-03T10:27:00+05:30"",""candidate_low"":7300.5,""candidate_merge_count"":0,""containment_bars"":11,""containment_ratio"":0.8461538461538461,""current_state"":""LOCKED"",""down_escape_attempt_count"":0,""episode_id"":""BAL:ABB:2026-08-03:001:NEUTRAL:100600"",""escape_attempt_count"":0,""escape_direction"":""UNKNOWN"",""failed_escape_count"":0,""forming_bars_observed"":13,""forming_invalid_bars"":0,""frozen_high"":7370.0,""frozen_low"":7300.5,""last_escape_direction"":""UNKNOWN"",""last_escape_failed_at"":null,""last_escape_started_at"":null,""marginal_excursion_bars"":2,""meaningful_escape_bars"":0,""outside_close_count"":0,""previous_state"":""LOCKED"",""range_id"":""DYNAMIC:2026-08-03T09:45:00+05:30:2026-08-03T10:03:00+05:30"",""rearm_bars_elapsed"":0,""rearm_inside_close_count"":0,""rearm_required"":false,""reason_codes"":[""FROZEN_BALANCE_RETAINED""],""reentry_close_count"":0,""source_range_ids"":[""DYNAMIC:2026-08-03T09:45:00+05:30:2026-08-03T10:03:00+05:30""],""started_at"":""2026-08-03T10:06:00+05:30"",""state_age_bars"":6,""state_started_at"":""2026-08-03T10:27:00+05:30"",""up_escape_attempt_count"":0}","{""balance_attempt_limit_reached"":false,""balance_candidate_bar_expansion_count"":1,""balance_candidate_merge_count"":0,""balance_containment_ratio"":0.8461538461538461,""balance_down_escape_attempt_count"":0,""balance_escape_attempt_count"":0,""balance_failed_escape_count"":0,""balance_forming_bars_observed"":13,""balance_forming_invalid_bars"":0,""balance_last_escape_direction"":""UNKNOWN"",""balance_last_escape_failed_at"":null,""balance_last_escape_started_at"":null,""balance_marginal_excursion_bars"":2,""balance_meaningful_escape_bars"":0,""balance_rearm_bars_elapsed"":0,""balance_rearm_inside_close_count"":0,""balance_rearm_required"":false,""balance_up_escape_attempt_count"":0,""directional_origin_event_id"":null,""directional_origin_source"":""OBSERVATION_CONFIRMATION"",""directional_parent_episode_id"":null,""directional_reversal_watch_age_bars"":0,""directional_start_candidate_bars"":0,""directional_start_candidate_side"":""UNKNOWN"",""observation_accepted_range_id"":""DYNAMIC:2026-08-03T09:45:00+05:30:2026-08-03T10:03:00+05:30"",""observation_current_leg_mature"":false,""observation_directional_bias"":""DOWN"",""observation_exhaustion_active"":false,""observation_state"":""TREND_FAILURE""}","{""balance"":{""attempt_limit_reached"":false,""candidate_bar_expansion_count"":1,""candidate_high"":7370.0,""candidate_last_valid_at"":""2026-08-03T10:27:00+05:30"",""candidate_low"":7300.5,""candidate_merge_count"":0,""containment_bars"":11,""down_escape_attempt_count"":0,""emitted_event_ids"":[""BAL:ABB:2026-08-03:001:NEUTRAL:100600:BALANCE_FORMING_STARTED:100600"",""BAL:ABB:2026-08-03:001:NEUTRAL:100600:BALANCE_LOCKED:102700"",""BAL:ABB:2026-08-03:001:NEUTRAL:100600:BALANCE_PROBABLE:101800""],""episode_id"":""BAL:ABB:2026-08-03:001:NEUTRAL:100600"",""escape_attempt_count"":0,""escape_direction"":""UNKNOWN"",""failed_escape_count"":0,""forming_bars_observed"":13,""forming_invalid_bars"":0,""frozen_high"":7370.0,""frozen_low"":7300.5,""last_escape_direction"":""UNKNOWN"",""last_escape_failed_at"":null,""last_escape_started_at"":null,""last_reason_codes"":[""FROZEN_BALANCE_RETAINED""],""marginal_excursion_bars"":2,""meaningful_escape_bars"":0,""outside_close_count"":0,""range_id"":""DYNAMIC:2026-08-03T09:45:00+05:30:2026-08-03T10:03:00+05:30"",""rearm_bars_elapsed"":0,""rearm_inside_close_count"":0,""rearm_required"":false,""reentry_close_count"":0,""sequence"":1,""source_range_ids"":[""DYNAMIC:2026-08-03T09:45:00+05:30:2026-08-03T10:03:00+05:30""],""started_at"":""2026-08-03T10:06:00+05:30"",""state"":""LOCKED"",""state_age_bars"":6,""state_started_at"":""2026-08-03T10:27:00+05:30"",""up_escape_attempt_count"":0},""directional"":{""continuation_failure_progress_bars"":0,""continuation_failure_seen"":false,""continuation_failure_seen_at"":null,""direction"":""DOWN"",""emitted_event_ids"":[""DIR:ABB:2026-08-03:001:DOWN:101500:DIRECTIONAL_STARTED:101500""],""episode_id"":""DIR:ABB:2026-08-03:001:DOWN:101500"",""extreme_price"":7300.5,""extreme_time"":""2026-08-03T10:21:00+05:30"",""first_adverse_bar_close"":null,""first_adverse_bar_level"":null,""first_adverse_bar_time"":null,""inactive_bars"":0,""last_close"":7337.0,""last_observation_state"":""TREND_FAILURE"",""last_observation_state_time"":""2026-08-03T10:42:00+05:30"",""last_reason_codes"":[""DIRECTIONAL_EPISODE_RETAINED""],""opposite_control_bars"":0,""origin_event_id"":null,""origin_price"":7331.0,""origin_source"":""OBSERVATION_CONFIRMATION"",""parent_episode_id"":null,""protection_level"":7323.0,""protection_source"":""INITIAL_DIRECTIONAL_ANCHOR"",""protection_time"":""2026-08-03T10:12:00+05:30"",""rejection_seen"":false,""rejection_seen_at"":null,""reversal_confirmation_breach_closes"":0,""reversal_confirmation_level"":null,""reversal_confirmation_level_time"":null,""reversal_confirmation_source"":"""",""reversal_leg_failure_closes"":0,""reversal_leg_progress_atr"":0.0,""reversal_leg_progress_bars"":0,""reversal_watch_age_bars"":0,""sequence"":1,""start_candidate_bars"":0,""start_candidate_side"":""UNKNOWN"",""started_at"":""2026-08-03T10:15:00+05:30"",""state"":""DIRECTIONAL"",""state_age_bars"":10,""state_started_at"":""2026-08-03T10:15:00+05:30"",""trend_restore_bars"":0},""evidence_history"":[{""atr"":38.779348692304865,""bar"":{""body_fraction"":0.875,""close"":7311.0,""close_position"":0.0625,""direction"":""DOWN"",""high"":7326.0,""low"":7310.0,""lower_wick_fraction"":0.0625,""move_atr"":-0.3610168935812497,""move_points"":-14.0,""open"":7325.0,""snapshot_time"":""2026-08-03T10:09:00+05:30"",""upper_wick_fraction"":0.0625,""volume"":4622.0},""close"":7311.0,""trend"":{""ema_ref"":7360.947869254015,""ema_slow"":7369.993433832934,""hma_order"":""BUY"",""hma_spread_atr"":1.906676400113136}},{""atr"":36.86653807142594,""bar"":{""body_fraction"":0.391304347826087,""close"":7316.0,""close_position"":0.391304347826087,""direction"":""UP"",""high"":7323.0,""low"":7311.5,""lower_wick_fraction"":0.0,""move_atr"":0.122061908587175,""move_points"":4.5,""open"":7311.5,""snapshot_time"":""2026-08-03T10:12:00+05:30"",""upper_wick_fraction"":0.6086956521739131,""volume"":3691.0},""close"":7316.0,""trend"":{""ema_ref"":7360.500626773876,""ema_slow"":7368.924256925351,""hma_order"":""SELL"",""hma_spread_atr"":2.002432922032921}},{""atr"":35.66178535203838,""bar"":{""body_fraction"":0.65,""close"":7331.0,""close_position"":0.8,""direction"":""UP"",""high"":7335.0,""low"":7315.0,""lower_wick_fraction"":0.15,""move_atr"":0.36453587142846,""move_points"":13.0,""open"":7318.0,""snapshot_time"":""2026-08-03T10:15:00+05:30"",""upper_wick_fraction"":0.2,""volume"":3755.0},""close"":7331.0,""trend"":{""ema_ref"":7360.207088199012,""ema_slow"":7368.17328154069,""hma_order"":""SELL"",""hma_spread_atr"":2.073920829557512}},{""atr"":35.614514969749926,""bar"":{""body_fraction"":0.2857142857142857,""close"":7321.0,""close_position"":0.17142857142857143,""direction"":""DOWN"",""high"":7350.0,""low"":7315.0,""lower_wick_fraction"":0.17142857142857143,""move_atr"":-0.28078439390494997,""move_points"":-10.0,""open"":7331.0,""snapshot_time"":""2026-08-03T10:18:00+05:30"",""upper_wick_fraction"":0.5428571428571428,""volume"":15959.0},""close"":7321.0,""trend"":{""ema_ref"":7359.816967918426,""ema_slow"":7367.2391571537455,""hma_order"":""SELL"",""hma_spread_atr"":2.0183492807649235}},{""atr"":36.749192471910646,""bar"":{""body_fraction"":0.4368932038834951,""close"":7346.5,""close_position"":0.8932038834951457,""direction"":""UP"",""high"":7352.0,""low"":7300.5,""lower_wick_fraction"":0.4563106796116505,""move_atr"":0.6122583514507955,""move_points"":22.5,""open"":7324.0,""snapshot_time"":""2026-08-03T10:21:00+05:30"",""upper_wick_fraction"":0.10679611650485436,""volume"":19033.0},""close"":7346.5,""trend"":{""ema_ref"":7359.684460774959,""ema_slow"":7366.828480774463,""hma_order"":""SELL"",""hma_spread_atr"":1.776507157514171}},{""atr"":36.19567872391703,""bar"":{""body_fraction"":0.7241379310344828,""close"":7325.5,""close_position"":0.27586206896551724,""direction"":""DOWN"",""high"":7346.5,""low"":7317.5,""lower_wick_fraction"":0.27586206896551724,""move_atr"":-0.580179754610426,""move_points"":-21.0,""open"":7346.5,""snapshot_time"":""2026-08-03T10:24:00+05:30"",""upper_wick_fraction"":0.0,""volume"":3728.0},""close"":7325.5,""trend"":{""ema_ref"":7359.3443168866515,""ema_slow"":7366.010095016552,""hma_order"":""SELL"",""hma_spread_atr"":1.774790721417432}},{""atr"":34.64598738649438,""bar"":{""body_fraction"":0.2413793103448276,""close"":7329.0,""close_position"":0.8620689655172413,""direction"":""UP"",""high"":7331.0,""low"":7316.5,""lower_wick_fraction"":0.6206896551724138,""move_atr"":0.10102179975290188,""move_points"":3.5,""open"":7325.5,""snapshot_time"":""2026-08-03T10:27:00+05:30"",""upper_wick_fraction"":0.13793103448275862,""volume"":3644.0},""close"":7329.0,""trend"":{""ema_ref"":7359.042383385293,""ema_slow"":7365.277221847908,""hma_order"":""BUY"",""hma_spread_atr"":1.8224054731072592}},{""atr"":32.95698828745907,""bar"":{""body_fraction"":0.5,""close"":7326.0,""close_position"":0.13636363636363635,""direction"":""DOWN"",""high"":7335.5,""low"":7324.5,""lower_wick_fraction"":0.13636363636363635,""move_atr"":-0.16688418104311076,""move_points"":-5.5,""open"":7331.5,""snapshot_time"":""2026-08-03T10:30:00+05:30"",""upper_wick_fraction"":0.3636363636363637,""volume"":4314.0},""close"":7326.0,""trend"":{""ema_ref"":7358.71360345111,""ema_slow"":7364.499455078641,""hma_order"":""BUY"",""hma_spread_atr"":1.8810305042157016}},{""atr"":31.42434626692628,""bar"":{""body_fraction"":0.4782608695652174,""close"":7320.5,""close_position"":0.30434782608695654,""direction"":""DOWN"",""high"":7328.5,""low"":7317.0,""lower_wick_fraction"":0.30434782608695654,""move_atr"":-0.17502352963150355,""move_points"":-5.5,""open"":7326.0,""snapshot_time"":""2026-08-03T10:33:00+05:30"",""upper_wick_fraction"":0.21739130434782608,""volume"":3587.0},""close"":7320.5,""trend"":{""ema_ref"":7358.3333685909,""ema_slow"":7363.628178740451,""hma_order"":""BUY"",""hma_spread_atr"":1.93587034655245}},{""atr"":30.786892962145835,""bar"":{""body_fraction"":0.5777777777777777,""close"":7333.5,""close_position"":0.7111111111111111,""direction"":""UP"",""high"":7340.0,""low"":7317.5,""lower_wick_fraction"":0.13333333333333333,""move_atr"":0.42225761514759574,""move_points"":13.0,""open"":7320.5,""snapshot_time"":""2026-08-03T10:36:00+05:30"",""upper_wick_fraction"":0.28888888888888886,""volume"":3825.0},""close"":7333.5,""trend"":{""ema_ref"":7358.0862703959665,""ema_slow"":7363.031581141629,""hma_order"":""BUY"",""hma_spread_atr"":1.9352080877974915}},{""atr"":29.40925775056399,""bar"":{""body_fraction"":0.043478260869565216,""close"":7333.0,""close_position"":0.08695652173913043,""direction"":""DOWN"",""high"":7343.5,""low"":7332.0,""lower_wick_fraction"":0.08695652173913043,""move_atr"":-0.017001449143693923,""move_points"":-0.5,""open"":7333.5,""snapshot_time"":""2026-08-03T10:39:00+05:30"",""upper_wick_fraction"":0.8695652173913043,""volume"":2943.0},""close"":7333.0,""trend"":{""ema_ref"":7357.836655765161,""ema_slow"":7362.436896366547,""hma_order"":""BUY"",""hma_spread_atr"":1.9805629224645405}},{""atr"":28.80859648266657,""bar"":{""body_fraction"":0.1904761904761905,""close"":7337.0,""close_position"":0.1904761904761905,""direction"":""UP"",""high"":7354.0,""low"":7333.0,""lower_wick_fraction"":0.0,""move_atr"":0.1388474444566122,""move_points"":4.0,""open"":7333.0,""snapshot_time"":""2026-08-03T10:42:00+05:30"",""upper_wick_fraction"":0.8095238095238095,""volume"":6461.0},""close"":7337.0,""trend"":{""ema_ref"":7357.6293258570495,""ema_slow"":7361.933195448398,""hma_order"":""BUY"",""hma_spread_atr"":1.9728897990854912}}],""last_observation_hash"":""a5ca9f019027e1ac9d73c8c8631fb79cace741c2a51dcf078038575fdae03542"",""last_snapshot_time"":""2026-08-03T10:42:00+05:30"",""observation"":{""compression_box_high"":7354.0,""compression_box_low"":7332.0,""compression_candidate_bars"":2,""current_state"":""TREND_FAILURE"",""established_side"":""DOWN"",""exhaustion_active"":false,""exhaustion_age_bars"":0,""exhaustion_clear_bars"":0,""exhaustion_last_seen_at"":null,""exhaustion_side"":""UNKNOWN"",""exhaustion_started_at"":null,""failure_breach_bars"":3,""last_close"":7337.0,""last_reason_codes"":[""TREND_FAILURE_OBSERVATION_REMAINS_UNRESOLVED"",""OBSERVATION_PROPOSAL_MATCHED_CURRENT"",""OBSERVATION_STATE_TREND_FAILURE""],""last_snapshot_time"":""2026-08-03T10:42:00+05:30"",""leg_age_bars"":11,""leg_anchor_price"":7323.0,""leg_anchor_time"":""2026-08-03T10:12:00+05:30"",""leg_extreme_price"":7300.5,""leg_maturity_consumed"":false,""leg_maturity_extreme_price"":null,""leg_maturity_onset_time"":null,""leg_no_progress_bars"":7,""observation_count"":30,""pending_bars"":0,""pending_state"":null,""protection_level"":7323.0,""protection_source"":""INITIAL_DIRECTIONAL_ANCHOR"",""protection_time"":""2026-08-03T10:12:00+05:30"",""pullback_age_bars"":0,""pullback_candidate_bars"":0,""pullback_extreme_price"":null,""reacceleration_age_bars"":0,""recompression_age_bars"":0,""reversal_confirmation_bars"":0,""reversal_side"":""UNKNOWN"",""state_age_bars"":2,""trading_day"":""2026-08-03"",""trend_anchor_price"":7323.0,""trend_candidate_bars"":0,""trend_candidate_side"":""UNKNOWN"",""trend_extreme_price"":7300.5,""trend_failure_age_bars"":2,""trend_onset_time"":""2026-08-03T10:12:00+05:30""},""symbol"":""ABB"",""trading_day"":""2026-08-03""}"
restoration-v3-current-day,development,restoration-trend-control-v3,backtest-default,OK,,,,ABB,2026-08-03,2026-08-03T10:45:00+05:30,2026-08-03T10:42:00+05:30,SNAPSHOT_AUCTION_AUTHORITY_V3A,3m,True,True,7358.5,2026-08-03T10:45:00,7337.0,7362.0,7333.5,7358.5,9612.0,28.78655387676181,BALANCE_QUALIFIED,BUY,dynamic_balance_stable_across_historical_cutoffs,RANGE_ACCEPTED,DYNAMIC:2026-08-03T09:45:00+05:30:2026-08-03T10:03:00+05:30,7311.0,7370.0,14,ok,UP_ACCELERATING,0.44291512122583543,0.33001518836434796,OK,INCREMENTAL_PREVIOUS_SNAPSHOT,AUTOTRADES_AUCTION_ENGINE,1.1.0,,,TREND_FAILURE,DOWN,UP,False,False,False,UNKNOWN,False,False,True,7323.0,INITIAL_DIRECTIONAL_ANCHOR,2026-08-03T10:12:00+05:30,DYNAMIC:2026-08-03T09:45:00+05:30:2026-08-03T10:03:00+05:30,7311.0,7370.0,True,0.8050847457627118,0.6470588235294118,PRICE_ACTION,0.7810088462262376,TREND_FAILURE_OBSERVATION_REMAINS_UNRESOLVED|OBSERVATION_PROPOSAL_MATCHED_CURRENT|OBSERVATION_STATE_TREND_FAILURE|OBJECTIVE_STRUCTURAL_FAILURE_OBSERVED|OBJECTIVE_ACCEPTED_RANGE_GEOMETRY_PRESENT|OBJECTIVE_TREND_PROTECTION_GEOMETRY_PRESENT,DIR:ABB:2026-08-03:001:DOWN:101500,DIRECTIONAL,DIRECTIONAL,DOWN,OBSERVATION_CONFIRMATION,,,2026-08-03T10:15:00+05:30,2026-08-03T10:15:00+05:30,11,7331.0,7300.5,2026-08-03T10:21:00+05:30,7323.0,INITIAL_DIRECTIONAL_ANCHOR,,,,0,0.0,0,False,DIRECTIONAL_EPISODE_RETAINED,1,UNKNOWN,0,0,0,0,0,TREND_FAILURE,2026-08-03T10:45:00+05:30,DIRECTIONAL_EPISODE_RETAINED,BAL:ABB:2026-08-03:001:NEUTRAL:100600,LOCKED,LOCKED,7,DYNAMIC:2026-08-03T09:45:00+05:30:2026-08-03T10:03:00+05:30,7300.5,7370.0,7300.5,7370.0,UNKNOWN,0,0,0,0,False,False,FROZEN_BALANCE_RETAINED,0,,,,,,3,CONTINUATION|REACCELERATION|REVERSAL,BLOCK|BLOCK|BLOCK,||,CONTINUATION:BALANCE_LOCKED_CONTINUATION_BLOCK|REACCELERATION:BALANCE_LOCKED_REACCELERATION_BLOCK|REVERSAL:BALANCE_LOCKED_REVERSAL_BLOCK,CONFLICT,CONFLICT,CONFLICT,MATCH,True,4,False,False,False,True,EPISODE_TREND_CONFLICT|EPISODE_RAW_STRUCTURE_CONFLICT|EPISODE_SLOPE_CONFLICT|FRESH_OPPOSITE_EVIDENCE|PERSISTENT_OPPOSITE_EVIDENCE,PERSISTENT_CONFLICT,[],"[""setup_family=<SetupFamily.CONTINUATION: 'CONTINUATION'> result=<StructuralPermissionResult.BLOCK: 'BLOCK'> source_event_ids=() source_event_types=() balance_state=<BalanceEpisodeState.LOCKED: 'LOCKED'> reason_codes=('BALANCE_LOCKED_CONTINUATION_BLOCK',)"",""setup_family=<SetupFamily.REACCELERATION: 'REACCELERATION'> result=<StructuralPermissionResult.BLOCK: 'BLOCK'> source_event_ids=() source_event_types=() balance_state=<BalanceEpisodeState.LOCKED: 'LOCKED'> reason_codes=('BALANCE_LOCKED_REACCELERATION_BLOCK',)"",""setup_family=<SetupFamily.REVERSAL: 'REVERSAL'> result=<StructuralPermissionResult.BLOCK: 'BLOCK'> source_event_ids=() source_event_types=() balance_state=<BalanceEpisodeState.LOCKED: 'LOCKED'> reason_codes=('BALANCE_LOCKED_REVERSAL_BLOCK',)""]","{""accepted_range_breakout_eligible"":true,""accepted_range_established_at"":""2026-08-03T10:03:00+05:30"",""accepted_range_high"":7370.0,""accepted_range_id"":""DYNAMIC:2026-08-03T09:45:00+05:30:2026-08-03T10:03:00+05:30"",""accepted_range_inside"":true,""accepted_range_low"":7311.0,""accepted_range_outside_atr"":0.0,""accepted_range_position"":0.8050847457627118,""accepted_range_provisional"":false,""atr"":28.78655387676181,""close"":7358.5,""current_leg_mature"":false,""directional_bias"":""DOWN"",""directional_efficiency"":0.6470588235294118,""directional_efficiency_source"":""PRICE_ACTION"",""exhausted_side"":""UNKNOWN"",""exhaustion_active"":false,""extension_mature"":false,""failed_extreme_observed"":false,""high"":7362.0,""low"":7333.5,""observation_state"":""TREND_FAILURE"",""overlap_ratio"":0.7810088462262376,""range_width_atr"":2.049568011947003,""rejection_observed"":false,""snapshot_time"":""2026-08-03T10:45:00+05:30"",""source_reason_codes"":[""TREND_FAILURE_OBSERVATION_REMAINS_UNRESOLVED"",""OBSERVATION_PROPOSAL_MATCHED_CURRENT"",""OBSERVATION_STATE_TREND_FAILURE"",""OBJECTIVE_STRUCTURAL_FAILURE_OBSERVED"",""OBJECTIVE_ACCEPTED_RANGE_GEOMETRY_PRESENT"",""OBJECTIVE_TREND_PROTECTION_GEOMETRY_PRESENT""],""structural_failure_confirmed"":true,""symbol"":""ABB"",""trading_day"":""2026-08-03"",""trend_direction"":""UP"",""trend_protection_level"":7323.0,""trend_protection_source"":""INITIAL_DIRECTIONAL_ANCHOR"",""trend_protection_time"":""2026-08-03T10:12:00+05:30""}","{""continuation_failure_seen"":false,""continuation_failure_time"":null,""current_state"":""DIRECTIONAL"",""direction"":""DOWN"",""episode_id"":""DIR:ABB:2026-08-03:001:DOWN:101500"",""extreme_price"":7300.5,""extreme_time"":""2026-08-03T10:21:00+05:30"",""first_adverse_bar_close"":null,""first_adverse_bar_level"":null,""first_adverse_bar_time"":null,""origin_event_id"":null,""origin_price"":7331.0,""origin_source"":""OBSERVATION_CONFIRMATION"",""parent_episode_id"":null,""previous_state"":""DIRECTIONAL"",""protection_level"":7323.0,""protection_source"":""INITIAL_DIRECTIONAL_ANCHOR"",""reason_codes"":[""DIRECTIONAL_EPISODE_RETAINED""],""rejection_seen"":false,""reversal_confirmation_breach_closes"":0,""reversal_confirmation_level"":null,""reversal_confirmation_level_time"":null,""reversal_confirmation_source"":"""",""reversal_leg_failure_closes"":0,""reversal_leg_progress_atr"":0.0,""reversal_leg_progress_bars"":0,""started_at"":""2026-08-03T10:15:00+05:30"",""state_age_bars"":11,""state_started_at"":""2026-08-03T10:15:00+05:30""}","{""attempt_limit_reached"":false,""candidate_bar_expansion_count"":1,""candidate_high"":7370.0,""candidate_last_valid_at"":""2026-08-03T10:27:00+05:30"",""candidate_low"":7300.5,""candidate_merge_count"":0,""containment_bars"":12,""containment_ratio"":0.8571428571428571,""current_state"":""LOCKED"",""down_escape_attempt_count"":0,""episode_id"":""BAL:ABB:2026-08-03:001:NEUTRAL:100600"",""escape_attempt_count"":0,""escape_direction"":""UNKNOWN"",""failed_escape_count"":0,""forming_bars_observed"":14,""forming_invalid_bars"":0,""frozen_high"":7370.0,""frozen_low"":7300.5,""last_escape_direction"":""UNKNOWN"",""last_escape_failed_at"":null,""last_escape_started_at"":null,""marginal_excursion_bars"":2,""meaningful_escape_bars"":0,""outside_close_count"":0,""previous_state"":""LOCKED"",""range_id"":""DYNAMIC:2026-08-03T09:45:00+05:30:2026-08-03T10:03:00+05:30"",""rearm_bars_elapsed"":0,""rearm_inside_close_count"":0,""rearm_required"":false,""reason_codes"":[""FROZEN_BALANCE_RETAINED""],""reentry_close_count"":0,""source_range_ids"":[""DYNAMIC:2026-08-03T09:45:00+05:30:2026-08-03T10:03:00+05:30""],""started_at"":""2026-08-03T10:06:00+05:30"",""state_age_bars"":7,""state_started_at"":""2026-08-03T10:27:00+05:30"",""up_escape_attempt_count"":0}","{""balance_attempt_limit_reached"":false,""balance_candidate_bar_expansion_count"":1,""balance_candidate_merge_count"":0,""balance_containment_ratio"":0.8571428571428571,""balance_down_escape_attempt_count"":0,""balance_escape_attempt_count"":0,""balance_failed_escape_count"":0,""balance_forming_bars_observed"":14,""balance_forming_invalid_bars"":0,""balance_last_escape_direction"":""UNKNOWN"",""balance_last_escape_failed_at"":null,""balance_last_escape_started_at"":null,""balance_marginal_excursion_bars"":2,""balance_meaningful_escape_bars"":0,""balance_rearm_bars_elapsed"":0,""balance_rearm_inside_close_count"":0,""balance_rearm_required"":false,""balance_up_escape_attempt_count"":0,""directional_origin_event_id"":null,""directional_origin_source"":""OBSERVATION_CONFIRMATION"",""directional_parent_episode_id"":null,""directional_reversal_watch_age_bars"":0,""directional_start_candidate_bars"":0,""directional_start_candidate_side"":""UNKNOWN"",""observation_accepted_range_id"":""DYNAMIC:2026-08-03T09:45:00+05:30:2026-08-03T10:03:00+05:30"",""observation_current_leg_mature"":false,""observation_directional_bias"":""DOWN"",""observation_exhaustion_active"":false,""observation_state"":""TREND_FAILURE""}","{""balance"":{""attempt_limit_reached"":false,""candidate_bar_expansion_count"":1,""candidate_high"":7370.0,""candidate_last_valid_at"":""2026-08-03T10:27:00+05:30"",""candidate_low"":7300.5,""candidate_merge_count"":0,""containment_bars"":12,""down_escape_attempt_count"":0,""emitted_event_ids"":[""BAL:ABB:2026-08-03:001:NEUTRAL:100600:BALANCE_FORMING_STARTED:100600"",""BAL:ABB:2026-08-03:001:NEUTRAL:100600:BALANCE_LOCKED:102700"",""BAL:ABB:2026-08-03:001:NEUTRAL:100600:BALANCE_PROBABLE:101800""],""episode_id"":""BAL:ABB:2026-08-03:001:NEUTRAL:100600"",""escape_attempt_count"":0,""escape_direction"":""UNKNOWN"",""failed_escape_count"":0,""forming_bars_observed"":14,""forming_invalid_bars"":0,""frozen_high"":7370.0,""frozen_low"":7300.5,""last_escape_direction"":""UNKNOWN"",""last_escape_failed_at"":null,""last_escape_started_at"":null,""last_reason_codes"":[""FROZEN_BALANCE_RETAINED""],""marginal_excursion_bars"":2,""meaningful_escape_bars"":0,""outside_close_count"":0,""range_id"":""DYNAMIC:2026-08-03T09:45:00+05:30:2026-08-03T10:03:00+05:30"",""rearm_bars_elapsed"":0,""rearm_inside_close_count"":0,""rearm_required"":false,""reentry_close_count"":0,""sequence"":1,""source_range_ids"":[""DYNAMIC:2026-08-03T09:45:00+05:30:2026-08-03T10:03:00+05:30""],""started_at"":""2026-08-03T10:06:00+05:30"",""state"":""LOCKED"",""state_age_bars"":7,""state_started_at"":""2026-08-03T10:27:00+05:30"",""up_escape_attempt_count"":0},""directional"":{""continuation_failure_progress_bars"":0,""continuation_failure_seen"":false,""continuation_failure_seen_at"":null,""direction"":""DOWN"",""emitted_event_ids"":[""DIR:ABB:2026-08-03:001:DOWN:101500:DIRECTIONAL_STARTED:101500""],""episode_id"":""DIR:ABB:2026-08-03:001:DOWN:101500"",""extreme_price"":7300.5,""extreme_time"":""2026-08-03T10:21:00+05:30"",""first_adverse_bar_close"":null,""first_adverse_bar_level"":null,""first_adverse_bar_time"":null,""inactive_bars"":0,""last_close"":7358.5,""last_observation_state"":""TREND_FAILURE"",""last_observation_state_time"":""2026-08-03T10:45:00+05:30"",""last_reason_codes"":[""DIRECTIONAL_EPISODE_RETAINED""],""opposite_control_bars"":0,""origin_event_id"":null,""origin_price"":7331.0,""origin_source"":""OBSERVATION_CONFIRMATION"",""parent_episode_id"":null,""protection_level"":7323.0,""protection_source"":""INITIAL_DIRECTIONAL_ANCHOR"",""protection_time"":""2026-08-03T10:12:00+05:30"",""rejection_seen"":false,""rejection_seen_at"":null,""reversal_confirmation_breach_closes"":0,""reversal_confirmation_level"":null,""reversal_confirmation_level_time"":null,""reversal_confirmation_source"":"""",""reversal_leg_failure_closes"":0,""reversal_leg_progress_atr"":0.0,""reversal_leg_progress_bars"":0,""reversal_watch_age_bars"":0,""sequence"":1,""start_candidate_bars"":0,""start_candidate_side"":""UNKNOWN"",""started_at"":""2026-08-03T10:15:00+05:30"",""state"":""DIRECTIONAL"",""state_age_bars"":11,""state_started_at"":""2026-08-03T10:15:00+05:30"",""trend_restore_bars"":0},""evidence_history"":[{""atr"":36.86653807142594,""bar"":{""body_fraction"":0.391304347826087,""close"":7316.0,""close_position"":0.391304347826087,""direction"":""UP"",""high"":7323.0,""low"":7311.5,""lower_wick_fraction"":0.0,""move_atr"":0.122061908587175,""move_points"":4.5,""open"":7311.5,""snapshot_time"":""2026-08-03T10:12:00+05:30"",""upper_wick_fraction"":0.6086956521739131,""volume"":3691.0},""close"":7316.0,""trend"":{""ema_ref"":7360.500626773876,""ema_slow"":7368.924256925351,""hma_order"":""SELL"",""hma_spread_atr"":2.002432922032921}},{""atr"":35.66178535203838,""bar"":{""body_fraction"":0.65,""close"":7331.0,""close_position"":0.8,""direction"":""UP"",""high"":7335.0,""low"":7315.0,""lower_wick_fraction"":0.15,""move_atr"":0.36453587142846,""move_points"":13.0,""open"":7318.0,""snapshot_time"":""2026-08-03T10:15:00+05:30"",""upper_wick_fraction"":0.2,""volume"":3755.0},""close"":7331.0,""trend"":{""ema_ref"":7360.207088199012,""ema_slow"":7368.17328154069,""hma_order"":""SELL"",""hma_spread_atr"":2.073920829557512}},{""atr"":35.614514969749926,""bar"":{""body_fraction"":0.2857142857142857,""close"":7321.0,""close_position"":0.17142857142857143,""direction"":""DOWN"",""high"":7350.0,""low"":7315.0,""lower_wick_fraction"":0.17142857142857143,""move_atr"":-0.28078439390494997,""move_points"":-10.0,""open"":7331.0,""snapshot_time"":""2026-08-03T10:18:00+05:30"",""upper_wick_fraction"":0.5428571428571428,""volume"":15959.0},""close"":7321.0,""trend"":{""ema_ref"":7359.816967918426,""ema_slow"":7367.2391571537455,""hma_order"":""SELL"",""hma_spread_atr"":2.0183492807649235}},{""atr"":36.749192471910646,""bar"":{""body_fraction"":0.4368932038834951,""close"":7346.5,""close_position"":0.8932038834951457,""direction"":""UP"",""high"":7352.0,""low"":7300.5,""lower_wick_fraction"":0.4563106796116505,""move_atr"":0.6122583514507955,""move_points"":22.5,""open"":7324.0,""snapshot_time"":""2026-08-03T10:21:00+05:30"",""upper_wick_fraction"":0.10679611650485436,""volume"":19033.0},""close"":7346.5,""trend"":{""ema_ref"":7359.684460774959,""ema_slow"":7366.828480774463,""hma_order"":""SELL"",""hma_spread_atr"":1.776507157514171}},{""atr"":36.19567872391703,""bar"":{""body_fraction"":0.7241379310344828,""close"":7325.5,""close_position"":0.27586206896551724,""direction"":""DOWN"",""high"":7346.5,""low"":7317.5,""lower_wick_fraction"":0.27586206896551724,""move_atr"":-0.580179754610426,""move_points"":-21.0,""open"":7346.5,""snapshot_time"":""2026-08-03T10:24:00+05:30"",""upper_wick_fraction"":0.0,""volume"":3728.0},""close"":7325.5,""trend"":{""ema_ref"":7359.3443168866515,""ema_slow"":7366.010095016552,""hma_order"":""SELL"",""hma_spread_atr"":1.774790721417432}},{""atr"":34.64598738649438,""bar"":{""body_fraction"":0.2413793103448276,""close"":7329.0,""close_position"":0.8620689655172413,""direction"":""UP"",""high"":7331.0,""low"":7316.5,""lower_wick_fraction"":0.6206896551724138,""move_atr"":0.10102179975290188,""move_points"":3.5,""open"":7325.5,""snapshot_time"":""2026-08-03T10:27:00+05:30"",""upper_wick_fraction"":0.13793103448275862,""volume"":3644.0},""close"":7329.0,""trend"":{""ema_ref"":7359.042383385293,""ema_slow"":7365.277221847908,""hma_order"":""BUY"",""hma_spread_atr"":1.8224054731072592}},{""atr"":32.95698828745907,""bar"":{""body_fraction"":0.5,""close"":7326.0,""close_position"":0.13636363636363635,""direction"":""DOWN"",""high"":7335.5,""low"":7324.5,""lower_wick_fraction"":0.13636363636363635,""move_atr"":-0.16688418104311076,""move_points"":-5.5,""open"":7331.5,""snapshot_time"":""2026-08-03T10:30:00+05:30"",""upper_wick_fraction"":0.3636363636363637,""volume"":4314.0},""close"":7326.0,""trend"":{""ema_ref"":7358.71360345111,""ema_slow"":7364.499455078641,""hma_order"":""BUY"",""hma_spread_atr"":1.8810305042157016}},{""atr"":31.42434626692628,""bar"":{""body_fraction"":0.4782608695652174,""close"":7320.5,""close_position"":0.30434782608695654,""direction"":""DOWN"",""high"":7328.5,""low"":7317.0,""lower_wick_fraction"":0.30434782608695654,""move_atr"":-0.17502352963150355,""move_points"":-5.5,""open"":7326.0,""snapshot_time"":""2026-08-03T10:33:00+05:30"",""upper_wick_fraction"":0.21739130434782608,""volume"":3587.0},""close"":7320.5,""trend"":{""ema_ref"":7358.3333685909,""ema_slow"":7363.628178740451,""hma_order"":""BUY"",""hma_spread_atr"":1.93587034655245}},{""atr"":30.786892962145835,""bar"":{""body_fraction"":0.5777777777777777,""close"":7333.5,""close_position"":0.7111111111111111,""direction"":""UP"",""high"":7340.0,""low"":7317.5,""lower_wick_fraction"":0.13333333333333333,""move_atr"":0.42225761514759574,""move_points"":13.0,""open"":7320.5,""snapshot_time"":""2026-08-03T10:36:00+05:30"",""upper_wick_fraction"":0.28888888888888886,""volume"":3825.0},""close"":7333.5,""trend"":{""ema_ref"":7358.0862703959665,""ema_slow"":7363.031581141629,""hma_order"":""BUY"",""hma_spread_atr"":1.9352080877974915}},{""atr"":29.40925775056399,""bar"":{""body_fraction"":0.043478260869565216,""close"":7333.0,""close_position"":0.08695652173913043,""direction"":""DOWN"",""high"":7343.5,""low"":7332.0,""lower_wick_fraction"":0.08695652173913043,""move_atr"":-0.017001449143693923,""move_points"":-0.5,""open"":7333.5,""snapshot_time"":""2026-08-03T10:39:00+05:30"",""upper_wick_fraction"":0.8695652173913043,""volume"":2943.0},""close"":7333.0,""trend"":{""ema_ref"":7357.836655765161,""ema_slow"":7362.436896366547,""hma_order"":""BUY"",""hma_spread_atr"":1.9805629224645405}},{""atr"":28.80859648266657,""bar"":{""body_fraction"":0.1904761904761905,""close"":7337.0,""close_position"":0.1904761904761905,""direction"":""UP"",""high"":7354.0,""low"":7333.0,""lower_wick_fraction"":0.0,""move_atr"":0.1388474444566122,""move_points"":4.0,""open"":7333.0,""snapshot_time"":""2026-08-03T10:42:00+05:30"",""upper_wick_fraction"":0.8095238095238095,""volume"":6461.0},""close"":7337.0,""trend"":{""ema_ref"":7357.6293258570495,""ema_slow"":7361.933195448398,""hma_order"":""BUY"",""hma_spread_atr"":1.9728897990854912}},{""atr"":28.78655387676181,""bar"":{""body_fraction"":0.7543859649122807,""close"":7358.5,""close_position"":0.8771929824561403,""direction"":""UP"",""high"":7362.0,""low"":7333.5,""lower_wick_fraction"":0.12280701754385964,""move_atr"":0.7468764789298401,""move_points"":21.5,""open"":7337.0,""snapshot_time"":""2026-08-03T10:45:00+05:30"",""upper_wick_fraction"":0.12280701754385964,""volume"":9612.0},""close"":7358.5,""trend"":{""ema_ref"":7357.637989281357,""ema_slow"":7361.865211380113,""hma_order"":""BUY"",""hma_spread_atr"":1.9189516082822489}}],""last_observation_hash"":""3483e8cacd46cd7a183905167f2a7f65a6db4e427d105290687d9a1c91240219"",""last_snapshot_time"":""2026-08-03T10:45:00+05:30"",""observation"":{""compression_box_high"":null,""compression_box_low"":null,""compression_candidate_bars"":0,""current_state"":""TREND_FAILURE"",""established_side"":""DOWN"",""exhaustion_active"":false,""exhaustion_age_bars"":0,""exhaustion_clear_bars"":0,""exhaustion_last_seen_at"":null,""exhaustion_side"":""UNKNOWN"",""exhaustion_started_at"":null,""failure_breach_bars"":4,""last_close"":7358.5,""last_reason_codes"":[""TREND_FAILURE_OBSERVATION_REMAINS_UNRESOLVED"",""OBSERVATION_PROPOSAL_MATCHED_CURRENT"",""OBSERVATION_STATE_TREND_FAILURE""],""last_snapshot_time"":""2026-08-03T10:45:00+05:30"",""leg_age_bars"":12,""leg_anchor_price"":7323.0,""leg_anchor_time"":""2026-08-03T10:12:00+05:30"",""leg_extreme_price"":7300.5,""leg_maturity_consumed"":false,""leg_maturity_extreme_price"":null,""leg_maturity_onset_time"":null,""leg_no_progress_bars"":8,""observation_count"":31,""pending_bars"":0,""pending_state"":null,""protection_level"":7323.0,""protection_source"":""INITIAL_DIRECTIONAL_ANCHOR"",""protection_time"":""2026-08-03T10:12:00+05:30"",""pullback_age_bars"":0,""pullback_candidate_bars"":0,""pullback_extreme_price"":null,""reacceleration_age_bars"":0,""recompression_age_bars"":0,""reversal_confirmation_bars"":1,""reversal_side"":""UNKNOWN"",""state_age_bars"":3,""trading_day"":""2026-08-03"",""trend_anchor_price"":7323.0,""trend_candidate_bars"":1,""trend_candidate_side"":""UP"",""trend_extreme_price"":7300.5,""trend_failure_age_bars"":3,""trend_onset_time"":""2026-08-03T10:12:00+05:30""},""symbol"":""ABB"",""trading_day"":""2026-08-03""}"
restoration-v3-current-day,development,restoration-trend-control-v3,backtest-default,OK,,,,ABB,2026-08-03,2026-08-03T10:48:00+05:30,2026-08-03T10:45:00+05:30,SNAPSHOT_AUCTION_AUTHORITY_V3A,3m,True,True,7386.5,2026-08-03T10:48:00,7358.0,7395.5,7355.0,7386.5,25435.0,29.623228599850258,BALANCE_QUALIFIED,BUY,dynamic_balance_waiting_for_stable_historical_cutoff,RANGE_ACCEPTED,DYNAMIC:2026-08-03T09:45:00+05:30:2026-08-03T10:03:00+05:30,7311.0,7370.0,15,ok,UP_ACCELERATING,0.8354929955246374,0.4472841289172302,OK,INCREMENTAL_PREVIOUS_SNAPSHOT,AUTOTRADES_AUCTION_ENGINE,1.1.0,,,REVERSAL,UP,UP,False,False,False,UNKNOWN,False,False,True,7355.0,INITIAL_DIRECTIONAL_ANCHOR,2026-08-03T10:48:00+05:30,DYNAMIC:2026-08-03T09:45:00+05:30:2026-08-03T10:03:00+05:30,7311.0,7370.0,False,1.2796610169491525,0.7615894039735099,PRICE_ACTION,0.7574043805165086,OPPOSITE_FOLLOWTHROUGH_CONFIRMED_AFTER_TREND_FAILURE|OBSERVATION_TRANSITION_CONFIRMED|OBSERVATION_STATE_REVERSAL|OBJECTIVE_STRUCTURAL_FAILURE_OBSERVED|OBJECTIVE_ACCEPTED_RANGE_GEOMETRY_PRESENT|OBJECTIVE_TREND_PROTECTION_GEOMETRY_PRESENT,DIR:ABB:2026-08-03:001:DOWN:101500,DIRECTIONAL,DIRECTIONAL,DOWN,OBSERVATION_CONFIRMATION,,,2026-08-03T10:15:00+05:30,2026-08-03T10:15:00+05:30,12,7331.0,7300.5,2026-08-03T10:21:00+05:30,7323.0,INITIAL_DIRECTIONAL_ANCHOR,,,,0,0.0,0,False,DIRECTIONAL_EPISODE_RETAINED,1,UNKNOWN,0,0,0,1,0,REVERSAL,2026-08-03T10:48:00+05:30,DIRECTIONAL_EPISODE_RETAINED,BAL:ABB:2026-08-03:001:NEUTRAL:100600,LOCKED,ESCAPE_WATCH,1,DYNAMIC:2026-08-03T09:45:00+05:30:2026-08-03T10:03:00+05:30,7300.5,7370.0,7300.5,7370.0,UP,1,0,1,0,False,False,BALANCE_ESCAPE_WATCH_STARTED|BALANCE_ESCAPE_ATTEMPT_RECORDED,1,BAL:ABB:2026-08-03:001:NEUTRAL:100600:BALANCE_ESCAPE_STARTED:104800,BALANCE_ESCAPE_STARTED,UP,BAL:ABB:2026-08-03:001:NEUTRAL:100600,"BALANCE_ESCAPE_STARTED:MEANINGFUL_CLOSE_OUTSIDE_FROZEN_BALANCE,BALANCE_ESCAPE_ATTEMPT_RECORDED",6,ACCEPTED_BREAKOUT|BREAKOUT_INITIATION|CONTINUATION|FAILED_BREAKOUT|REACCELERATION|REVERSAL,WAIT|PERMIT|BLOCK|WAIT|BLOCK|BLOCK,|BAL:ABB:2026-08-03:001:NEUTRAL:100600:BALANCE_ESCAPE_STARTED:104800||||,ACCEPTED_BREAKOUT:BALANCE_ESCAPE_WATCH_ACCEPTED_BREAKOUT_WAIT|BREAKOUT_INITIATION:EVENT_BALANCE_ESCAPE_STARTED_PERMIT|CONTINUATION:BALANCE_ESCAPE_WATCH_CONTINUATION_BLOCK|FAILED_BREAKOUT:BALANCE_ESCAPE_WATCH_FAILED_BREAKOUT_WAIT|REACCELERATION:BALANCE_ESCAPE_WATCH_REACCELERATION_BLOCK|REVERSAL:BALANCE_ESCAPE_WATCH_REVERSAL_BLOCK,CONFLICT,CONFLICT,CONFLICT,MATCH,True,5,False,False,False,True,EPISODE_TREND_CONFLICT|EPISODE_RAW_STRUCTURE_CONFLICT|EPISODE_SLOPE_CONFLICT|FRESH_OPPOSITE_EVIDENCE|PERSISTENT_OPPOSITE_EVIDENCE,PERSISTENT_CONFLICT,"[""event_id='BAL:ABB:2026-08-03:001:NEUTRAL:100600:BALANCE_ESCAPE_STARTED:104800' event_type=<AuctionEventType.BALANCE_ESCAPE_STARTED: 'BALANCE_ESCAPE_STARTED'> episode_id='BAL:ABB:2026-08-03:001:NEUTRAL:100600' symbol='ABB' trading_day=datetime.date(2026, 8, 3) event_time=datetime.datetime(2026, 8, 3, 10, 48, tzinfo=TzInfo(19800)) direction=<DirectionalBias.UP: 'UP'> reason_codes=('MEANINGFUL_CLOSE_OUTSIDE_FROZEN_BALANCE', 'BALANCE_ESCAPE_ATTEMPT_RECORDED') data={'range_id': 'DYNAMIC:2026-08-03T09:45:00+05:30:2026-08-03T10:03:00+05:30', 'frozen_low': 7300.5, 'frozen_high': 7370.0, 'candidate_low': 7300.5, 'candidate_high': 7370.0, 'rearm_required': False, 'containment_bars': 12, 'source_range_ids': ['DYNAMIC:2026-08-03T09:45:00+05:30:2026-08-03T10:03:00+05:30'], 'containment_ratio': 0.8571428571428571, 'rearm_bars_elapsed': 0, 'failed_escape_count': 0, 'escape_attempt_count': 1, 'attempt_limit_reached': False, 'candidate_merge_count': 0, 'forming_bars_observed': 14, 'last_escape_direction': 'UP', 'last_escape_failed_at': None, 'last_escape_started_at': '2026-08-03T10:48:00+05:30', 'meaningful_escape_bars': 0, 'candidate_last_valid_at': '2026-08-03T10:27:00+05:30', 'marginal_excursion_bars': 2, 'up_escape_attempt_count': 1, 'rearm_inside_close_count': 0, 'down_escape_attempt_count': 0, 'candidate_bar_expansion_count': 1}""]","[""setup_family=<SetupFamily.ACCEPTED_BREAKOUT: 'ACCEPTED_BREAKOUT'> result=<StructuralPermissionResult.WAIT: 'WAIT'> source_event_ids=() source_event_types=() balance_state=<BalanceEpisodeState.ESCAPE_WATCH: 'ESCAPE_WATCH'> reason_codes=('BALANCE_ESCAPE_WATCH_ACCEPTED_BREAKOUT_WAIT',)"",""setup_family=<SetupFamily.BREAKOUT_INITIATION: 'BREAKOUT_INITIATION'> result=<StructuralPermissionResult.PERMIT: 'PERMIT'> source_event_ids=('BAL:ABB:2026-08-03:001:NEUTRAL:100600:BALANCE_ESCAPE_STARTED:104800',) source_event_types=(<AuctionEventType.BALANCE_ESCAPE_STARTED: 'BALANCE_ESCAPE_STARTED'>,) balance_state=<BalanceEpisodeState.ESCAPE_WATCH: 'ESCAPE_WATCH'> reason_codes=('EVENT_BALANCE_ESCAPE_STARTED_PERMIT',)"",""setup_family=<SetupFamily.CONTINUATION: 'CONTINUATION'> result=<StructuralPermissionResult.BLOCK: 'BLOCK'> source_event_ids=() source_event_types=() balance_state=<BalanceEpisodeState.ESCAPE_WATCH: 'ESCAPE_WATCH'> reason_codes=('BALANCE_ESCAPE_WATCH_CONTINUATION_BLOCK',)"",""setup_family=<SetupFamily.FAILED_BREAKOUT: 'FAILED_BREAKOUT'> result=<StructuralPermissionResult.WAIT: 'WAIT'> source_event_ids=() source_event_types=() balance_state=<BalanceEpisodeState.ESCAPE_WATCH: 'ESCAPE_WATCH'> reason_codes=('BALANCE_ESCAPE_WATCH_FAILED_BREAKOUT_WAIT',)"",""setup_family=<SetupFamily.REACCELERATION: 'REACCELERATION'> result=<StructuralPermissionResult.BLOCK: 'BLOCK'> source_event_ids=() source_event_types=() balance_state=<BalanceEpisodeState.ESCAPE_WATCH: 'ESCAPE_WATCH'> reason_codes=('BALANCE_ESCAPE_WATCH_REACCELERATION_BLOCK',)"",""setup_family=<SetupFamily.REVERSAL: 'REVERSAL'> result=<StructuralPermissionResult.BLOCK: 'BLOCK'> source_event_ids=() source_event_types=() balance_state=<BalanceEpisodeState.ESCAPE_WATCH: 'ESCAPE_WATCH'> reason_codes=('BALANCE_ESCAPE_WATCH_REVERSAL_BLOCK',)""]","{""accepted_range_breakout_eligible"":true,""accepted_range_established_at"":""2026-08-03T10:03:00+05:30"",""accepted_range_high"":7370.0,""accepted_range_id"":""DYNAMIC:2026-08-03T09:45:00+05:30:2026-08-03T10:03:00+05:30"",""accepted_range_inside"":false,""accepted_range_low"":7311.0,""accepted_range_outside_atr"":0.5569953303497583,""accepted_range_position"":1.2796610169491525,""accepted_range_provisional"":false,""atr"":29.623228599850258,""close"":7386.5,""current_leg_mature"":false,""directional_bias"":""UP"",""directional_efficiency"":0.7615894039735099,""directional_efficiency_source"":""PRICE_ACTION"",""exhausted_side"":""UNKNOWN"",""exhaustion_active"":false,""extension_mature"":false,""failed_extreme_observed"":false,""high"":7395.5,""low"":7355.0,""observation_state"":""REVERSAL"",""overlap_ratio"":0.7574043805165086,""range_width_atr"":1.9916802721597415,""rejection_observed"":false,""snapshot_time"":""2026-08-03T10:48:00+05:30"",""source_reason_codes"":[""OPPOSITE_FOLLOWTHROUGH_CONFIRMED_AFTER_TREND_FAILURE"",""OBSERVATION_TRANSITION_CONFIRMED"",""OBSERVATION_STATE_REVERSAL"",""OBJECTIVE_STRUCTURAL_FAILURE_OBSERVED"",""OBJECTIVE_ACCEPTED_RANGE_GEOMETRY_PRESENT"",""OBJECTIVE_TREND_PROTECTION_GEOMETRY_PRESENT""],""structural_failure_confirmed"":true,""symbol"":""ABB"",""trading_day"":""2026-08-03"",""trend_direction"":""UP"",""trend_protection_level"":7355.0,""trend_protection_source"":""INITIAL_DIRECTIONAL_ANCHOR"",""trend_protection_time"":""2026-08-03T10:48:00+05:30""}","{""continuation_failure_seen"":false,""continuation_failure_time"":null,""current_state"":""DIRECTIONAL"",""direction"":""DOWN"",""episode_id"":""DIR:ABB:2026-08-03:001:DOWN:101500"",""extreme_price"":7300.5,""extreme_time"":""2026-08-03T10:21:00+05:30"",""first_adverse_bar_close"":null,""first_adverse_bar_level"":null,""first_adverse_bar_time"":null,""origin_event_id"":null,""origin_price"":7331.0,""origin_source"":""OBSERVATION_CONFIRMATION"",""parent_episode_id"":null,""previous_state"":""DIRECTIONAL"",""protection_level"":7323.0,""protection_source"":""INITIAL_DIRECTIONAL_ANCHOR"",""reason_codes"":[""DIRECTIONAL_EPISODE_RETAINED""],""rejection_seen"":false,""reversal_confirmation_breach_closes"":0,""reversal_confirmation_level"":null,""reversal_confirmation_level_time"":null,""reversal_confirmation_source"":"""",""reversal_leg_failure_closes"":0,""reversal_leg_progress_atr"":0.0,""reversal_leg_progress_bars"":0,""started_at"":""2026-08-03T10:15:00+05:30"",""state_age_bars"":12,""state_started_at"":""2026-08-03T10:15:00+05:30""}","{""attempt_limit_reached"":false,""candidate_bar_expansion_count"":1,""candidate_high"":7370.0,""candidate_last_valid_at"":""2026-08-03T10:27:00+05:30"",""candidate_low"":7300.5,""candidate_merge_count"":0,""containment_bars"":12,""containment_ratio"":0.8571428571428571,""current_state"":""ESCAPE_WATCH"",""down_escape_attempt_count"":0,""episode_id"":""BAL:ABB:2026-08-03:001:NEUTRAL:100600"",""escape_attempt_count"":1,""escape_direction"":""UP"",""failed_escape_count"":0,""forming_bars_observed"":14,""forming_invalid_bars"":0,""frozen_high"":7370.0,""frozen_low"":7300.5,""last_escape_direction"":""UP"",""last_escape_failed_at"":null,""last_escape_started_at"":""2026-08-03T10:48:00+05:30"",""marginal_excursion_bars"":2,""meaningful_escape_bars"":0,""outside_close_count"":1,""previous_state"":""LOCKED"",""range_id"":""DYNAMIC:2026-08-03T09:45:00+05:30:2026-08-03T10:03:00+05:30"",""rearm_bars_elapsed"":0,""rearm_inside_close_count"":0,""rearm_required"":false,""reason_codes"":[""BALANCE_ESCAPE_WATCH_STARTED"",""BALANCE_ESCAPE_ATTEMPT_RECORDED""],""reentry_close_count"":0,""source_range_ids"":[""DYNAMIC:2026-08-03T09:45:00+05:30:2026-08-03T10:03:00+05:30""],""started_at"":""2026-08-03T10:06:00+05:30"",""state_age_bars"":1,""state_started_at"":""2026-08-03T10:48:00+05:30"",""up_escape_attempt_count"":1}","{""balance_attempt_limit_reached"":false,""balance_candidate_bar_expansion_count"":1,""balance_candidate_merge_count"":0,""balance_containment_ratio"":0.8571428571428571,""balance_down_escape_attempt_count"":0,""balance_escape_attempt_count"":1,""balance_failed_escape_count"":0,""balance_forming_bars_observed"":14,""balance_forming_invalid_bars"":0,""balance_last_escape_direction"":""UP"",""balance_last_escape_failed_at"":null,""balance_last_escape_started_at"":""2026-08-03T10:48:00+05:30"",""balance_marginal_excursion_bars"":2,""balance_meaningful_escape_bars"":0,""balance_rearm_bars_elapsed"":0,""balance_rearm_inside_close_count"":0,""balance_rearm_required"":false,""balance_up_escape_attempt_count"":1,""directional_origin_event_id"":null,""directional_origin_source"":""OBSERVATION_CONFIRMATION"",""directional_parent_episode_id"":null,""directional_reversal_watch_age_bars"":0,""directional_start_candidate_bars"":0,""directional_start_candidate_side"":""UNKNOWN"",""observation_accepted_range_id"":""DYNAMIC:2026-08-03T09:45:00+05:30:2026-08-03T10:03:00+05:30"",""observation_current_leg_mature"":false,""observation_directional_bias"":""UP"",""observation_exhaustion_active"":false,""observation_state"":""REVERSAL""}","{""balance"":{""attempt_limit_reached"":false,""candidate_bar_expansion_count"":1,""candidate_high"":7370.0,""candidate_last_valid_at"":""2026-08-03T10:27:00+05:30"",""candidate_low"":7300.5,""candidate_merge_count"":0,""containment_bars"":12,""down_escape_attempt_count"":0,""emitted_event_ids"":[""BAL:ABB:2026-08-03:001:NEUTRAL:100600:BALANCE_ESCAPE_STARTED:104800"",""BAL:ABB:2026-08-03:001:NEUTRAL:100600:BALANCE_FORMING_STARTED:100600"",""BAL:ABB:2026-08-03:001:NEUTRAL:100600:BALANCE_LOCKED:102700"",""BAL:ABB:2026-08-03:001:NEUTRAL:100600:BALANCE_PROBABLE:101800""],""episode_id"":""BAL:ABB:2026-08-03:001:NEUTRAL:100600"",""escape_attempt_count"":1,""escape_direction"":""UP"",""failed_escape_count"":0,""forming_bars_observed"":14,""forming_invalid_bars"":0,""frozen_high"":7370.0,""frozen_low"":7300.5,""last_escape_direction"":""UP"",""last_escape_failed_at"":null,""last_escape_started_at"":""2026-08-03T10:48:00+05:30"",""last_reason_codes"":[""BALANCE_ESCAPE_WATCH_STARTED"",""BALANCE_ESCAPE_ATTEMPT_RECORDED""],""marginal_excursion_bars"":2,""meaningful_escape_bars"":0,""outside_close_count"":1,""range_id"":""DYNAMIC:2026-08-03T09:45:00+05:30:2026-08-03T10:03:00+05:30"",""rearm_bars_elapsed"":0,""rearm_inside_close_count"":0,""rearm_required"":false,""reentry_close_count"":0,""sequence"":1,""source_range_ids"":[""DYNAMIC:2026-08-03T09:45:00+05:30:2026-08-03T10:03:00+05:30""],""started_at"":""2026-08-03T10:06:00+05:30"",""state"":""ESCAPE_WATCH"",""state_age_bars"":1,""state_started_at"":""2026-08-03T10:48:00+05:30"",""up_escape_attempt_count"":1},""directional"":{""continuation_failure_progress_bars"":0,""continuation_failure_seen"":false,""continuation_failure_seen_at"":null,""direction"":""DOWN"",""emitted_event_ids"":[""DIR:ABB:2026-08-03:001:DOWN:101500:DIRECTIONAL_STARTED:101500""],""episode_id"":""DIR:ABB:2026-08-03:001:DOWN:101500"",""extreme_price"":7300.5,""extreme_time"":""2026-08-03T10:21:00+05:30"",""first_adverse_bar_close"":null,""first_adverse_bar_level"":null,""first_adverse_bar_time"":null,""inactive_bars"":0,""last_close"":7386.5,""last_observation_state"":""REVERSAL"",""last_observation_state_time"":""2026-08-03T10:48:00+05:30"",""last_reason_codes"":[""DIRECTIONAL_EPISODE_RETAINED""],""opposite_control_bars"":1,""origin_event_id"":null,""origin_price"":7331.0,""origin_source"":""OBSERVATION_CONFIRMATION"",""parent_episode_id"":null,""protection_level"":7323.0,""protection_source"":""INITIAL_DIRECTIONAL_ANCHOR"",""protection_time"":""2026-08-03T10:12:00+05:30"",""rejection_seen"":false,""rejection_seen_at"":null,""reversal_confirmation_breach_closes"":0,""reversal_confirmation_level"":null,""reversal_confirmation_level_time"":null,""reversal_confirmation_source"":"""",""reversal_leg_failure_closes"":0,""reversal_leg_progress_atr"":0.0,""reversal_leg_progress_bars"":0,""reversal_watch_age_bars"":0,""sequence"":1,""start_candidate_bars"":0,""start_candidate_side"":""UNKNOWN"",""started_at"":""2026-08-03T10:15:00+05:30"",""state"":""DIRECTIONAL"",""state_age_bars"":12,""state_started_at"":""2026-08-03T10:15:00+05:30"",""trend_restore_bars"":0},""evidence_history"":[{""atr"":35.66178535203838,""bar"":{""body_fraction"":0.65,""close"":7331.0,""close_position"":0.8,""direction"":""UP"",""high"":7335.0,""low"":7315.0,""lower_wick_fraction"":0.15,""move_atr"":0.36453587142846,""move_points"":13.0,""open"":7318.0,""snapshot_time"":""2026-08-03T10:15:00+05:30"",""upper_wick_fraction"":0.2,""volume"":3755.0},""close"":7331.0,""trend"":{""ema_ref"":7360.207088199012,""ema_slow"":7368.17328154069,""hma_order"":""SELL"",""hma_spread_atr"":2.073920829557512}},{""atr"":35.614514969749926,""bar"":{""body_fraction"":0.2857142857142857,""close"":7321.0,""close_position"":0.17142857142857143,""direction"":""DOWN"",""high"":7350.0,""low"":7315.0,""lower_wick_fraction"":0.17142857142857143,""move_atr"":-0.28078439390494997,""move_points"":-10.0,""open"":7331.0,""snapshot_time"":""2026-08-03T10:18:00+05:30"",""upper_wick_fraction"":0.5428571428571428,""volume"":15959.0},""close"":7321.0,""trend"":{""ema_ref"":7359.816967918426,""ema_slow"":7367.2391571537455,""hma_order"":""SELL"",""hma_spread_atr"":2.0183492807649235}},{""atr"":36.749192471910646,""bar"":{""body_fraction"":0.4368932038834951,""close"":7346.5,""close_position"":0.8932038834951457,""direction"":""UP"",""high"":7352.0,""low"":7300.5,""lower_wick_fraction"":0.4563106796116505,""move_atr"":0.6122583514507955,""move_points"":22.5,""open"":7324.0,""snapshot_time"":""2026-08-03T10:21:00+05:30"",""upper_wick_fraction"":0.10679611650485436,""volume"":19033.0},""close"":7346.5,""trend"":{""ema_ref"":7359.684460774959,""ema_slow"":7366.828480774463,""hma_order"":""SELL"",""hma_spread_atr"":1.776507157514171}},{""atr"":36.19567872391703,""bar"":{""body_fraction"":0.7241379310344828,""close"":7325.5,""close_position"":0.27586206896551724,""direction"":""DOWN"",""high"":7346.5,""low"":7317.5,""lower_wick_fraction"":0.27586206896551724,""move_atr"":-0.580179754610426,""move_points"":-21.0,""open"":7346.5,""snapshot_time"":""2026-08-03T10:24:00+05:30"",""upper_wick_fraction"":0.0,""volume"":3728.0},""close"":7325.5,""trend"":{""ema_ref"":7359.3443168866515,""ema_slow"":7366.010095016552,""hma_order"":""SELL"",""hma_spread_atr"":1.774790721417432}},{""atr"":34.64598738649438,""bar"":{""body_fraction"":0.2413793103448276,""close"":7329.0,""close_position"":0.8620689655172413,""direction"":""UP"",""high"":7331.0,""low"":7316.5,""lower_wick_fraction"":0.6206896551724138,""move_atr"":0.10102179975290188,""move_points"":3.5,""open"":7325.5,""snapshot_time"":""2026-08-03T10:27:00+05:30"",""upper_wick_fraction"":0.13793103448275862,""volume"":3644.0},""close"":7329.0,""trend"":{""ema_ref"":7359.042383385293,""ema_slow"":7365.277221847908,""hma_order"":""BUY"",""hma_spread_atr"":1.8224054731072592}},{""atr"":32.95698828745907,""bar"":{""body_fraction"":0.5,""close"":7326.0,""close_position"":0.13636363636363635,""direction"":""DOWN"",""high"":7335.5,""low"":7324.5,""lower_wick_fraction"":0.13636363636363635,""move_atr"":-0.16688418104311076,""move_points"":-5.5,""open"":7331.5,""snapshot_time"":""2026-08-03T10:30:00+05:30"",""upper_wick_fraction"":0.3636363636363637,""volume"":4314.0},""close"":7326.0,""trend"":{""ema_ref"":7358.71360345111,""ema_slow"":7364.499455078641,""hma_order"":""BUY"",""hma_spread_atr"":1.8810305042157016}},{""atr"":31.42434626692628,""bar"":{""body_fraction"":0.4782608695652174,""close"":7320.5,""close_position"":0.30434782608695654,""direction"":""DOWN"",""high"":7328.5,""low"":7317.0,""lower_wick_fraction"":0.30434782608695654,""move_atr"":-0.17502352963150355,""move_points"":-5.5,""open"":7326.0,""snapshot_time"":""2026-08-03T10:33:00+05:30"",""upper_wick_fraction"":0.21739130434782608,""volume"":3587.0},""close"":7320.5,""trend"":{""ema_ref"":7358.3333685909,""ema_slow"":7363.628178740451,""hma_order"":""BUY"",""hma_spread_atr"":1.93587034655245}},{""atr"":30.786892962145835,""bar"":{""body_fraction"":0.5777777777777777,""close"":7333.5,""close_position"":0.7111111111111111,""direction"":""UP"",""high"":7340.0,""low"":7317.5,""lower_wick_fraction"":0.13333333333333333,""move_atr"":0.42225761514759574,""move_points"":13.0,""open"":7320.5,""snapshot_time"":""2026-08-03T10:36:00+05:30"",""upper_wick_fraction"":0.28888888888888886,""volume"":3825.0},""close"":7333.5,""trend"":{""ema_ref"":7358.0862703959665,""ema_slow"":7363.031581141629,""hma_order"":""BUY"",""hma_spread_atr"":1.9352080877974915}},{""atr"":29.40925775056399,""bar"":{""body_fraction"":0.043478260869565216,""close"":7333.0,""close_position"":0.08695652173913043,""direction"":""DOWN"",""high"":7343.5,""low"":7332.0,""lower_wick_fraction"":0.08695652173913043,""move_atr"":-0.017001449143693923,""move_points"":-0.5,""open"":7333.5,""snapshot_time"":""2026-08-03T10:39:00+05:30"",""upper_wick_fraction"":0.8695652173913043,""volume"":2943.0},""close"":7333.0,""trend"":{""ema_ref"":7357.836655765161,""ema_slow"":7362.436896366547,""hma_order"":""BUY"",""hma_spread_atr"":1.9805629224645405}},{""atr"":28.80859648266657,""bar"":{""body_fraction"":0.1904761904761905,""close"":7337.0,""close_position"":0.1904761904761905,""direction"":""UP"",""high"":7354.0,""low"":7333.0,""lower_wick_fraction"":0.0,""move_atr"":0.1388474444566122,""move_points"":4.0,""open"":7333.0,""snapshot_time"":""2026-08-03T10:42:00+05:30"",""upper_wick_fraction"":0.8095238095238095,""volume"":6461.0},""close"":7337.0,""trend"":{""ema_ref"":7357.6293258570495,""ema_slow"":7361.933195448398,""hma_order"":""BUY"",""hma_spread_atr"":1.9728897990854912}},{""atr"":28.78655387676181,""bar"":{""body_fraction"":0.7543859649122807,""close"":7358.5,""close_position"":0.8771929824561403,""direction"":""UP"",""high"":7362.0,""low"":7333.5,""lower_wick_fraction"":0.12280701754385964,""move_atr"":0.7468764789298401,""move_points"":21.5,""open"":7337.0,""snapshot_time"":""2026-08-03T10:45:00+05:30"",""upper_wick_fraction"":0.12280701754385964,""volume"":9612.0},""close"":7358.5,""trend"":{""ema_ref"":7357.637989281357,""ema_slow"":7361.865211380113,""hma_order"":""BUY"",""hma_spread_atr"":1.9189516082822489}},{""atr"":29.623228599850258,""bar"":{""body_fraction"":0.7037037037037037,""close"":7386.5,""close_position"":0.7777777777777778,""direction"":""UP"",""high"":7395.5,""low"":7355.0,""lower_wick_fraction"":0.07407407407407407,""move_atr"":0.9620828433314008,""move_points"":28.5,""open"":7358.0,""snapshot_time"":""2026-08-03T10:48:00+05:30"",""upper_wick_fraction"":0.2222222222222222,""volume"":25435.0},""close"":7386.5,""trend"":{""ema_ref"":7357.925173467613,""ema_slow"":7362.353028976547,""hma_order"":""BUY"",""hma_spread_atr"":1.7998833824430371}}],""last_observation_hash"":""d3a45137f917983a0cfc31600b1a64804c76ba4b5a405e4751de8be62c4940dc"",""last_snapshot_time"":""2026-08-03T10:48:00+05:30"",""observation"":{""compression_box_high"":null,""compression_box_low"":null,""compression_candidate_bars"":0,""current_state"":""REVERSAL"",""established_side"":""UP"",""exhaustion_active"":false,""exhaustion_age_bars"":0,""exhaustion_clear_bars"":0,""exhaustion_last_seen_at"":null,""exhaustion_side"":""UNKNOWN"",""exhaustion_started_at"":null,""failure_breach_bars"":0,""last_close"":7386.5,""last_reason_codes"":[""OPPOSITE_FOLLOWTHROUGH_CONFIRMED_AFTER_TREND_FAILURE"",""OBSERVATION_TRANSITION_CONFIRMED"",""OBSERVATION_STATE_REVERSAL""],""last_snapshot_time"":""2026-08-03T10:48:00+05:30"",""leg_age_bars"":1,""leg_anchor_price"":7355.0,""leg_anchor_time"":""2026-08-03T10:48:00+05:30"",""leg_extreme_price"":7395.5,""leg_maturity_consumed"":false,""leg_maturity_extreme_price"":null,""leg_maturity_onset_time"":null,""leg_no_progress_bars"":0,""observation_count"":32,""pending_bars"":0,""pending_state"":null,""protection_level"":7355.0,""protection_source"":""INITIAL_DIRECTIONAL_ANCHOR"",""protection_time"":""2026-08-03T10:48:00+05:30"",""pullback_age_bars"":0,""pullback_candidate_bars"":0,""pullback_extreme_price"":null,""reacceleration_age_bars"":0,""recompression_age_bars"":0,""reversal_confirmation_bars"":0,""reversal_side"":""UP"",""state_age_bars"":1,""trading_day"":""2026-08-03"",""trend_anchor_price"":7355.0,""trend_candidate_bars"":2,""trend_candidate_side"":""UP"",""trend_extreme_price"":7395.5,""trend_failure_age_bars"":0,""trend_onset_time"":""2026-08-03T10:48:00+05:30""},""symbol"":""ABB"",""trading_day"":""2026-08-03""}"
restoration-v3-current-day,development,restoration-trend-control-v3,backtest-default,OK,,,,ABB,2026-08-03,2026-08-03T10:51:00+05:30,2026-08-03T10:48:00+05:30,SNAPSHOT_AUCTION_AUTHORITY_V3A,3m,True,True,7411.5,2026-08-03T10:51:00,7386.5,7419.0,7386.5,7411.5,17277.0,29.828712271289525,EXPANDING_RANGE,BUY,candidate_boundaries_or_midpoint_still_drifting,RANGE_ACCEPTED,DYNAMIC:2026-08-03T09:45:00+05:30:2026-08-03T10:03:00+05:30,7311.0,7370.0,16,ok,UP_ACCELERATING,0.8884057668659922,0.6579231386696263,OK,INCREMENTAL_PREVIOUS_SNAPSHOT,AUTOTRADES_AUCTION_ENGINE,1.1.0,,,REVERSAL,UP,UP,False,False,False,UNKNOWN,False,False,False,7355.0,INITIAL_DIRECTIONAL_ANCHOR,2026-08-03T10:48:00+05:30,DYNAMIC:2026-08-03T09:45:00+05:30:2026-08-03T10:03:00+05:30,7311.0,7370.0,False,1.7033898305084745,0.8769230769230769,PRICE_ACTION,0.6214846480750371,REVERSAL_OBSERVATION_GRADUATING_TO_ORDERLY_TREND|MINIMUM_DWELL_REVERSAL_3_BARS|OBSERVATION_STATE_REVERSAL|OBJECTIVE_ACCEPTED_RANGE_GEOMETRY_PRESENT|OBJECTIVE_TREND_PROTECTION_GEOMETRY_PRESENT,DIR:ABB:2026-08-03:001:DOWN:101500,DIRECTIONAL,COMPLETED,DOWN,OBSERVATION_CONFIRMATION,,,2026-08-03T10:15:00+05:30,2026-08-03T10:51:00+05:30,1,7331.0,7300.5,2026-08-03T10:21:00+05:30,7323.0,INITIAL_DIRECTIONAL_ANCHOR,,,,0,0.0,0,False,DIRECTIONAL_CONTEXT_COMPLETED,1,UNKNOWN,0,0,0,2,0,REVERSAL,2026-08-03T10:51:00+05:30,DIRECTIONAL_CONTEXT_COMPLETED,BAL:ABB:2026-08-03:001:NEUTRAL:100600,ESCAPE_WATCH,ACCEPTED_OUTSIDE,1,DYNAMIC:2026-08-03T09:45:00+05:30:2026-08-03T10:03:00+05:30,7300.5,7370.0,7300.5,7370.0,UP,2,0,1,0,False,False,BALANCE_ESCAPE_ACCEPTANCE_PROGRESS|BALANCE_ESCAPE_ACCEPTED,2,BAL:ABB:2026-08-03:001:NEUTRAL:100600:BALANCE_ESCAPE_ACCEPTED:105100|DIR:ABB:2026-08-03:001:DOWN:101500:DIRECTIONAL_COMPLETED:105100,BALANCE_ESCAPE_ACCEPTED|DIRECTIONAL_COMPLETED,UP|DOWN,BAL:ABB:2026-08-03:001:NEUTRAL:100600|DIR:ABB:2026-08-03:001:DOWN:101500,BALANCE_ESCAPE_ACCEPTED:OUTSIDE_ACCEPTANCE_CONFIRMED|DIRECTIONAL_COMPLETED:DIRECTIONAL_CONTEXT_COMPLETED,1,ACCEPTED_BREAKOUT,PERMIT,BAL:ABB:2026-08-03:001:NEUTRAL:100600:BALANCE_ESCAPE_ACCEPTED:105100,ACCEPTED_BREAKOUT:EVENT_BALANCE_ESCAPE_ACCEPTED_PERMIT,CONFLICT,CONFLICT,CONFLICT,MATCH,True,6,False,False,True,True,EPISODE_TREND_CONFLICT|EPISODE_RAW_STRUCTURE_CONFLICT|EPISODE_SLOPE_CONFLICT|FRESH_OPPOSITE_EVIDENCE|PERSISTENT_OPPOSITE_EVIDENCE,PERSISTENT_CONFLICT,"[""event_id='BAL:ABB:2026-08-03:001:NEUTRAL:100600:BALANCE_ESCAPE_ACCEPTED:105100' event_type=<AuctionEventType.BALANCE_ESCAPE_ACCEPTED: 'BALANCE_ESCAPE_ACCEPTED'> episode_id='BAL:ABB:2026-08-03:001:NEUTRAL:100600' symbol='ABB' trading_day=datetime.date(2026, 8, 3) event_time=datetime.datetime(2026, 8, 3, 10, 51, tzinfo=TzInfo(19800)) direction=<DirectionalBias.UP: 'UP'> reason_codes=('OUTSIDE_ACCEPTANCE_CONFIRMED',) data={'range_id': 'DYNAMIC:2026-08-03T09:45:00+05:30:2026-08-03T10:03:00+05:30', 'frozen_low': 7300.5, 'frozen_high': 7370.0, 'candidate_low': 7300.5, 'candidate_high': 7370.0, 'rearm_required': False, 'containment_bars': 12, 'source_range_ids': ['DYNAMIC:2026-08-03T09:45:00+05:30:2026-08-03T10:03:00+05:30'], 'containment_ratio': 0.8571428571428571, 'rearm_bars_elapsed': 0, 'failed_escape_count': 0, 'escape_attempt_count': 1, 'attempt_limit_reached': False, 'candidate_merge_count': 0, 'forming_bars_observed': 14, 'last_escape_direction': 'UP', 'last_escape_failed_at': None, 'last_escape_started_at': '2026-08-03T10:48:00+05:30', 'meaningful_escape_bars': 0, 'candidate_last_valid_at': '2026-08-03T10:27:00+05:30', 'marginal_excursion_bars': 2, 'up_escape_attempt_count': 1, 'rearm_inside_close_count': 0, 'down_escape_attempt_count': 0, 'candidate_bar_expansion_count': 1}"",""event_id='DIR:ABB:2026-08-03:001:DOWN:101500:DIRECTIONAL_COMPLETED:105100' event_type=<AuctionEventType.DIRECTIONAL_COMPLETED: 'DIRECTIONAL_COMPLETED'> episode_id='DIR:ABB:2026-08-03:001:DOWN:101500' symbol='ABB' trading_day=datetime.date(2026, 8, 3) event_time=datetime.datetime(2026, 8, 3, 10, 51, tzinfo=TzInfo(19800)) direction=<DirectionalBias.DOWN: 'DOWN'> reason_codes=('DIRECTIONAL_CONTEXT_COMPLETED',) data={'origin_price': 7331.0, 'extreme_price': 7300.5, 'origin_source': 'OBSERVATION_CONFIRMATION', 'origin_event_id': None, 'protection_level': 7323.0, 'parent_episode_id': None, 'protection_source': 'INITIAL_DIRECTIONAL_ANCHOR', 'first_adverse_bar_time': None, 'first_adverse_bar_close': None, 'first_adverse_bar_level': None, 'continuation_failure_time': None, 'reversal_leg_progress_atr': 0.0, 'reversal_leg_progress_bars': 0, 'reversal_confirmation_level': None, 'reversal_leg_failure_closes': 0, 'reversal_confirmation_source': '', 'reversal_confirmation_level_time': None}""]","[""setup_family=<SetupFamily.ACCEPTED_BREAKOUT: 'ACCEPTED_BREAKOUT'> result=<StructuralPermissionResult.PERMIT: 'PERMIT'> source_event_ids=('BAL:ABB:2026-08-03:001:NEUTRAL:100600:BALANCE_ESCAPE_ACCEPTED:105100',) source_event_types=(<AuctionEventType.BALANCE_ESCAPE_ACCEPTED: 'BALANCE_ESCAPE_ACCEPTED'>,) balance_state=<BalanceEpisodeState.ACCEPTED_OUTSIDE: 'ACCEPTED_OUTSIDE'> reason_codes=('EVENT_BALANCE_ESCAPE_ACCEPTED_PERMIT',)""]","{""accepted_range_breakout_eligible"":true,""accepted_range_established_at"":""2026-08-03T10:03:00+05:30"",""accepted_range_high"":7370.0,""accepted_range_id"":""DYNAMIC:2026-08-03T09:45:00+05:30:2026-08-03T10:03:00+05:30"",""accepted_range_inside"":false,""accepted_range_low"":7311.0,""accepted_range_outside_atr"":1.391276955658063,""accepted_range_position"":1.7033898305084745,""accepted_range_provisional"":false,""atr"":29.828712271289525,""close"":7411.5,""current_leg_mature"":false,""directional_bias"":""UP"",""directional_efficiency"":0.8769230769230769,""directional_efficiency_source"":""PRICE_ACTION"",""exhausted_side"":""UNKNOWN"",""exhaustion_active"":false,""extension_mature"":false,""failed_extreme_observed"":false,""high"":7419.0,""low"":7386.5,""observation_state"":""REVERSAL"",""overlap_ratio"":0.6214846480750371,""range_width_atr"":1.9779600092488123,""rejection_observed"":false,""snapshot_time"":""2026-08-03T10:51:00+05:30"",""source_reason_codes"":[""REVERSAL_OBSERVATION_GRADUATING_TO_ORDERLY_TREND"",""MINIMUM_DWELL_REVERSAL_3_BARS"",""OBSERVATION_STATE_REVERSAL"",""OBJECTIVE_ACCEPTED_RANGE_GEOMETRY_PRESENT"",""OBJECTIVE_TREND_PROTECTION_GEOMETRY_PRESENT""],""structural_failure_confirmed"":false,""symbol"":""ABB"",""trading_day"":""2026-08-03"",""trend_direction"":""UP"",""trend_protection_level"":7355.0,""trend_protection_source"":""INITIAL_DIRECTIONAL_ANCHOR"",""trend_protection_time"":""2026-08-03T10:48:00+05:30""}","{""continuation_failure_seen"":false,""continuation_failure_time"":null,""current_state"":""COMPLETED"",""direction"":""DOWN"",""episode_id"":""DIR:ABB:2026-08-03:001:DOWN:101500"",""extreme_price"":7300.5,""extreme_time"":""2026-08-03T10:21:00+05:30"",""first_adverse_bar_close"":null,""first_adverse_bar_level"":null,""first_adverse_bar_time"":null,""origin_event_id"":null,""origin_price"":7331.0,""origin_source"":""OBSERVATION_CONFIRMATION"",""parent_episode_id"":null,""previous_state"":""DIRECTIONAL"",""protection_level"":7323.0,""protection_source"":""INITIAL_DIRECTIONAL_ANCHOR"",""reason_codes"":[""DIRECTIONAL_CONTEXT_COMPLETED""],""rejection_seen"":false,""reversal_confirmation_breach_closes"":0,""reversal_confirmation_level"":null,""reversal_confirmation_level_time"":null,""reversal_confirmation_source"":"""",""reversal_leg_failure_closes"":0,""reversal_leg_progress_atr"":0.0,""reversal_leg_progress_bars"":0,""started_at"":""2026-08-03T10:15:00+05:30"",""state_age_bars"":1,""state_started_at"":""2026-08-03T10:51:00+05:30""}","{""attempt_limit_reached"":false,""candidate_bar_expansion_count"":1,""candidate_high"":7370.0,""candidate_last_valid_at"":""2026-08-03T10:27:00+05:30"",""candidate_low"":7300.5,""candidate_merge_count"":0,""containment_bars"":12,""containment_ratio"":0.8571428571428571,""current_state"":""ACCEPTED_OUTSIDE"",""down_escape_attempt_count"":0,""episode_id"":""BAL:ABB:2026-08-03:001:NEUTRAL:100600"",""escape_attempt_count"":1,""escape_direction"":""UP"",""failed_escape_count"":0,""forming_bars_observed"":14,""forming_invalid_bars"":0,""frozen_high"":7370.0,""frozen_low"":7300.5,""last_escape_direction"":""UP"",""last_escape_failed_at"":null,""last_escape_started_at"":""2026-08-03T10:48:00+05:30"",""marginal_excursion_bars"":2,""meaningful_escape_bars"":0,""outside_close_count"":2,""previous_state"":""ESCAPE_WATCH"",""range_id"":""DYNAMIC:2026-08-03T09:45:00+05:30:2026-08-03T10:03:00+05:30"",""rearm_bars_elapsed"":0,""rearm_inside_close_count"":0,""rearm_required"":false,""reason_codes"":[""BALANCE_ESCAPE_ACCEPTANCE_PROGRESS"",""BALANCE_ESCAPE_ACCEPTED""],""reentry_close_count"":0,""source_range_ids"":[""DYNAMIC:2026-08-03T09:45:00+05:30:2026-08-03T10:03:00+05:30""],""started_at"":""2026-08-03T10:06:00+05:30"",""state_age_bars"":1,""state_started_at"":""2026-08-03T10:51:00+05:30"",""up_escape_attempt_count"":1}","{""balance_attempt_limit_reached"":false,""balance_candidate_bar_expansion_count"":1,""balance_candidate_merge_count"":0,""balance_containment_ratio"":0.8571428571428571,""balance_down_escape_attempt_count"":0,""balance_escape_attempt_count"":1,""balance_failed_escape_count"":0,""balance_forming_bars_observed"":14,""balance_forming_invalid_bars"":0,""balance_last_escape_direction"":""UP"",""balance_last_escape_failed_at"":null,""balance_last_escape_started_at"":""2026-08-03T10:48:00+05:30"",""balance_marginal_excursion_bars"":2,""balance_meaningful_escape_bars"":0,""balance_rearm_bars_elapsed"":0,""balance_rearm_inside_close_count"":0,""balance_rearm_required"":false,""balance_up_escape_attempt_count"":1,""directional_origin_event_id"":null,""directional_origin_source"":""OBSERVATION_CONFIRMATION"",""directional_parent_episode_id"":null,""directional_reversal_watch_age_bars"":0,""directional_start_candidate_bars"":0,""directional_start_candidate_side"":""UNKNOWN"",""observation_accepted_range_id"":""DYNAMIC:2026-08-03T09:45:00+05:30:2026-08-03T10:03:00+05:30"",""observation_current_leg_mature"":false,""observation_directional_bias"":""UP"",""observation_exhaustion_active"":false,""observation_state"":""REVERSAL""}","{""balance"":{""attempt_limit_reached"":false,""candidate_bar_expansion_count"":1,""candidate_high"":7370.0,""candidate_last_valid_at"":""2026-08-03T10:27:00+05:30"",""candidate_low"":7300.5,""candidate_merge_count"":0,""containment_bars"":12,""down_escape_attempt_count"":0,""emitted_event_ids"":[""BAL:ABB:2026-08-03:001:NEUTRAL:100600:BALANCE_ESCAPE_ACCEPTED:105100"",""BAL:ABB:2026-08-03:001:NEUTRAL:100600:BALANCE_ESCAPE_STARTED:104800"",""BAL:ABB:2026-08-03:001:NEUTRAL:100600:BALANCE_FORMING_STARTED:100600"",""BAL:ABB:2026-08-03:001:NEUTRAL:100600:BALANCE_LOCKED:102700"",""BAL:ABB:2026-08-03:001:NEUTRAL:100600:BALANCE_PROBABLE:101800""],""episode_id"":""BAL:ABB:2026-08-03:001:NEUTRAL:100600"",""escape_attempt_count"":1,""escape_direction"":""UP"",""failed_escape_count"":0,""forming_bars_observed"":14,""forming_invalid_bars"":0,""frozen_high"":7370.0,""frozen_low"":7300.5,""last_escape_direction"":""UP"",""last_escape_failed_at"":null,""last_escape_started_at"":""2026-08-03T10:48:00+05:30"",""last_reason_codes"":[""BALANCE_ESCAPE_ACCEPTANCE_PROGRESS"",""BALANCE_ESCAPE_ACCEPTED""],""marginal_excursion_bars"":2,""meaningful_escape_bars"":0,""outside_close_count"":2,""range_id"":""DYNAMIC:2026-08-03T09:45:00+05:30:2026-08-03T10:03:00+05:30"",""rearm_bars_elapsed"":0,""rearm_inside_close_count"":0,""rearm_required"":false,""reentry_close_count"":0,""sequence"":1,""source_range_ids"":[""DYNAMIC:2026-08-03T09:45:00+05:30:2026-08-03T10:03:00+05:30""],""started_at"":""2026-08-03T10:06:00+05:30"",""state"":""ACCEPTED_OUTSIDE"",""state_age_bars"":1,""state_started_at"":""2026-08-03T10:51:00+05:30"",""up_escape_attempt_count"":1},""directional"":{""continuation_failure_progress_bars"":0,""continuation_failure_seen"":false,""continuation_failure_seen_at"":null,""direction"":""DOWN"",""emitted_event_ids"":[""DIR:ABB:2026-08-03:001:DOWN:101500:DIRECTIONAL_COMPLETED:105100"",""DIR:ABB:2026-08-03:001:DOWN:101500:DIRECTIONAL_STARTED:101500""],""episode_id"":""DIR:ABB:2026-08-03:001:DOWN:101500"",""extreme_price"":7300.5,""extreme_time"":""2026-08-03T10:21:00+05:30"",""first_adverse_bar_close"":null,""first_adverse_bar_level"":null,""first_adverse_bar_time"":null,""inactive_bars"":0,""last_close"":7411.5,""last_observation_state"":""REVERSAL"",""last_observation_state_time"":""2026-08-03T10:51:00+05:30"",""last_reason_codes"":[""DIRECTIONAL_CONTEXT_COMPLETED""],""opposite_control_bars"":2,""origin_event_id"":null,""origin_price"":7331.0,""origin_source"":""OBSERVATION_CONFIRMATION"",""parent_episode_id"":null,""protection_level"":7323.0,""protection_source"":""INITIAL_DIRECTIONAL_ANCHOR"",""protection_time"":""2026-08-03T10:12:00+05:30"",""rejection_seen"":false,""rejection_seen_at"":null,""reversal_confirmation_breach_closes"":0,""reversal_confirmation_level"":null,""reversal_confirmation_level_time"":null,""reversal_confirmation_source"":"""",""reversal_leg_failure_closes"":0,""reversal_leg_progress_atr"":0.0,""reversal_leg_progress_bars"":0,""reversal_watch_age_bars"":0,""sequence"":1,""start_candidate_bars"":0,""start_candidate_side"":""UNKNOWN"",""started_at"":""2026-08-03T10:15:00+05:30"",""state"":""COMPLETED"",""state_age_bars"":1,""state_started_at"":""2026-08-03T10:51:00+05:30"",""trend_restore_bars"":0},""evidence_history"":[{""atr"":35.614514969749926,""bar"":{""body_fraction"":0.2857142857142857,""close"":7321.0,""close_position"":0.17142857142857143,""direction"":""DOWN"",""high"":7350.0,""low"":7315.0,""lower_wick_fraction"":0.17142857142857143,""move_atr"":-0.28078439390494997,""move_points"":-10.0,""open"":7331.0,""snapshot_time"":""2026-08-03T10:18:00+05:30"",""upper_wick_fraction"":0.5428571428571428,""volume"":15959.0},""close"":7321.0,""trend"":{""ema_ref"":7359.816967918426,""ema_slow"":7367.2391571537455,""hma_order"":""SELL"",""hma_spread_atr"":2.0183492807649235}},{""atr"":36.749192471910646,""bar"":{""body_fraction"":0.4368932038834951,""close"":7346.5,""close_position"":0.8932038834951457,""direction"":""UP"",""high"":7352.0,""low"":7300.5,""lower_wick_fraction"":0.4563106796116505,""move_atr"":0.6122583514507955,""move_points"":22.5,""open"":7324.0,""snapshot_time"":""2026-08-03T10:21:00+05:30"",""upper_wick_fraction"":0.10679611650485436,""volume"":19033.0},""close"":7346.5,""trend"":{""ema_ref"":7359.684460774959,""ema_slow"":7366.828480774463,""hma_order"":""SELL"",""hma_spread_atr"":1.776507157514171}},{""atr"":36.19567872391703,""bar"":{""body_fraction"":0.7241379310344828,""close"":7325.5,""close_position"":0.27586206896551724,""direction"":""DOWN"",""high"":7346.5,""low"":7317.5,""lower_wick_fraction"":0.27586206896551724,""move_atr"":-0.580179754610426,""move_points"":-21.0,""open"":7346.5,""snapshot_time"":""2026-08-03T10:24:00+05:30"",""upper_wick_fraction"":0.0,""volume"":3728.0},""close"":7325.5,""trend"":{""ema_ref"":7359.3443168866515,""ema_slow"":7366.010095016552,""hma_order"":""SELL"",""hma_spread_atr"":1.774790721417432}},{""atr"":34.64598738649438,""bar"":{""body_fraction"":0.2413793103448276,""close"":7329.0,""close_position"":0.8620689655172413,""direction"":""UP"",""high"":7331.0,""low"":7316.5,""lower_wick_fraction"":0.6206896551724138,""move_atr"":0.10102179975290188,""move_points"":3.5,""open"":7325.5,""snapshot_time"":""2026-08-03T10:27:00+05:30"",""upper_wick_fraction"":0.13793103448275862,""volume"":3644.0},""close"":7329.0,""trend"":{""ema_ref"":7359.042383385293,""ema_slow"":7365.277221847908,""hma_order"":""BUY"",""hma_spread_atr"":1.8224054731072592}},{""atr"":32.95698828745907,""bar"":{""body_fraction"":0.5,""close"":7326.0,""close_position"":0.13636363636363635,""direction"":""DOWN"",""high"":7335.5,""low"":7324.5,""lower_wick_fraction"":0.13636363636363635,""move_atr"":-0.16688418104311076,""move_points"":-5.5,""open"":7331.5,""snapshot_time"":""2026-08-03T10:30:00+05:30"",""upper_wick_fraction"":0.3636363636363637,""volume"":4314.0},""close"":7326.0,""trend"":{""ema_ref"":7358.71360345111,""ema_slow"":7364.499455078641,""hma_order"":""BUY"",""hma_spread_atr"":1.8810305042157016}},{""atr"":31.42434626692628,""bar"":{""body_fraction"":0.4782608695652174,""close"":7320.5,""close_position"":0.30434782608695654,""direction"":""DOWN"",""high"":7328.5,""low"":7317.0,""lower_wick_fraction"":0.30434782608695654,""move_atr"":-0.17502352963150355,""move_points"":-5.5,""open"":7326.0,""snapshot_time"":""2026-08-03T10:33:00+05:30"",""upper_wick_fraction"":0.21739130434782608,""volume"":3587.0},""close"":7320.5,""trend"":{""ema_ref"":7358.3333685909,""ema_slow"":7363.628178740451,""hma_order"":""BUY"",""hma_spread_atr"":1.93587034655245}},{""atr"":30.786892962145835,""bar"":{""body_fraction"":0.5777777777777777,""close"":7333.5,""close_position"":0.7111111111111111,""direction"":""UP"",""high"":7340.0,""low"":7317.5,""lower_wick_fraction"":0.13333333333333333,""move_atr"":0.42225761514759574,""move_points"":13.0,""open"":7320.5,""snapshot_time"":""2026-08-03T10:36:00+05:30"",""upper_wick_fraction"":0.28888888888888886,""volume"":3825.0},""close"":7333.5,""trend"":{""ema_ref"":7358.0862703959665,""ema_slow"":7363.031581141629,""hma_order"":""BUY"",""hma_spread_atr"":1.9352080877974915}},{""atr"":29.40925775056399,""bar"":{""body_fraction"":0.043478260869565216,""close"":7333.0,""close_position"":0.08695652173913043,""direction"":""DOWN"",""high"":7343.5,""low"":7332.0,""lower_wick_fraction"":0.08695652173913043,""move_atr"":-0.017001449143693923,""move_points"":-0.5,""open"":7333.5,""snapshot_time"":""2026-08-03T10:39:00+05:30"",""upper_wick_fraction"":0.8695652173913043,""volume"":2943.0},""close"":7333.0,""trend"":{""ema_ref"":7357.836655765161,""ema_slow"":7362.436896366547,""hma_order"":""BUY"",""hma_spread_atr"":1.9805629224645405}},{""atr"":28.80859648266657,""bar"":{""body_fraction"":0.1904761904761905,""close"":7337.0,""close_position"":0.1904761904761905,""direction"":""UP"",""high"":7354.0,""low"":7333.0,""lower_wick_fraction"":0.0,""move_atr"":0.1388474444566122,""move_points"":4.0,""open"":7333.0,""snapshot_time"":""2026-08-03T10:42:00+05:30"",""upper_wick_fraction"":0.8095238095238095,""volume"":6461.0},""close"":7337.0,""trend"":{""ema_ref"":7357.6293258570495,""ema_slow"":7361.933195448398,""hma_order"":""BUY"",""hma_spread_atr"":1.9728897990854912}},{""atr"":28.78655387676181,""bar"":{""body_fraction"":0.7543859649122807,""close"":7358.5,""close_position"":0.8771929824561403,""direction"":""UP"",""high"":7362.0,""low"":7333.5,""lower_wick_fraction"":0.12280701754385964,""move_atr"":0.7468764789298401,""move_points"":21.5,""open"":7337.0,""snapshot_time"":""2026-08-03T10:45:00+05:30"",""upper_wick_fraction"":0.12280701754385964,""volume"":9612.0},""close"":7358.5,""trend"":{""ema_ref"":7357.637989281357,""ema_slow"":7361.865211380113,""hma_order"":""BUY"",""hma_spread_atr"":1.9189516082822489}},{""atr"":29.623228599850258,""bar"":{""body_fraction"":0.7037037037037037,""close"":7386.5,""close_position"":0.7777777777777778,""direction"":""UP"",""high"":7395.5,""low"":7355.0,""lower_wick_fraction"":0.07407407407407407,""move_atr"":0.9620828433314008,""move_points"":28.5,""open"":7358.0,""snapshot_time"":""2026-08-03T10:48:00+05:30"",""upper_wick_fraction"":0.2222222222222222,""volume"":25435.0},""close"":7386.5,""trend"":{""ema_ref"":7357.925173467613,""ema_slow"":7362.353028976547,""hma_order"":""BUY"",""hma_spread_atr"":1.7998833824430371}},{""atr"":29.828712271289525,""bar"":{""body_fraction"":0.7692307692307693,""close"":7411.5,""close_position"":0.7692307692307693,""direction"":""UP"",""high"":7419.0,""low"":7386.5,""lower_wick_fraction"":0.0,""move_atr"":0.838118647986785,""move_points"":25.0,""open"":7386.5,""snapshot_time"":""2026-08-03T10:51:00+05:30"",""upper_wick_fraction"":0.2307692307692308,""volume"":17277.0},""close"":7411.5,""trend"":{""ema_ref"":7358.458256318681,""ema_slow"":7363.326236323545,""hma_order"":""BUY"",""hma_spread_atr"":2.0428587622200274}}],""last_observation_hash"":""18a3fd4534960b6e5c5e1eeca988a7a94a4dceecc4febcda9476418f0f25cf35"",""last_snapshot_time"":""2026-08-03T10:51:00+05:30"",""observation"":{""compression_box_high"":null,""compression_box_low"":null,""compression_candidate_bars"":0,""current_state"":""REVERSAL"",""established_side"":""UP"",""exhaustion_active"":false,""exhaustion_age_bars"":0,""exhaustion_clear_bars"":0,""exhaustion_last_seen_at"":null,""exhaustion_side"":""UNKNOWN"",""exhaustion_started_at"":null,""failure_breach_bars"":0,""last_close"":7411.5,""last_reason_codes"":[""REVERSAL_OBSERVATION_GRADUATING_TO_ORDERLY_TREND"",""MINIMUM_DWELL_REVERSAL_3_BARS"",""OBSERVATION_STATE_REVERSAL""],""last_snapshot_time"":""2026-08-03T10:51:00+05:30"",""leg_age_bars"":2,""leg_anchor_price"":7355.0,""leg_anchor_time"":""2026-08-03T10:48:00+05:30"",""leg_extreme_price"":7419.0,""leg_maturity_consumed"":false,""leg_maturity_extreme_price"":null,""leg_maturity_onset_time"":null,""leg_no_progress_bars"":0,""observation_count"":33,""pending_bars"":0,""pending_state"":null,""protection_level"":7355.0,""protection_source"":""INITIAL_DIRECTIONAL_ANCHOR"",""protection_time"":""2026-08-03T10:48:00+05:30"",""pullback_age_bars"":0,""pullback_candidate_bars"":0,""pullback_extreme_price"":null,""reacceleration_age_bars"":0,""recompression_age_bars"":0,""reversal_confirmation_bars"":0,""reversal_side"":""UP"",""state_age_bars"":2,""trading_day"":""2026-08-03"",""trend_anchor_price"":7355.0,""trend_candidate_bars"":3,""trend_candidate_side"":""UP"",""trend_extreme_price"":7419.0,""trend_failure_age_bars"":0,""trend_onset_time"":""2026-08-03T10:48:00+05:30""},""symbol"":""ABB"",""trading_day"":""2026-08-03""}"
restoration-v3-current-day,development,restoration-trend-control-v3,backtest-default,OK,,,,ABB,2026-08-03,2026-08-03T10:54:00+05:30,2026-08-03T10:51:00+05:30,SNAPSHOT_AUCTION_AUTHORITY_V3A,3m,True,True,7411.5,2026-08-03T10:54:00,7410.0,7421.0,7392.5,7411.5,10233.0,29.733804251911703,TRENDING_UP,BUY,candidate_has_directional_efficiency_or_displacement,RANGE_ACCEPTED,DYNAMIC:2026-08-03T09:45:00+05:30:2026-08-03T10:03:00+05:30,7311.0,7370.0,17,ok,UP_SLOWING,0.42039692916846744,0.6263914244610165,OK,INCREMENTAL_PREVIOUS_SNAPSHOT,AUTOTRADES_AUCTION_ENGINE,1.1.0,,,REVERSAL,UP,UP,False,True,True,UP,True,True,False,7355.0,INITIAL_DIRECTIONAL_ANCHOR,2026-08-03T10:48:00+05:30,DYNAMIC:2026-08-03T09:45:00+05:30:2026-08-03T10:03:00+05:30,7311.0,7370.0,False,1.7033898305084745,0.9891304347826086,PRICE_ACTION,0.6683191255731302,REVERSAL_OBSERVATION_GRADUATING_TO_ORDERLY_TREND|MINIMUM_DWELL_REVERSAL_3_BARS|OBSERVATION_STATE_REVERSAL|OBJECTIVE_REJECTION_OBSERVED|OBJECTIVE_FAILED_EXTREME_OBSERVED|OBJECTIVE_ACCEPTED_RANGE_GEOMETRY_PRESENT|OBJECTIVE_TREND_PROTECTION_GEOMETRY_PRESENT,,COMPLETED,NONE,UNKNOWN,NONE,,,,,0,,,,,,,,,0,0.0,0,False,NO_DIRECTIONAL_START,1,UNKNOWN,0,0,0,0,0,REVERSAL,2026-08-03T10:54:00+05:30,NO_DIRECTIONAL_START,BAL:ABB:2026-08-03:001:NEUTRAL:100600,ACCEPTED_OUTSIDE,COMPLETED,1,DYNAMIC:2026-08-03T09:45:00+05:30:2026-08-03T10:03:00+05:30,7300.5,7370.0,7300.5,7370.0,UP,2,0,1,0,False,False,ACCEPTED_BALANCE_EPISODE_COMPLETED,1,BAL:ABB:2026-08-03:001:NEUTRAL:100600:BALANCE_COMPLETED:105400,BALANCE_COMPLETED,UP,BAL:ABB:2026-08-03:001:NEUTRAL:100600,BALANCE_COMPLETED:ACCEPTED_ESCAPE_COMPLETED_BALANCE_EPISODE,0,,,,,UNASSESSABLE,UNASSESSABLE,UNASSESSABLE,MATCH,False,0,True,True,True,True,,COHERENT,"[""event_id='BAL:ABB:2026-08-03:001:NEUTRAL:100600:BALANCE_COMPLETED:105400' event_type=<AuctionEventType.BALANCE_COMPLETED: 'BALANCE_COMPLETED'> episode_id='BAL:ABB:2026-08-03:001:NEUTRAL:100600' symbol='ABB' trading_day=datetime.date(2026, 8, 3) event_time=datetime.datetime(2026, 8, 3, 10, 54, tzinfo=TzInfo(19800)) direction=<DirectionalBias.UP: 'UP'> reason_codes=('ACCEPTED_ESCAPE_COMPLETED_BALANCE_EPISODE',) data={'range_id': 'DYNAMIC:2026-08-03T09:45:00+05:30:2026-08-03T10:03:00+05:30', 'frozen_low': 7300.5, 'frozen_high': 7370.0, 'candidate_low': 7300.5, 'candidate_high': 7370.0, 'rearm_required': False, 'containment_bars': 12, 'source_range_ids': ['DYNAMIC:2026-08-03T09:45:00+05:30:2026-08-03T10:03:00+05:30'], 'containment_ratio': 0.8571428571428571, 'rearm_bars_elapsed': 0, 'failed_escape_count': 0, 'escape_attempt_count': 1, 'attempt_limit_reached': False, 'candidate_merge_count': 0, 'forming_bars_observed': 14, 'last_escape_direction': 'UP', 'last_escape_failed_at': None, 'last_escape_started_at': '2026-08-03T10:48:00+05:30', 'meaningful_escape_bars': 0, 'candidate_last_valid_at': '2026-08-03T10:27:00+05:30', 'marginal_excursion_bars': 2, 'up_escape_attempt_count': 1, 'rearm_inside_close_count': 0, 'down_escape_attempt_count': 0, 'candidate_bar_expansion_count': 1}""]",[],"{""accepted_range_breakout_eligible"":true,""accepted_range_established_at"":""2026-08-03T10:03:00+05:30"",""accepted_range_high"":7370.0,""accepted_range_id"":""DYNAMIC:2026-08-03T09:45:00+05:30:2026-08-03T10:03:00+05:30"",""accepted_range_inside"":false,""accepted_range_low"":7311.0,""accepted_range_outside_atr"":1.395717804839312,""accepted_range_position"":1.7033898305084745,""accepted_range_provisional"":false,""atr"":29.733804251911703,""close"":7411.5,""current_leg_mature"":false,""directional_bias"":""UP"",""directional_efficiency"":0.9891304347826086,""directional_efficiency_source"":""PRICE_ACTION"",""exhausted_side"":""UP"",""exhaustion_active"":true,""extension_mature"":true,""failed_extreme_observed"":true,""high"":7421.0,""low"":7392.5,""observation_state"":""REVERSAL"",""overlap_ratio"":0.6683191255731302,""range_width_atr"":1.9842735056751664,""rejection_observed"":true,""snapshot_time"":""2026-08-03T10:54:00+05:30"",""source_reason_codes"":[""REVERSAL_OBSERVATION_GRADUATING_TO_ORDERLY_TREND"",""MINIMUM_DWELL_REVERSAL_3_BARS"",""OBSERVATION_STATE_REVERSAL"",""OBJECTIVE_REJECTION_OBSERVED"",""OBJECTIVE_FAILED_EXTREME_OBSERVED"",""OBJECTIVE_ACCEPTED_RANGE_GEOMETRY_PRESENT"",""OBJECTIVE_TREND_PROTECTION_GEOMETRY_PRESENT""],""structural_failure_confirmed"":false,""symbol"":""ABB"",""trading_day"":""2026-08-03"",""trend_direction"":""UP"",""trend_protection_level"":7355.0,""trend_protection_source"":""INITIAL_DIRECTIONAL_ANCHOR"",""trend_protection_time"":""2026-08-03T10:48:00+05:30""}","{""continuation_failure_seen"":false,""continuation_failure_time"":null,""current_state"":""NONE"",""direction"":""UNKNOWN"",""episode_id"":null,""extreme_price"":null,""extreme_time"":null,""first_adverse_bar_close"":null,""first_adverse_bar_level"":null,""first_adverse_bar_time"":null,""origin_event_id"":null,""origin_price"":null,""origin_source"":""NONE"",""parent_episode_id"":null,""previous_state"":""COMPLETED"",""protection_level"":null,""protection_source"":"""",""reason_codes"":[""NO_DIRECTIONAL_START""],""rejection_seen"":false,""reversal_confirmation_breach_closes"":0,""reversal_confirmation_level"":null,""reversal_confirmation_level_time"":null,""reversal_confirmation_source"":"""",""reversal_leg_failure_closes"":0,""reversal_leg_progress_atr"":0.0,""reversal_leg_progress_bars"":0,""started_at"":null,""state_age_bars"":0,""state_started_at"":null}","{""attempt_limit_reached"":false,""candidate_bar_expansion_count"":1,""candidate_high"":7370.0,""candidate_last_valid_at"":""2026-08-03T10:27:00+05:30"",""candidate_low"":7300.5,""candidate_merge_count"":0,""containment_bars"":12,""containment_ratio"":0.8571428571428571,""current_state"":""COMPLETED"",""down_escape_attempt_count"":0,""episode_id"":""BAL:ABB:2026-08-03:001:NEUTRAL:100600"",""escape_attempt_count"":1,""escape_direction"":""UP"",""failed_escape_count"":0,""forming_bars_observed"":14,""forming_invalid_bars"":0,""frozen_high"":7370.0,""frozen_low"":7300.5,""last_escape_direction"":""UP"",""last_escape_failed_at"":null,""last_escape_started_at"":""2026-08-03T10:48:00+05:30"",""marginal_excursion_bars"":2,""meaningful_escape_bars"":0,""outside_close_count"":2,""previous_state"":""ACCEPTED_OUTSIDE"",""range_id"":""DYNAMIC:2026-08-03T09:45:00+05:30:2026-08-03T10:03:00+05:30"",""rearm_bars_elapsed"":0,""rearm_inside_close_count"":0,""rearm_required"":false,""reason_codes"":[""ACCEPTED_BALANCE_EPISODE_COMPLETED""],""reentry_close_count"":0,""source_range_ids"":[""DYNAMIC:2026-08-03T09:45:00+05:30:2026-08-03T10:03:00+05:30""],""started_at"":""2026-08-03T10:06:00+05:30"",""state_age_bars"":1,""state_started_at"":""2026-08-03T10:54:00+05:30"",""up_escape_attempt_count"":1}","{""balance_attempt_limit_reached"":false,""balance_candidate_bar_expansion_count"":1,""balance_candidate_merge_count"":0,""balance_containment_ratio"":0.8571428571428571,""balance_down_escape_attempt_count"":0,""balance_escape_attempt_count"":1,""balance_failed_escape_count"":0,""balance_forming_bars_observed"":14,""balance_forming_invalid_bars"":0,""balance_last_escape_direction"":""UP"",""balance_last_escape_failed_at"":null,""balance_last_escape_started_at"":""2026-08-03T10:48:00+05:30"",""balance_marginal_excursion_bars"":2,""balance_meaningful_escape_bars"":0,""balance_rearm_bars_elapsed"":0,""balance_rearm_inside_close_count"":0,""balance_rearm_required"":false,""balance_up_escape_attempt_count"":1,""directional_origin_event_id"":null,""directional_origin_source"":""NONE"",""directional_parent_episode_id"":null,""directional_reversal_watch_age_bars"":0,""directional_start_candidate_bars"":0,""directional_start_candidate_side"":""UNKNOWN"",""observation_accepted_range_id"":""DYNAMIC:2026-08-03T09:45:00+05:30:2026-08-03T10:03:00+05:30"",""observation_current_leg_mature"":false,""observation_directional_bias"":""UP"",""observation_exhaustion_active"":true,""observation_state"":""REVERSAL""}","{""balance"":{""attempt_limit_reached"":false,""candidate_bar_expansion_count"":1,""candidate_high"":7370.0,""candidate_last_valid_at"":""2026-08-03T10:27:00+05:30"",""candidate_low"":7300.5,""candidate_merge_count"":0,""containment_bars"":12,""down_escape_attempt_count"":0,""emitted_event_ids"":[""BAL:ABB:2026-08-03:001:NEUTRAL:100600:BALANCE_COMPLETED:105400"",""BAL:ABB:2026-08-03:001:NEUTRAL:100600:BALANCE_ESCAPE_ACCEPTED:105100"",""BAL:ABB:2026-08-03:001:NEUTRAL:100600:BALANCE_ESCAPE_STARTED:104800"",""BAL:ABB:2026-08-03:001:NEUTRAL:100600:BALANCE_FORMING_STARTED:100600"",""BAL:ABB:2026-08-03:001:NEUTRAL:100600:BALANCE_LOCKED:102700"",""BAL:ABB:2026-08-03:001:NEUTRAL:100600:BALANCE_PROBABLE:101800""],""episode_id"":""BAL:ABB:2026-08-03:001:NEUTRAL:100600"",""escape_attempt_count"":1,""escape_direction"":""UP"",""failed_escape_count"":0,""forming_bars_observed"":14,""forming_invalid_bars"":0,""frozen_high"":7370.0,""frozen_low"":7300.5,""last_escape_direction"":""UP"",""last_escape_failed_at"":null,""last_escape_started_at"":""2026-08-03T10:48:00+05:30"",""last_reason_codes"":[""ACCEPTED_BALANCE_EPISODE_COMPLETED""],""marginal_excursion_bars"":2,""meaningful_escape_bars"":0,""outside_close_count"":2,""range_id"":""DYNAMIC:2026-08-03T09:45:00+05:30:2026-08-03T10:03:00+05:30"",""rearm_bars_elapsed"":0,""rearm_inside_close_count"":0,""rearm_required"":false,""reentry_close_count"":0,""sequence"":1,""source_range_ids"":[""DYNAMIC:2026-08-03T09:45:00+05:30:2026-08-03T10:03:00+05:30""],""started_at"":""2026-08-03T10:06:00+05:30"",""state"":""COMPLETED"",""state_age_bars"":1,""state_started_at"":""2026-08-03T10:54:00+05:30"",""up_escape_attempt_count"":1},""directional"":{""continuation_failure_progress_bars"":0,""continuation_failure_seen"":false,""continuation_failure_seen_at"":null,""direction"":""UNKNOWN"",""emitted_event_ids"":[""DIR:ABB:2026-08-03:001:DOWN:101500:DIRECTIONAL_COMPLETED:105100"",""DIR:ABB:2026-08-03:001:DOWN:101500:DIRECTIONAL_STARTED:101500""],""episode_id"":null,""extreme_price"":null,""extreme_time"":null,""first_adverse_bar_close"":null,""first_adverse_bar_level"":null,""first_adverse_bar_time"":null,""inactive_bars"":0,""last_close"":7411.5,""last_observation_state"":""REVERSAL"",""last_observation_state_time"":""2026-08-03T10:54:00+05:30"",""last_reason_codes"":[""NO_DIRECTIONAL_START""],""opposite_control_bars"":0,""origin_event_id"":null,""origin_price"":null,""origin_source"":""NONE"",""parent_episode_id"":null,""protection_level"":null,""protection_source"":"""",""protection_time"":null,""rejection_seen"":false,""rejection_seen_at"":null,""reversal_confirmation_breach_closes"":0,""reversal_confirmation_level"":null,""reversal_confirmation_level_time"":null,""reversal_confirmation_source"":"""",""reversal_leg_failure_closes"":0,""reversal_leg_progress_atr"":0.0,""reversal_leg_progress_bars"":0,""reversal_watch_age_bars"":0,""sequence"":1,""start_candidate_bars"":0,""start_candidate_side"":""UNKNOWN"",""started_at"":null,""state"":""NONE"",""state_age_bars"":0,""state_started_at"":null,""trend_restore_bars"":0},""evidence_history"":[{""atr"":36.749192471910646,""bar"":{""body_fraction"":0.4368932038834951,""close"":7346.5,""close_position"":0.8932038834951457,""direction"":""UP"",""high"":7352.0,""low"":7300.5,""lower_wick_fraction"":0.4563106796116505,""move_atr"":0.6122583514507955,""move_points"":22.5,""open"":7324.0,""snapshot_time"":""2026-08-03T10:21:00+05:30"",""upper_wick_fraction"":0.10679611650485436,""volume"":19033.0},""close"":7346.5,""trend"":{""ema_ref"":7359.684460774959,""ema_slow"":7366.828480774463,""hma_order"":""SELL"",""hma_spread_atr"":1.776507157514171}},{""atr"":36.19567872391703,""bar"":{""body_fraction"":0.7241379310344828,""close"":7325.5,""close_position"":0.27586206896551724,""direction"":""DOWN"",""high"":7346.5,""low"":7317.5,""lower_wick_fraction"":0.27586206896551724,""move_atr"":-0.580179754610426,""move_points"":-21.0,""open"":7346.5,""snapshot_time"":""2026-08-03T10:24:00+05:30"",""upper_wick_fraction"":0.0,""volume"":3728.0},""close"":7325.5,""trend"":{""ema_ref"":7359.3443168866515,""ema_slow"":7366.010095016552,""hma_order"":""SELL"",""hma_spread_atr"":1.774790721417432}},{""atr"":34.64598738649438,""bar"":{""body_fraction"":0.2413793103448276,""close"":7329.0,""close_position"":0.8620689655172413,""direction"":""UP"",""high"":7331.0,""low"":7316.5,""lower_wick_fraction"":0.6206896551724138,""move_atr"":0.10102179975290188,""move_points"":3.5,""open"":7325.5,""snapshot_time"":""2026-08-03T10:27:00+05:30"",""upper_wick_fraction"":0.13793103448275862,""volume"":3644.0},""close"":7329.0,""trend"":{""ema_ref"":7359.042383385293,""ema_slow"":7365.277221847908,""hma_order"":""BUY"",""hma_spread_atr"":1.8224054731072592}},{""atr"":32.95698828745907,""bar"":{""body_fraction"":0.5,""close"":7326.0,""close_position"":0.13636363636363635,""direction"":""DOWN"",""high"":7335.5,""low"":7324.5,""lower_wick_fraction"":0.13636363636363635,""move_atr"":-0.16688418104311076,""move_points"":-5.5,""open"":7331.5,""snapshot_time"":""2026-08-03T10:30:00+05:30"",""upper_wick_fraction"":0.3636363636363637,""volume"":4314.0},""close"":7326.0,""trend"":{""ema_ref"":7358.71360345111,""ema_slow"":7364.499455078641,""hma_order"":""BUY"",""hma_spread_atr"":1.8810305042157016}},{""atr"":31.42434626692628,""bar"":{""body_fraction"":0.4782608695652174,""close"":7320.5,""close_position"":0.30434782608695654,""direction"":""DOWN"",""high"":7328.5,""low"":7317.0,""lower_wick_fraction"":0.30434782608695654,""move_atr"":-0.17502352963150355,""move_points"":-5.5,""open"":7326.0,""snapshot_time"":""2026-08-03T10:33:00+05:30"",""upper_wick_fraction"":0.21739130434782608,""volume"":3587.0},""close"":7320.5,""trend"":{""ema_ref"":7358.3333685909,""ema_slow"":7363.628178740451,""hma_order"":""BUY"",""hma_spread_atr"":1.93587034655245}},{""atr"":30.786892962145835,""bar"":{""body_fraction"":0.5777777777777777,""close"":7333.5,""close_position"":0.7111111111111111,""direction"":""UP"",""high"":7340.0,""low"":7317.5,""lower_wick_fraction"":0.13333333333333333,""move_atr"":0.42225761514759574,""move_points"":13.0,""open"":7320.5,""snapshot_time"":""2026-08-03T10:36:00+05:30"",""upper_wick_fraction"":0.28888888888888886,""volume"":3825.0},""close"":7333.5,""trend"":{""ema_ref"":7358.0862703959665,""ema_slow"":7363.031581141629,""hma_order"":""BUY"",""hma_spread_atr"":1.9352080877974915}},{""atr"":29.40925775056399,""bar"":{""body_fraction"":0.043478260869565216,""close"":7333.0,""close_position"":0.08695652173913043,""direction"":""DOWN"",""high"":7343.5,""low"":7332.0,""lower_wick_fraction"":0.08695652173913043,""move_atr"":-0.017001449143693923,""move_points"":-0.5,""open"":7333.5,""snapshot_time"":""2026-08-03T10:39:00+05:30"",""upper_wick_fraction"":0.8695652173913043,""volume"":2943.0},""close"":7333.0,""trend"":{""ema_ref"":7357.836655765161,""ema_slow"":7362.436896366547,""hma_order"":""BUY"",""hma_spread_atr"":1.9805629224645405}},{""atr"":28.80859648266657,""bar"":{""body_fraction"":0.1904761904761905,""close"":7337.0,""close_position"":0.1904761904761905,""direction"":""UP"",""high"":7354.0,""low"":7333.0,""lower_wick_fraction"":0.0,""move_atr"":0.1388474444566122,""move_points"":4.0,""open"":7333.0,""snapshot_time"":""2026-08-03T10:42:00+05:30"",""upper_wick_fraction"":0.8095238095238095,""volume"":6461.0},""close"":7337.0,""trend"":{""ema_ref"":7357.6293258570495,""ema_slow"":7361.933195448398,""hma_order"":""BUY"",""hma_spread_atr"":1.9728897990854912}},{""atr"":28.78655387676181,""bar"":{""body_fraction"":0.7543859649122807,""close"":7358.5,""close_position"":0.8771929824561403,""direction"":""UP"",""high"":7362.0,""low"":7333.5,""lower_wick_fraction"":0.12280701754385964,""move_atr"":0.7468764789298401,""move_points"":21.5,""open"":7337.0,""snapshot_time"":""2026-08-03T10:45:00+05:30"",""upper_wick_fraction"":0.12280701754385964,""volume"":9612.0},""close"":7358.5,""trend"":{""ema_ref"":7357.637989281357,""ema_slow"":7361.865211380113,""hma_order"":""BUY"",""hma_spread_atr"":1.9189516082822489}},{""atr"":29.623228599850258,""bar"":{""body_fraction"":0.7037037037037037,""close"":7386.5,""close_position"":0.7777777777777778,""direction"":""UP"",""high"":7395.5,""low"":7355.0,""lower_wick_fraction"":0.07407407407407407,""move_atr"":0.9620828433314008,""move_points"":28.5,""open"":7358.0,""snapshot_time"":""2026-08-03T10:48:00+05:30"",""upper_wick_fraction"":0.2222222222222222,""volume"":25435.0},""close"":7386.5,""trend"":{""ema_ref"":7357.925173467613,""ema_slow"":7362.353028976547,""hma_order"":""BUY"",""hma_spread_atr"":1.7998833824430371}},{""atr"":29.828712271289525,""bar"":{""body_fraction"":0.7692307692307693,""close"":7411.5,""close_position"":0.7692307692307693,""direction"":""UP"",""high"":7419.0,""low"":7386.5,""lower_wick_fraction"":0.0,""move_atr"":0.838118647986785,""move_points"":25.0,""open"":7386.5,""snapshot_time"":""2026-08-03T10:51:00+05:30"",""upper_wick_fraction"":0.2307692307692308,""volume"":17277.0},""close"":7411.5,""trend"":{""ema_ref"":7358.458256318681,""ema_slow"":7363.326236323545,""hma_order"":""BUY"",""hma_spread_atr"":2.0428587622200274}},{""atr"":29.733804251911703,""bar"":{""body_fraction"":0.05263157894736842,""close"":7411.5,""close_position"":0.6666666666666666,""direction"":""UP"",""high"":7421.0,""low"":7392.5,""lower_wick_fraction"":0.6140350877192983,""move_atr"":0.05044763150021609,""move_points"":1.5,""open"":7410.0,""snapshot_time"":""2026-08-03T10:54:00+05:30"",""upper_wick_fraction"":0.3333333333333333,""volume"":10233.0},""close"":7411.5,""trend"":{""ema_ref"":7358.986034862774,""ema_slow"":7364.28017223793,""hma_order"":""BUY"",""hma_spread_atr"":2.7146170400432696}}],""last_observation_hash"":""0e9dd39396b11d56b66a21abb61cbf8ae76c0c5a478a039689b9f3d498342cfb"",""last_snapshot_time"":""2026-08-03T10:54:00+05:30"",""observation"":{""compression_box_high"":null,""compression_box_low"":null,""compression_candidate_bars"":0,""current_state"":""REVERSAL"",""established_side"":""UP"",""exhaustion_active"":true,""exhaustion_age_bars"":1,""exhaustion_clear_bars"":0,""exhaustion_last_seen_at"":""2026-08-03T10:54:00+05:30"",""exhaustion_side"":""UP"",""exhaustion_started_at"":""2026-08-03T10:54:00+05:30"",""failure_breach_bars"":0,""last_close"":7411.5,""last_reason_codes"":[""REVERSAL_OBSERVATION_GRADUATING_TO_ORDERLY_TREND"",""MINIMUM_DWELL_REVERSAL_3_BARS"",""OBSERVATION_STATE_REVERSAL""],""last_snapshot_time"":""2026-08-03T10:54:00+05:30"",""leg_age_bars"":3,""leg_anchor_price"":7355.0,""leg_anchor_time"":""2026-08-03T10:48:00+05:30"",""leg_extreme_price"":7421.0,""leg_maturity_consumed"":false,""leg_maturity_extreme_price"":null,""leg_maturity_onset_time"":null,""leg_no_progress_bars"":0,""observation_count"":34,""pending_bars"":0,""pending_state"":null,""protection_level"":7355.0,""protection_source"":""INITIAL_DIRECTIONAL_ANCHOR"",""protection_time"":""2026-08-03T10:48:00+05:30"",""pullback_age_bars"":0,""pullback_candidate_bars"":0,""pullback_extreme_price"":null,""reacceleration_age_bars"":0,""recompression_age_bars"":0,""reversal_confirmation_bars"":0,""reversal_side"":""UP"",""state_age_bars"":3,""trading_day"":""2026-08-03"",""trend_anchor_price"":7355.0,""trend_candidate_bars"":4,""trend_candidate_side"":""UP"",""trend_extreme_price"":7421.0,""trend_failure_age_bars"":0,""trend_onset_time"":""2026-08-03T10:48:00+05:30""},""symbol"":""ABB"",""trading_day"":""2026-08-03""}"
restoration-v3-current-day,development,restoration-trend-control-v3,backtest-default,OK,,,,ABB,2026-08-03,2026-08-03T10:57:00+05:30,2026-08-03T10:54:00+05:30,SNAPSHOT_AUCTION_AUTHORITY_V3A,3m,True,True,7409.5,2026-08-03T10:57:00,7411.5,7415.0,7405.0,7409.5,3818.0,28.324246805346583,TRENDING_UP,BUY,candidate_has_directional_efficiency_or_displacement,RANGE_ACCEPTED,DYNAMIC:2026-08-03T09:45:00+05:30:2026-08-03T10:03:00+05:30,7311.0,7370.0,18,ok,TURNING_DOWN,-0.035305440136584196,0.4501443617414485,OK,INCREMENTAL_PREVIOUS_SNAPSHOT,AUTOTRADES_AUCTION_ENGINE,1.1.0,,,ORDERLY_UPTREND,UP,UP,True,True,True,UP,True,True,False,7355.0,INITIAL_DIRECTIONAL_ANCHOR,2026-08-03T10:48:00+05:30,DYNAMIC:2026-08-03T09:45:00+05:30:2026-08-03T10:03:00+05:30,7311.0,7370.0,False,1.6694915254237288,0.9382716049382716,PRICE_ACTION,0.6857104299209562,REVERSAL_OBSERVATION_GRADUATING_TO_ORDERLY_TREND|OBSERVATION_TRANSITION_CONFIRMED|OBSERVATION_STATE_ORDERLY_UPTREND|OBJECTIVE_REJECTION_OBSERVED|OBJECTIVE_FAILED_EXTREME_OBSERVED|OBJECTIVE_ACCEPTED_RANGE_GEOMETRY_PRESENT|OBJECTIVE_TREND_PROTECTION_GEOMETRY_PRESENT,,NONE,NONE,UNKNOWN,NONE,,,,,0,,,,,,,,,0,0.0,0,False,DIRECTIONAL_START_CANDIDATE_PROGRESS,1,UP,1,0,0,0,0,ORDERLY_UPTREND,2026-08-03T10:57:00+05:30,DIRECTIONAL_START_CANDIDATE_PROGRESS,,COMPLETED,NONE,0,,,,,,UNKNOWN,0,0,0,0,False,False,NO_QUALIFIED_ACCEPTED_RANGE,0,,,,,,0,,,,,UNASSESSABLE,UNASSESSABLE,UNASSESSABLE,MATCH,False,0,False,False,False,True,,COHERENT,[],[],"{""accepted_range_breakout_eligible"":true,""accepted_range_established_at"":""2026-08-03T10:03:00+05:30"",""accepted_range_high"":7370.0,""accepted_range_id"":""DYNAMIC:2026-08-03T09:45:00+05:30:2026-08-03T10:03:00+05:30"",""accepted_range_inside"":false,""accepted_range_low"":7311.0,""accepted_range_outside_atr"":1.3945648853950758,""accepted_range_position"":1.6694915254237288,""accepted_range_provisional"":false,""atr"":28.324246805346583,""close"":7409.5,""current_leg_mature"":true,""directional_bias"":""UP"",""directional_efficiency"":0.9382716049382716,""directional_efficiency_source"":""PRICE_ACTION"",""exhausted_side"":""UP"",""exhaustion_active"":true,""extension_mature"":true,""failed_extreme_observed"":true,""high"":7415.0,""low"":7405.0,""observation_state"":""ORDERLY_UPTREND"",""overlap_ratio"":0.6857104299209562,""range_width_atr"":2.0830209680584675,""rejection_observed"":true,""snapshot_time"":""2026-08-03T10:57:00+05:30"",""source_reason_codes"":[""REVERSAL_OBSERVATION_GRADUATING_TO_ORDERLY_TREND"",""OBSERVATION_TRANSITION_CONFIRMED"",""OBSERVATION_STATE_ORDERLY_UPTREND"",""OBJECTIVE_REJECTION_OBSERVED"",""OBJECTIVE_FAILED_EXTREME_OBSERVED"",""OBJECTIVE_ACCEPTED_RANGE_GEOMETRY_PRESENT"",""OBJECTIVE_TREND_PROTECTION_GEOMETRY_PRESENT""],""structural_failure_confirmed"":false,""symbol"":""ABB"",""trading_day"":""2026-08-03"",""trend_direction"":""UP"",""trend_protection_level"":7355.0,""trend_protection_source"":""INITIAL_DIRECTIONAL_ANCHOR"",""trend_protection_time"":""2026-08-03T10:48:00+05:30""}","{""continuation_failure_seen"":false,""continuation_failure_time"":null,""current_state"":""NONE"",""direction"":""UNKNOWN"",""episode_id"":null,""extreme_price"":null,""extreme_time"":null,""first_adverse_bar_close"":null,""first_adverse_bar_level"":null,""first_adverse_bar_time"":null,""origin_event_id"":null,""origin_price"":null,""origin_source"":""NONE"",""parent_episode_id"":null,""previous_state"":""NONE"",""protection_level"":null,""protection_source"":"""",""reason_codes"":[""DIRECTIONAL_START_CANDIDATE_PROGRESS""],""rejection_seen"":false,""reversal_confirmation_breach_closes"":0,""reversal_confirmation_level"":null,""reversal_confirmation_level_time"":null,""reversal_confirmation_source"":"""",""reversal_leg_failure_closes"":0,""reversal_leg_progress_atr"":0.0,""reversal_leg_progress_bars"":0,""started_at"":null,""state_age_bars"":0,""state_started_at"":null}","{""attempt_limit_reached"":false,""candidate_bar_expansion_count"":0,""candidate_high"":null,""candidate_last_valid_at"":null,""candidate_low"":null,""candidate_merge_count"":0,""containment_bars"":0,""containment_ratio"":0.0,""current_state"":""NONE"",""down_escape_attempt_count"":0,""episode_id"":null,""escape_attempt_count"":0,""escape_direction"":""UNKNOWN"",""failed_escape_count"":0,""forming_bars_observed"":0,""forming_invalid_bars"":0,""frozen_high"":null,""frozen_low"":null,""last_escape_direction"":""UNKNOWN"",""last_escape_failed_at"":null,""last_escape_started_at"":null,""marginal_excursion_bars"":0,""meaningful_escape_bars"":0,""outside_close_count"":0,""previous_state"":""COMPLETED"",""range_id"":null,""rearm_bars_elapsed"":0,""rearm_inside_close_count"":0,""rearm_required"":false,""reason_codes"":[""NO_QUALIFIED_ACCEPTED_RANGE""],""reentry_close_count"":0,""source_range_ids"":[],""started_at"":null,""state_age_bars"":0,""state_started_at"":null,""up_escape_attempt_count"":0}","{""balance_attempt_limit_reached"":false,""balance_candidate_bar_expansion_count"":0,""balance_candidate_merge_count"":0,""balance_containment_ratio"":0.0,""balance_down_escape_attempt_count"":0,""balance_escape_attempt_count"":0,""balance_failed_escape_count"":0,""balance_forming_bars_observed"":0,""balance_forming_invalid_bars"":0,""balance_last_escape_direction"":""UNKNOWN"",""balance_last_escape_failed_at"":null,""balance_last_escape_started_at"":null,""balance_marginal_excursion_bars"":0,""balance_meaningful_escape_bars"":0,""balance_rearm_bars_elapsed"":0,""balance_rearm_inside_close_count"":0,""balance_rearm_required"":false,""balance_up_escape_attempt_count"":0,""directional_origin_event_id"":null,""directional_origin_source"":""NONE"",""directional_parent_episode_id"":null,""directional_reversal_watch_age_bars"":0,""directional_start_candidate_bars"":1,""directional_start_candidate_side"":""UP"",""observation_accepted_range_id"":""DYNAMIC:2026-08-03T09:45:00+05:30:2026-08-03T10:03:00+05:30"",""observation_current_leg_mature"":true,""observation_directional_bias"":""UP"",""observation_exhaustion_active"":true,""observation_state"":""ORDERLY_UPTREND""}","{""balance"":{""attempt_limit_reached"":false,""candidate_bar_expansion_count"":0,""candidate_high"":null,""candidate_last_valid_at"":null,""candidate_low"":null,""candidate_merge_count"":0,""containment_bars"":0,""down_escape_attempt_count"":0,""emitted_event_ids"":[""BAL:ABB:2026-08-03:001:NEUTRAL:100600:BALANCE_COMPLETED:105400"",""BAL:ABB:2026-08-03:001:NEUTRAL:100600:BALANCE_ESCAPE_ACCEPTED:105100"",""BAL:ABB:2026-08-03:001:NEUTRAL:100600:BALANCE_ESCAPE_STARTED:104800"",""BAL:ABB:2026-08-03:001:NEUTRAL:100600:BALANCE_FORMING_STARTED:100600"",""BAL:ABB:2026-08-03:001:NEUTRAL:100600:BALANCE_LOCKED:102700"",""BAL:ABB:2026-08-03:001:NEUTRAL:100600:BALANCE_PROBABLE:101800""],""episode_id"":null,""escape_attempt_count"":0,""escape_direction"":""UNKNOWN"",""failed_escape_count"":0,""forming_bars_observed"":0,""forming_invalid_bars"":0,""frozen_high"":null,""frozen_low"":null,""last_escape_direction"":""UNKNOWN"",""last_escape_failed_at"":null,""last_escape_started_at"":null,""last_reason_codes"":[""NO_QUALIFIED_ACCEPTED_RANGE""],""marginal_excursion_bars"":0,""meaningful_escape_bars"":0,""outside_close_count"":0,""range_id"":null,""rearm_bars_elapsed"":0,""rearm_inside_close_count"":0,""rearm_required"":false,""reentry_close_count"":0,""sequence"":1,""source_range_ids"":[],""started_at"":null,""state"":""NONE"",""state_age_bars"":0,""state_started_at"":null,""up_escape_attempt_count"":0},""directional"":{""continuation_failure_progress_bars"":0,""continuation_failure_seen"":false,""continuation_failure_seen_at"":null,""direction"":""UNKNOWN"",""emitted_event_ids"":[""DIR:ABB:2026-08-03:001:DOWN:101500:DIRECTIONAL_COMPLETED:105100"",""DIR:ABB:2026-08-03:001:DOWN:101500:DIRECTIONAL_STARTED:101500""],""episode_id"":null,""extreme_price"":null,""extreme_time"":null,""first_adverse_bar_close"":null,""first_adverse_bar_level"":null,""first_adverse_bar_time"":null,""inactive_bars"":0,""last_close"":7409.5,""last_observation_state"":""ORDERLY_UPTREND"",""last_observation_state_time"":""2026-08-03T10:57:00+05:30"",""last_reason_codes"":[""DIRECTIONAL_START_CANDIDATE_PROGRESS""],""opposite_control_bars"":0,""origin_event_id"":null,""origin_price"":null,""origin_source"":""NONE"",""parent_episode_id"":null,""protection_level"":null,""protection_source"":"""",""protection_time"":null,""rejection_seen"":false,""rejection_seen_at"":null,""reversal_confirmation_breach_closes"":0,""reversal_confirmation_level"":null,""reversal_confirmation_level_time"":null,""reversal_confirmation_source"":"""",""reversal_leg_failure_closes"":0,""reversal_leg_progress_atr"":0.0,""reversal_leg_progress_bars"":0,""reversal_watch_age_bars"":0,""sequence"":1,""start_candidate_bars"":1,""start_candidate_side"":""UP"",""started_at"":null,""state"":""NONE"",""state_age_bars"":0,""state_started_at"":null,""trend_restore_bars"":0},""evidence_history"":[{""atr"":36.19567872391703,""bar"":{""body_fraction"":0.7241379310344828,""close"":7325.5,""close_position"":0.27586206896551724,""direction"":""DOWN"",""high"":7346.5,""low"":7317.5,""lower_wick_fraction"":0.27586206896551724,""move_atr"":-0.580179754610426,""move_points"":-21.0,""open"":7346.5,""snapshot_time"":""2026-08-03T10:24:00+05:30"",""upper_wick_fraction"":0.0,""volume"":3728.0},""close"":7325.5,""trend"":{""ema_ref"":7359.3443168866515,""ema_slow"":7366.010095016552,""hma_order"":""SELL"",""hma_spread_atr"":1.774790721417432}},{""atr"":34.64598738649438,""bar"":{""body_fraction"":0.2413793103448276,""close"":7329.0,""close_position"":0.8620689655172413,""direction"":""UP"",""high"":7331.0,""low"":7316.5,""lower_wick_fraction"":0.6206896551724138,""move_atr"":0.10102179975290188,""move_points"":3.5,""open"":7325.5,""snapshot_time"":""2026-08-03T10:27:00+05:30"",""upper_wick_fraction"":0.13793103448275862,""volume"":3644.0},""close"":7329.0,""trend"":{""ema_ref"":7359.042383385293,""ema_slow"":7365.277221847908,""hma_order"":""BUY"",""hma_spread_atr"":1.8224054731072592}},{""atr"":32.95698828745907,""bar"":{""body_fraction"":0.5,""close"":7326.0,""close_position"":0.13636363636363635,""direction"":""DOWN"",""high"":7335.5,""low"":7324.5,""lower_wick_fraction"":0.13636363636363635,""move_atr"":-0.16688418104311076,""move_points"":-5.5,""open"":7331.5,""snapshot_time"":""2026-08-03T10:30:00+05:30"",""upper_wick_fraction"":0.3636363636363637,""volume"":4314.0},""close"":7326.0,""trend"":{""ema_ref"":7358.71360345111,""ema_slow"":7364.499455078641,""hma_order"":""BUY"",""hma_spread_atr"":1.8810305042157016}},{""atr"":31.42434626692628,""bar"":{""body_fraction"":0.4782608695652174,""close"":7320.5,""close_position"":0.30434782608695654,""direction"":""DOWN"",""high"":7328.5,""low"":7317.0,""lower_wick_fraction"":0.30434782608695654,""move_atr"":-0.17502352963150355,""move_points"":-5.5,""open"":7326.0,""snapshot_time"":""2026-08-03T10:33:00+05:30"",""upper_wick_fraction"":0.21739130434782608,""volume"":3587.0},""close"":7320.5,""trend"":{""ema_ref"":7358.3333685909,""ema_slow"":7363.628178740451,""hma_order"":""BUY"",""hma_spread_atr"":1.93587034655245}},{""atr"":30.786892962145835,""bar"":{""body_fraction"":0.5777777777777777,""close"":7333.5,""close_position"":0.7111111111111111,""direction"":""UP"",""high"":7340.0,""low"":7317.5,""lower_wick_fraction"":0.13333333333333333,""move_atr"":0.42225761514759574,""move_points"":13.0,""open"":7320.5,""snapshot_time"":""2026-08-03T10:36:00+05:30"",""upper_wick_fraction"":0.28888888888888886,""volume"":3825.0},""close"":7333.5,""trend"":{""ema_ref"":7358.0862703959665,""ema_slow"":7363.031581141629,""hma_order"":""BUY"",""hma_spread_atr"":1.9352080877974915}},{""atr"":29.40925775056399,""bar"":{""body_fraction"":0.043478260869565216,""close"":7333.0,""close_position"":0.08695652173913043,""direction"":""DOWN"",""high"":7343.5,""low"":7332.0,""lower_wick_fraction"":0.08695652173913043,""move_atr"":-0.017001449143693923,""move_points"":-0.5,""open"":7333.5,""snapshot_time"":""2026-08-03T10:39:00+05:30"",""upper_wick_fraction"":0.8695652173913043,""volume"":2943.0},""close"":7333.0,""trend"":{""ema_ref"":7357.836655765161,""ema_slow"":7362.436896366547,""hma_order"":""BUY"",""hma_spread_atr"":1.9805629224645405}},{""atr"":28.80859648266657,""bar"":{""body_fraction"":0.1904761904761905,""close"":7337.0,""close_position"":0.1904761904761905,""direction"":""UP"",""high"":7354.0,""low"":7333.0,""lower_wick_fraction"":0.0,""move_atr"":0.1388474444566122,""move_points"":4.0,""open"":7333.0,""snapshot_time"":""2026-08-03T10:42:00+05:30"",""upper_wick_fraction"":0.8095238095238095,""volume"":6461.0},""close"":7337.0,""trend"":{""ema_ref"":7357.6293258570495,""ema_slow"":7361.933195448398,""hma_order"":""BUY"",""hma_spread_atr"":1.9728897990854912}},{""atr"":28.78655387676181,""bar"":{""body_fraction"":0.7543859649122807,""close"":7358.5,""close_position"":0.8771929824561403,""direction"":""UP"",""high"":7362.0,""low"":7333.5,""lower_wick_fraction"":0.12280701754385964,""move_atr"":0.7468764789298401,""move_points"":21.5,""open"":7337.0,""snapshot_time"":""2026-08-03T10:45:00+05:30"",""upper_wick_fraction"":0.12280701754385964,""volume"":9612.0},""close"":7358.5,""trend"":{""ema_ref"":7357.637989281357,""ema_slow"":7361.865211380113,""hma_order"":""BUY"",""hma_spread_atr"":1.9189516082822489}},{""atr"":29.623228599850258,""bar"":{""body_fraction"":0.7037037037037037,""close"":7386.5,""close_position"":0.7777777777777778,""direction"":""UP"",""high"":7395.5,""low"":7355.0,""lower_wick_fraction"":0.07407407407407407,""move_atr"":0.9620828433314008,""move_points"":28.5,""open"":7358.0,""snapshot_time"":""2026-08-03T10:48:00+05:30"",""upper_wick_fraction"":0.2222222222222222,""volume"":25435.0},""close"":7386.5,""trend"":{""ema_ref"":7357.925173467613,""ema_slow"":7362.353028976547,""hma_order"":""BUY"",""hma_spread_atr"":1.7998833824430371}},{""atr"":29.828712271289525,""bar"":{""body_fraction"":0.7692307692307693,""close"":7411.5,""close_position"":0.7692307692307693,""direction"":""UP"",""high"":7419.0,""low"":7386.5,""lower_wick_fraction"":0.0,""move_atr"":0.838118647986785,""move_points"":25.0,""open"":7386.5,""snapshot_time"":""2026-08-03T10:51:00+05:30"",""upper_wick_fraction"":0.2307692307692308,""volume"":17277.0},""close"":7411.5,""trend"":{""ema_ref"":7358.458256318681,""ema_slow"":7363.326236323545,""hma_order"":""BUY"",""hma_spread_atr"":2.0428587622200274}},{""atr"":29.733804251911703,""bar"":{""body_fraction"":0.05263157894736842,""close"":7411.5,""close_position"":0.6666666666666666,""direction"":""UP"",""high"":7421.0,""low"":7392.5,""lower_wick_fraction"":0.6140350877192983,""move_atr"":0.05044763150021609,""move_points"":1.5,""open"":7410.0,""snapshot_time"":""2026-08-03T10:54:00+05:30"",""upper_wick_fraction"":0.3333333333333333,""volume"":10233.0},""close"":7411.5,""trend"":{""ema_ref"":7358.986034862774,""ema_slow"":7364.28017223793,""hma_order"":""BUY"",""hma_spread_atr"":2.7146170400432696}},{""atr"":28.324246805346583,""bar"":{""body_fraction"":0.2,""close"":7409.5,""close_position"":0.45,""direction"":""DOWN"",""high"":7415.0,""low"":7405.0,""lower_wick_fraction"":0.45,""move_atr"":-0.07061088027316839,""move_points"":-2.0,""open"":7411.5,""snapshot_time"":""2026-08-03T10:57:00+05:30"",""upper_wick_fraction"":0.35,""volume"":3818.0},""close"":7409.5,""trend"":{""ema_ref"":7359.488661381553,""ema_slow"":7365.175614371832,""hma_order"":""BUY"",""hma_spread_atr"":3.3868453953614424}}],""last_observation_hash"":""710bbae4eb1c6cc830535287a3a1a74037061ac4fbca3668d20e0e5a1c281c9c"",""last_snapshot_time"":""2026-08-03T10:57:00+05:30"",""observation"":{""compression_box_high"":null,""compression_box_low"":null,""compression_candidate_bars"":0,""current_state"":""ORDERLY_UPTREND"",""established_side"":""UP"",""exhaustion_active"":true,""exhaustion_age_bars"":2,""exhaustion_clear_bars"":0,""exhaustion_last_seen_at"":""2026-08-03T10:57:00+05:30"",""exhaustion_side"":""UP"",""exhaustion_started_at"":""2026-08-03T10:54:00+05:30"",""failure_breach_bars"":0,""last_close"":7409.5,""last_reason_codes"":[""REVERSAL_OBSERVATION_GRADUATING_TO_ORDERLY_TREND"",""OBSERVATION_TRANSITION_CONFIRMED"",""OBSERVATION_STATE_ORDERLY_UPTREND""],""last_snapshot_time"":""2026-08-03T10:57:00+05:30"",""leg_age_bars"":4,""leg_anchor_price"":7355.0,""leg_anchor_time"":""2026-08-03T10:48:00+05:30"",""leg_extreme_price"":7421.0,""leg_maturity_consumed"":false,""leg_maturity_extreme_price"":null,""leg_maturity_onset_time"":null,""leg_no_progress_bars"":1,""observation_count"":35,""pending_bars"":0,""pending_state"":null,""protection_level"":7355.0,""protection_source"":""INITIAL_DIRECTIONAL_ANCHOR"",""protection_time"":""2026-08-03T10:48:00+05:30"",""pullback_age_bars"":0,""pullback_candidate_bars"":0,""pullback_extreme_price"":null,""reacceleration_age_bars"":0,""recompression_age_bars"":0,""reversal_confirmation_bars"":0,""reversal_side"":""UP"",""state_age_bars"":1,""trading_day"":""2026-08-03"",""trend_anchor_price"":7355.0,""trend_candidate_bars"":5,""trend_candidate_side"":""UP"",""trend_extreme_price"":7421.0,""trend_failure_age_bars"":0,""trend_onset_time"":""2026-08-03T10:48:00+05:30""},""symbol"":""ABB"",""trading_day"":""2026-08-03""}"
restoration-v3-current-day,development,restoration-trend-control-v3,backtest-default,OK,,,,ABB,2026-08-03,2026-08-03T11:00:00+05:30,2026-08-03T10:57:00+05:30,SNAPSHOT_AUCTION_AUTHORITY_V3A,3m,True,True,7407.5,2026-08-03T11:00:00,7409.0,7413.0,7399.5,7407.5,3169.0,27.265372033536114,TRENDING_UP,BUY,candidate_has_directional_efficiency_or_displacement,RANGE_ACCEPTED,DYNAMIC:2026-08-03T09:45:00+05:30:2026-08-03T10:03:00+05:30,7311.0,7370.0,19,ok,TURNING_DOWN,-0.07335311608952269,0.19255192973499707,OK,INCREMENTAL_PREVIOUS_SNAPSHOT,AUTOTRADES_AUCTION_ENGINE,1.1.0,,,ORDERLY_UPTREND,UP,UP,True,True,True,UP,True,False,False,7355.0,INITIAL_DIRECTIONAL_ANCHOR,2026-08-03T10:48:00+05:30,DYNAMIC:2026-08-03T09:45:00+05:30:2026-08-03T10:03:00+05:30,7311.0,7370.0,False,1.6355932203389831,0.9030303030303032,PRICE_ACTION,0.650472334682861,CURRENT_DIRECTIONAL_LEG_MATURED|MINIMUM_DWELL_ORDERLY_UPTREND_2_BARS|OBSERVATION_STATE_ORDERLY_UPTREND|OBJECTIVE_REJECTION_OBSERVED|OBJECTIVE_ACCEPTED_RANGE_GEOMETRY_PRESENT|OBJECTIVE_TREND_PROTECTION_GEOMETRY_PRESENT,DIR:ABB:2026-08-03:002:UP:110000,NONE,DIRECTIONAL,UP,OBSERVATION_CONFIRMATION,,,2026-08-03T11:00:00+05:30,2026-08-03T11:00:00+05:30,1,7407.5,7413.0,2026-08-03T11:00:00+05:30,7355.0,INITIAL_DIRECTIONAL_ANCHOR,,,,0,0.0,0,False,DIRECTIONAL_START_CANDIDATE_PROGRESS|DIRECTIONAL_START_CONFIRMED,2,UNKNOWN,0,0,0,0,0,ORDERLY_UPTREND,2026-08-03T11:00:00+05:30,DIRECTIONAL_START_CANDIDATE_PROGRESS|DIRECTIONAL_START_CONFIRMED,,NONE,NONE,0,,,,,,UNKNOWN,0,0,0,0,False,False,NO_QUALIFIED_ACCEPTED_RANGE,1,DIR:ABB:2026-08-03:002:UP:110000:DIRECTIONAL_STARTED:110000,DIRECTIONAL_STARTED,UP,DIR:ABB:2026-08-03:002:UP:110000,DIRECTIONAL_STARTED:MULTIBAR_DIRECTIONAL_CONTEXT_ESTABLISHED,0,,,,,MATCH,MATCH,CONFLICT,MATCH,False,0,True,True,True,True,EPISODE_SLOPE_CONFLICT,TRANSITIONAL_CONFLICT,"[""event_id='DIR:ABB:2026-08-03:002:UP:110000:DIRECTIONAL_STARTED:110000' event_type=<AuctionEventType.DIRECTIONAL_STARTED: 'DIRECTIONAL_STARTED'> episode_id='DIR:ABB:2026-08-03:002:UP:110000' symbol='ABB' trading_day=datetime.date(2026, 8, 3) event_time=datetime.datetime(2026, 8, 3, 11, 0, tzinfo=TzInfo(19800)) direction=<DirectionalBias.UP: 'UP'> reason_codes=('MULTIBAR_DIRECTIONAL_CONTEXT_ESTABLISHED',) data={'origin_price': 7407.5, 'extreme_price': 7413.0, 'origin_source': 'OBSERVATION_CONFIRMATION', 'origin_event_id': None, 'protection_level': 7355.0, 'parent_episode_id': None, 'protection_source': 'INITIAL_DIRECTIONAL_ANCHOR', 'first_adverse_bar_time': None, 'first_adverse_bar_close': None, 'first_adverse_bar_level': None, 'continuation_failure_time': None, 'reversal_leg_progress_atr': 0.0, 'reversal_leg_progress_bars': 0, 'reversal_confirmation_level': None, 'reversal_leg_failure_closes': 0, 'reversal_confirmation_source': '', 'reversal_confirmation_level_time': None}""]",[],"{""accepted_range_breakout_eligible"":true,""accepted_range_established_at"":""2026-08-03T10:03:00+05:30"",""accepted_range_high"":7370.0,""accepted_range_id"":""DYNAMIC:2026-08-03T09:45:00+05:30:2026-08-03T10:03:00+05:30"",""accepted_range_inside"":false,""accepted_range_low"":7311.0,""accepted_range_outside_atr"":1.3753709266785503,""accepted_range_position"":1.6355932203389831,""accepted_range_provisional"":false,""atr"":27.265372033536114,""close"":7407.5,""current_leg_mature"":true,""directional_bias"":""UP"",""directional_efficiency"":0.9030303030303032,""directional_efficiency_source"":""PRICE_ACTION"",""exhausted_side"":""UP"",""exhaustion_active"":true,""extension_mature"":true,""failed_extreme_observed"":false,""high"":7413.0,""low"":7399.5,""observation_state"":""ORDERLY_UPTREND"",""overlap_ratio"":0.650472334682861,""range_width_atr"":2.1639169246409193,""rejection_observed"":true,""snapshot_time"":""2026-08-03T11:00:00+05:30"",""source_reason_codes"":[""CURRENT_DIRECTIONAL_LEG_MATURED"",""MINIMUM_DWELL_ORDERLY_UPTREND_2_BARS"",""OBSERVATION_STATE_ORDERLY_UPTREND"",""OBJECTIVE_REJECTION_OBSERVED"",""OBJECTIVE_ACCEPTED_RANGE_GEOMETRY_PRESENT"",""OBJECTIVE_TREND_PROTECTION_GEOMETRY_PRESENT""],""structural_failure_confirmed"":false,""symbol"":""ABB"",""trading_day"":""2026-08-03"",""trend_direction"":""UP"",""trend_protection_level"":7355.0,""trend_protection_source"":""INITIAL_DIRECTIONAL_ANCHOR"",""trend_protection_time"":""2026-08-03T10:48:00+05:30""}","{""continuation_failure_seen"":false,""continuation_failure_time"":null,""current_state"":""DIRECTIONAL"",""direction"":""UP"",""episode_id"":""DIR:ABB:2026-08-03:002:UP:110000"",""extreme_price"":7413.0,""extreme_time"":""2026-08-03T11:00:00+05:30"",""first_adverse_bar_close"":null,""first_adverse_bar_level"":null,""first_adverse_bar_time"":null,""origin_event_id"":null,""origin_price"":7407.5,""origin_source"":""OBSERVATION_CONFIRMATION"",""parent_episode_id"":null,""previous_state"":""NONE"",""protection_level"":7355.0,""protection_source"":""INITIAL_DIRECTIONAL_ANCHOR"",""reason_codes"":[""DIRECTIONAL_START_CANDIDATE_PROGRESS"",""DIRECTIONAL_START_CONFIRMED""],""rejection_seen"":false,""reversal_confirmation_breach_closes"":0,""reversal_confirmation_level"":null,""reversal_confirmation_level_time"":null,""reversal_confirmation_source"":"""",""reversal_leg_failure_closes"":0,""reversal_leg_progress_atr"":0.0,""reversal_leg_progress_bars"":0,""started_at"":""2026-08-03T11:00:00+05:30"",""state_age_bars"":1,""state_started_at"":""2026-08-03T11:00:00+05:30""}","{""attempt_limit_reached"":false,""candidate_bar_expansion_count"":0,""candidate_high"":null,""candidate_last_valid_at"":null,""candidate_low"":null,""candidate_merge_count"":0,""containment_bars"":0,""containment_ratio"":0.0,""current_state"":""NONE"",""down_escape_attempt_count"":0,""episode_id"":null,""escape_attempt_count"":0,""escape_direction"":""UNKNOWN"",""failed_escape_count"":0,""forming_bars_observed"":0,""forming_invalid_bars"":0,""frozen_high"":null,""frozen_low"":null,""last_escape_direction"":""UNKNOWN"",""last_escape_failed_at"":null,""last_escape_started_at"":null,""marginal_excursion_bars"":0,""meaningful_escape_bars"":0,""outside_close_count"":0,""previous_state"":""NONE"",""range_id"":null,""rearm_bars_elapsed"":0,""rearm_inside_close_count"":0,""rearm_required"":false,""reason_codes"":[""NO_QUALIFIED_ACCEPTED_RANGE""],""reentry_close_count"":0,""source_range_ids"":[],""started_at"":null,""state_age_bars"":0,""state_started_at"":null,""up_escape_attempt_count"":0}","{""balance_attempt_limit_reached"":false,""balance_candidate_bar_expansion_count"":0,""balance_candidate_merge_count"":0,""balance_containment_ratio"":0.0,""balance_down_escape_attempt_count"":0,""balance_escape_attempt_count"":0,""balance_failed_escape_count"":0,""balance_forming_bars_observed"":0,""balance_forming_invalid_bars"":0,""balance_last_escape_direction"":""UNKNOWN"",""balance_last_escape_failed_at"":null,""balance_last_escape_started_at"":null,""balance_marginal_excursion_bars"":0,""balance_meaningful_escape_bars"":0,""balance_rearm_bars_elapsed"":0,""balance_rearm_inside_close_count"":0,""balance_rearm_required"":false,""balance_up_escape_attempt_count"":0,""directional_origin_event_id"":null,""directional_origin_source"":""OBSERVATION_CONFIRMATION"",""directional_parent_episode_id"":null,""directional_reversal_watch_age_bars"":0,""directional_start_candidate_bars"":0,""directional_start_candidate_side"":""UNKNOWN"",""observation_accepted_range_id"":""DYNAMIC:2026-08-03T09:45:00+05:30:2026-08-03T10:03:00+05:30"",""observation_current_leg_mature"":true,""observation_directional_bias"":""UP"",""observation_exhaustion_active"":true,""observation_state"":""ORDERLY_UPTREND""}","{""balance"":{""attempt_limit_reached"":false,""candidate_bar_expansion_count"":0,""candidate_high"":null,""candidate_last_valid_at"":null,""candidate_low"":null,""candidate_merge_count"":0,""containment_bars"":0,""down_escape_attempt_count"":0,""emitted_event_ids"":[""BAL:ABB:2026-08-03:001:NEUTRAL:100600:BALANCE_COMPLETED:105400"",""BAL:ABB:2026-08-03:001:NEUTRAL:100600:BALANCE_ESCAPE_ACCEPTED:105100"",""BAL:ABB:2026-08-03:001:NEUTRAL:100600:BALANCE_ESCAPE_STARTED:104800"",""BAL:ABB:2026-08-03:001:NEUTRAL:100600:BALANCE_FORMING_STARTED:100600"",""BAL:ABB:2026-08-03:001:NEUTRAL:100600:BALANCE_LOCKED:102700"",""BAL:ABB:2026-08-03:001:NEUTRAL:100600:BALANCE_PROBABLE:101800""],""episode_id"":null,""escape_attempt_count"":0,""escape_direction"":""UNKNOWN"",""failed_escape_count"":0,""forming_bars_observed"":0,""forming_invalid_bars"":0,""frozen_high"":null,""frozen_low"":null,""last_escape_direction"":""UNKNOWN"",""last_escape_failed_at"":null,""last_escape_started_at"":null,""last_reason_codes"":[""NO_QUALIFIED_ACCEPTED_RANGE""],""marginal_excursion_bars"":0,""meaningful_escape_bars"":0,""outside_close_count"":0,""range_id"":null,""rearm_bars_elapsed"":0,""rearm_inside_close_count"":0,""rearm_required"":false,""reentry_close_count"":0,""sequence"":1,""source_range_ids"":[],""started_at"":null,""state"":""NONE"",""state_age_bars"":0,""state_started_at"":null,""up_escape_attempt_count"":0},""directional"":{""continuation_failure_progress_bars"":0,""continuation_failure_seen"":false,""continuation_failure_seen_at"":null,""direction"":""UP"",""emitted_event_ids"":[""DIR:ABB:2026-08-03:001:DOWN:101500:DIRECTIONAL_COMPLETED:105100"",""DIR:ABB:2026-08-03:001:DOWN:101500:DIRECTIONAL_STARTED:101500"",""DIR:ABB:2026-08-03:002:UP:110000:DIRECTIONAL_STARTED:110000""],""episode_id"":""DIR:ABB:2026-08-03:002:UP:110000"",""extreme_price"":7413.0,""extreme_time"":""2026-08-03T11:00:00+05:30"",""first_adverse_bar_close"":null,""first_adverse_bar_level"":null,""first_adverse_bar_time"":null,""inactive_bars"":0,""last_close"":7407.5,""last_observation_state"":""ORDERLY_UPTREND"",""last_observation_state_time"":""2026-08-03T11:00:00+05:30"",""last_reason_codes"":[""DIRECTIONAL_START_CANDIDATE_PROGRESS"",""DIRECTIONAL_START_CONFIRMED""],""opposite_control_bars"":0,""origin_event_id"":null,""origin_price"":7407.5,""origin_source"":""OBSERVATION_CONFIRMATION"",""parent_episode_id"":null,""protection_level"":7355.0,""protection_source"":""INITIAL_DIRECTIONAL_ANCHOR"",""protection_time"":""2026-08-03T10:48:00+05:30"",""rejection_seen"":false,""rejection_seen_at"":null,""reversal_confirmation_breach_closes"":0,""reversal_confirmation_level"":null,""reversal_confirmation_level_time"":null,""reversal_confirmation_source"":"""",""reversal_leg_failure_closes"":0,""reversal_leg_progress_atr"":0.0,""reversal_leg_progress_bars"":0,""reversal_watch_age_bars"":0,""sequence"":2,""start_candidate_bars"":0,""start_candidate_side"":""UNKNOWN"",""started_at"":""2026-08-03T11:00:00+05:30"",""state"":""DIRECTIONAL"",""state_age_bars"":1,""state_started_at"":""2026-08-03T11:00:00+05:30"",""trend_restore_bars"":0},""evidence_history"":[{""atr"":34.64598738649438,""bar"":{""body_fraction"":0.2413793103448276,""close"":7329.0,""close_position"":0.8620689655172413,""direction"":""UP"",""high"":7331.0,""low"":7316.5,""lower_wick_fraction"":0.6206896551724138,""move_atr"":0.10102179975290188,""move_points"":3.5,""open"":7325.5,""snapshot_time"":""2026-08-03T10:27:00+05:30"",""upper_wick_fraction"":0.13793103448275862,""volume"":3644.0},""close"":7329.0,""trend"":{""ema_ref"":7359.042383385293,""ema_slow"":7365.277221847908,""hma_order"":""BUY"",""hma_spread_atr"":1.8224054731072592}},{""atr"":32.95698828745907,""bar"":{""body_fraction"":0.5,""close"":7326.0,""close_position"":0.13636363636363635,""direction"":""DOWN"",""high"":7335.5,""low"":7324.5,""lower_wick_fraction"":0.13636363636363635,""move_atr"":-0.16688418104311076,""move_points"":-5.5,""open"":7331.5,""snapshot_time"":""2026-08-03T10:30:00+05:30"",""upper_wick_fraction"":0.3636363636363637,""volume"":4314.0},""close"":7326.0,""trend"":{""ema_ref"":7358.71360345111,""ema_slow"":7364.499455078641,""hma_order"":""BUY"",""hma_spread_atr"":1.8810305042157016}},{""atr"":31.42434626692628,""bar"":{""body_fraction"":0.4782608695652174,""close"":7320.5,""close_position"":0.30434782608695654,""direction"":""DOWN"",""high"":7328.5,""low"":7317.0,""lower_wick_fraction"":0.30434782608695654,""move_atr"":-0.17502352963150355,""move_points"":-5.5,""open"":7326.0,""snapshot_time"":""2026-08-03T10:33:00+05:30"",""upper_wick_fraction"":0.21739130434782608,""volume"":3587.0},""close"":7320.5,""trend"":{""ema_ref"":7358.3333685909,""ema_slow"":7363.628178740451,""hma_order"":""BUY"",""hma_spread_atr"":1.93587034655245}},{""atr"":30.786892962145835,""bar"":{""body_fraction"":0.5777777777777777,""close"":7333.5,""close_position"":0.7111111111111111,""direction"":""UP"",""high"":7340.0,""low"":7317.5,""lower_wick_fraction"":0.13333333333333333,""move_atr"":0.42225761514759574,""move_points"":13.0,""open"":7320.5,""snapshot_time"":""2026-08-03T10:36:00+05:30"",""upper_wick_fraction"":0.28888888888888886,""volume"":3825.0},""close"":7333.5,""trend"":{""ema_ref"":7358.0862703959665,""ema_slow"":7363.031581141629,""hma_order"":""BUY"",""hma_spread_atr"":1.9352080877974915}},{""atr"":29.40925775056399,""bar"":{""body_fraction"":0.043478260869565216,""close"":7333.0,""close_position"":0.08695652173913043,""direction"":""DOWN"",""high"":7343.5,""low"":7332.0,""lower_wick_fraction"":0.08695652173913043,""move_atr"":-0.017001449143693923,""move_points"":-0.5,""open"":7333.5,""snapshot_time"":""2026-08-03T10:39:00+05:30"",""upper_wick_fraction"":0.8695652173913043,""volume"":2943.0},""close"":7333.0,""trend"":{""ema_ref"":7357.836655765161,""ema_slow"":7362.436896366547,""hma_order"":""BUY"",""hma_spread_atr"":1.9805629224645405}},{""atr"":28.80859648266657,""bar"":{""body_fraction"":0.1904761904761905,""close"":7337.0,""close_position"":0.1904761904761905,""direction"":""UP"",""high"":7354.0,""low"":7333.0,""lower_wick_fraction"":0.0,""move_atr"":0.1388474444566122,""move_points"":4.0,""open"":7333.0,""snapshot_time"":""2026-08-03T10:42:00+05:30"",""upper_wick_fraction"":0.8095238095238095,""volume"":6461.0},""close"":7337.0,""trend"":{""ema_ref"":7357.6293258570495,""ema_slow"":7361.933195448398,""hma_order"":""BUY"",""hma_spread_atr"":1.9728897990854912}},{""atr"":28.78655387676181,""bar"":{""body_fraction"":0.7543859649122807,""close"":7358.5,""close_position"":0.8771929824561403,""direction"":""UP"",""high"":7362.0,""low"":7333.5,""lower_wick_fraction"":0.12280701754385964,""move_atr"":0.7468764789298401,""move_points"":21.5,""open"":7337.0,""snapshot_time"":""2026-08-03T10:45:00+05:30"",""upper_wick_fraction"":0.12280701754385964,""volume"":9612.0},""close"":7358.5,""trend"":{""ema_ref"":7357.637989281357,""ema_slow"":7361.865211380113,""hma_order"":""BUY"",""hma_spread_atr"":1.9189516082822489}},{""atr"":29.623228599850258,""bar"":{""body_fraction"":0.7037037037037037,""close"":7386.5,""close_position"":0.7777777777777778,""direction"":""UP"",""high"":7395.5,""low"":7355.0,""lower_wick_fraction"":0.07407407407407407,""move_atr"":0.9620828433314008,""move_points"":28.5,""open"":7358.0,""snapshot_time"":""2026-08-03T10:48:00+05:30"",""upper_wick_fraction"":0.2222222222222222,""volume"":25435.0},""close"":7386.5,""trend"":{""ema_ref"":7357.925173467613,""ema_slow"":7362.353028976547,""hma_order"":""BUY"",""hma_spread_atr"":1.7998833824430371}},{""atr"":29.828712271289525,""bar"":{""body_fraction"":0.7692307692307693,""close"":7411.5,""close_position"":0.7692307692307693,""direction"":""UP"",""high"":7419.0,""low"":7386.5,""lower_wick_fraction"":0.0,""move_atr"":0.838118647986785,""move_points"":25.0,""open"":7386.5,""snapshot_time"":""2026-08-03T10:51:00+05:30"",""upper_wick_fraction"":0.2307692307692308,""volume"":17277.0},""close"":7411.5,""trend"":{""ema_ref"":7358.458256318681,""ema_slow"":7363.326236323545,""hma_order"":""BUY"",""hma_spread_atr"":2.0428587622200274}},{""atr"":29.733804251911703,""bar"":{""body_fraction"":0.05263157894736842,""close"":7411.5,""close_position"":0.6666666666666666,""direction"":""UP"",""high"":7421.0,""low"":7392.5,""lower_wick_fraction"":0.6140350877192983,""move_atr"":0.05044763150021609,""move_points"":1.5,""open"":7410.0,""snapshot_time"":""2026-08-03T10:54:00+05:30"",""upper_wick_fraction"":0.3333333333333333,""volume"":10233.0},""close"":7411.5,""trend"":{""ema_ref"":7358.986034862774,""ema_slow"":7364.28017223793,""hma_order"":""BUY"",""hma_spread_atr"":2.7146170400432696}},{""atr"":28.324246805346583,""bar"":{""body_fraction"":0.2,""close"":7409.5,""close_position"":0.45,""direction"":""DOWN"",""high"":7415.0,""low"":7405.0,""lower_wick_fraction"":0.45,""move_atr"":-0.07061088027316839,""move_points"":-2.0,""open"":7411.5,""snapshot_time"":""2026-08-03T10:57:00+05:30"",""upper_wick_fraction"":0.35,""volume"":3818.0},""close"":7409.5,""trend"":{""ema_ref"":7359.488661381553,""ema_slow"":7365.175614371832,""hma_order"":""BUY"",""hma_spread_atr"":3.3868453953614424}},{""atr"":27.265372033536114,""bar"":{""body_fraction"":0.1111111111111111,""close"":7407.5,""close_position"":0.5925925925925926,""direction"":""DOWN"",""high"":7413.0,""low"":7399.5,""lower_wick_fraction"":0.5925925925925926,""move_atr"":-0.05501483706714202,""move_points"":-1.5,""open"":7409.0,""snapshot_time"":""2026-08-03T11:00:00+05:30"",""upper_wick_fraction"":0.2962962962962963,""volume"":3169.0},""close"":7407.5,""trend"":{""ema_ref"":7359.966386143927,""ema_slow"":7366.013721017935,""hma_order"":""BUY"",""hma_spread_atr"":3.8507515182422294}}],""last_observation_hash"":""f4abfe2a61ee195174ee756bae807c83914773434081f8e07c517c4998c006ac"",""last_snapshot_time"":""2026-08-03T11:00:00+05:30"",""observation"":{""compression_box_high"":null,""compression_box_low"":null,""compression_candidate_bars"":0,""current_state"":""ORDERLY_UPTREND"",""established_side"":""UP"",""exhaustion_active"":true,""exhaustion_age_bars"":3,""exhaustion_clear_bars"":0,""exhaustion_last_seen_at"":""2026-08-03T11:00:00+05:30"",""exhaustion_side"":""UP"",""exhaustion_started_at"":""2026-08-03T10:54:00+05:30"",""failure_breach_bars"":0,""last_close"":7407.5,""last_reason_codes"":[""CURRENT_DIRECTIONAL_LEG_MATURED"",""MINIMUM_DWELL_ORDERLY_UPTREND_2_BARS"",""OBSERVATION_STATE_ORDERLY_UPTREND""],""last_snapshot_time"":""2026-08-03T11:00:00+05:30"",""leg_age_bars"":5,""leg_anchor_price"":7355.0,""leg_anchor_time"":""2026-08-03T10:48:00+05:30"",""leg_extreme_price"":7421.0,""leg_maturity_consumed"":false,""leg_maturity_extreme_price"":null,""leg_maturity_onset_time"":null,""leg_no_progress_bars"":2,""observation_count"":36,""pending_bars"":0,""pending_state"":null,""protection_level"":7355.0,""protection_source"":""INITIAL_DIRECTIONAL_ANCHOR"",""protection_time"":""2026-08-03T10:48:00+05:30"",""pullback_age_bars"":0,""pullback_candidate_bars"":1,""pullback_extreme_price"":null,""reacceleration_age_bars"":0,""recompression_age_bars"":0,""reversal_confirmation_bars"":0,""reversal_side"":""UP"",""state_age_bars"":2,""trading_day"":""2026-08-03"",""trend_anchor_price"":7355.0,""trend_candidate_bars"":6,""trend_candidate_side"":""UP"",""trend_extreme_price"":7421.0,""trend_failure_age_bars"":0,""trend_onset_time"":""2026-08-03T10:48:00+05:30""},""symbol"":""ABB"",""trading_day"":""2026-08-03""}"
restoration-v3-current-day,development,restoration-trend-control-v3,backtest-default,OK,,,,ABB,2026-08-03,2026-08-03T11:03:00+05:30,2026-08-03T11:00:00+05:30,SNAPSHOT_AUCTION_AUTHORITY_V3A,3m,True,True,7407.0,2026-08-03T11:03:00,7407.5,7412.5,7396.5,7407.0,4136.0,26.46070260256925,TRENDING_UP,BUY,candidate_has_directional_efficiency_or_displacement,RANGE_ACCEPTED,DYNAMIC:2026-08-03T09:45:00+05:30:2026-08-03T10:03:00+05:30,7311.0,7370.0,20,ok,DOWN_ACCELERATING,-0.04723986429138238,-0.042515877862244145,OK,INCREMENTAL_PREVIOUS_SNAPSHOT,AUTOTRADES_AUCTION_ENGINE,1.1.0,,,CONTROLLED_PULLBACK,UP,UP,False,True,True,UP,True,False,False,7355.0,INITIAL_DIRECTIONAL_ANCHOR,2026-08-03T10:48:00+05:30,DYNAMIC:2026-08-03T09:45:00+05:30:2026-08-03T10:03:00+05:30,7311.0,7370.0,False,1.6271186440677967,0.8860759493670886,PRICE_ACTION,0.7939421202579098,MULTIBAR_CONTROLLED_ADVERSE_MOVE|OBSERVATION_TRANSITION_CONFIRMED|OBSERVATION_STATE_CONTROLLED_PULLBACK|OBJECTIVE_REJECTION_OBSERVED|OBJECTIVE_ACCEPTED_RANGE_GEOMETRY_PRESENT|OBJECTIVE_TREND_PROTECTION_GEOMETRY_PRESENT,DIR:ABB:2026-08-03:002:UP:110000,DIRECTIONAL,MATURE,UP,OBSERVATION_CONFIRMATION,,,2026-08-03T11:00:00+05:30,2026-08-03T11:03:00+05:30,1,7407.5,7413.0,2026-08-03T11:00:00+05:30,7355.0,INITIAL_DIRECTIONAL_ANCHOR,,,,0,0.0,0,False,DIRECTIONAL_MATURITY_OBSERVED,2,UNKNOWN,0,0,0,0,0,CONTROLLED_PULLBACK,2026-08-03T11:03:00+05:30,DIRECTIONAL_MATURITY_OBSERVED,,NONE,NONE,0,,,,,,UNKNOWN,0,0,0,0,False,False,NO_QUALIFIED_ACCEPTED_RANGE,1,DIR:ABB:2026-08-03:002:UP:110000:DIRECTIONAL_MATURED:110300,DIRECTIONAL_MATURED,UP,DIR:ABB:2026-08-03:002:UP:110000,DIRECTIONAL_MATURED:DIRECTIONAL_MATURITY_OBSERVED,0,,,,,MATCH,MATCH,CONFLICT,MATCH,False,0,False,False,True,True,EPISODE_SLOPE_CONFLICT,TRANSITIONAL_CONFLICT,"[""event_id='DIR:ABB:2026-08-03:002:UP:110000:DIRECTIONAL_MATURED:110300' event_type=<AuctionEventType.DIRECTIONAL_MATURED: 'DIRECTIONAL_MATURED'> episode_id='DIR:ABB:2026-08-03:002:UP:110000' symbol='ABB' trading_day=datetime.date(2026, 8, 3) event_time=datetime.datetime(2026, 8, 3, 11, 3, tzinfo=TzInfo(19800)) direction=<DirectionalBias.UP: 'UP'> reason_codes=('DIRECTIONAL_MATURITY_OBSERVED',) data={'origin_price': 7407.5, 'extreme_price': 7413.0, 'origin_source': 'OBSERVATION_CONFIRMATION', 'origin_event_id': None, 'protection_level': 7355.0, 'parent_episode_id': None, 'protection_source': 'INITIAL_DIRECTIONAL_ANCHOR', 'first_adverse_bar_time': None, 'first_adverse_bar_close': None, 'first_adverse_bar_level': None, 'continuation_failure_time': None, 'reversal_leg_progress_atr': 0.0, 'reversal_leg_progress_bars': 0, 'reversal_confirmation_level': None, 'reversal_leg_failure_closes': 0, 'reversal_confirmation_source': '', 'reversal_confirmation_level_time': None}""]",[],"{""accepted_range_breakout_eligible"":true,""accepted_range_established_at"":""2026-08-03T10:03:00+05:30"",""accepted_range_high"":7370.0,""accepted_range_id"":""DYNAMIC:2026-08-03T09:45:00+05:30:2026-08-03T10:03:00+05:30"",""accepted_range_inside"":false,""accepted_range_low"":7311.0,""accepted_range_outside_atr"":1.3982999830249183,""accepted_range_position"":1.6271186440677967,""accepted_range_provisional"":false,""atr"":26.46070260256925,""close"":7407.0,""current_leg_mature"":false,""directional_bias"":""UP"",""directional_efficiency"":0.8860759493670886,""directional_efficiency_source"":""PRICE_ACTION"",""exhausted_side"":""UP"",""exhaustion_active"":true,""extension_mature"":true,""failed_extreme_observed"":false,""high"":7412.5,""low"":7396.5,""observation_state"":""CONTROLLED_PULLBACK"",""overlap_ratio"":0.7939421202579098,""range_width_atr"":2.2297215945532485,""rejection_observed"":true,""snapshot_time"":""2026-08-03T11:03:00+05:30"",""source_reason_codes"":[""MULTIBAR_CONTROLLED_ADVERSE_MOVE"",""OBSERVATION_TRANSITION_CONFIRMED"",""OBSERVATION_STATE_CONTROLLED_PULLBACK"",""OBJECTIVE_REJECTION_OBSERVED"",""OBJECTIVE_ACCEPTED_RANGE_GEOMETRY_PRESENT"",""OBJECTIVE_TREND_PROTECTION_GEOMETRY_PRESENT""],""structural_failure_confirmed"":false,""symbol"":""ABB"",""trading_day"":""2026-08-03"",""trend_direction"":""UP"",""trend_protection_level"":7355.0,""trend_protection_source"":""INITIAL_DIRECTIONAL_ANCHOR"",""trend_protection_time"":""2026-08-03T10:48:00+05:30""}","{""continuation_failure_seen"":false,""continuation_failure_time"":null,""current_state"":""MATURE"",""direction"":""UP"",""episode_id"":""DIR:ABB:2026-08-03:002:UP:110000"",""extreme_price"":7413.0,""extreme_time"":""2026-08-03T11:00:00+05:30"",""first_adverse_bar_close"":null,""first_adverse_bar_level"":null,""first_adverse_bar_time"":null,""origin_event_id"":null,""origin_price"":7407.5,""origin_source"":""OBSERVATION_CONFIRMATION"",""parent_episode_id"":null,""previous_state"":""DIRECTIONAL"",""protection_level"":7355.0,""protection_source"":""INITIAL_DIRECTIONAL_ANCHOR"",""reason_codes"":[""DIRECTIONAL_MATURITY_OBSERVED""],""rejection_seen"":false,""reversal_confirmation_breach_closes"":0,""reversal_confirmation_level"":null,""reversal_confirmation_level_time"":null,""reversal_confirmation_source"":"""",""reversal_leg_failure_closes"":0,""reversal_leg_progress_atr"":0.0,""reversal_leg_progress_bars"":0,""started_at"":""2026-08-03T11:00:00+05:30"",""state_age_bars"":1,""state_started_at"":""2026-08-03T11:03:00+05:30""}","{""attempt_limit_reached"":false,""candidate_bar_expansion_count"":0,""candidate_high"":null,""candidate_last_valid_at"":null,""candidate_low"":null,""candidate_merge_count"":0,""containment_bars"":0,""containment_ratio"":0.0,""current_state"":""NONE"",""down_escape_attempt_count"":0,""episode_id"":null,""escape_attempt_count"":0,""escape_direction"":""UNKNOWN"",""failed_escape_count"":0,""forming_bars_observed"":0,""forming_invalid_bars"":0,""frozen_high"":null,""frozen_low"":null,""last_escape_direction"":""UNKNOWN"",""last_escape_failed_at"":null,""last_escape_started_at"":null,""marginal_excursion_bars"":0,""meaningful_escape_bars"":0,""outside_close_count"":0,""previous_state"":""NONE"",""range_id"":null,""rearm_bars_elapsed"":0,""rearm_inside_close_count"":0,""rearm_required"":false,""reason_codes"":[""NO_QUALIFIED_ACCEPTED_RANGE""],""reentry_close_count"":0,""source_range_ids"":[],""started_at"":null,""state_age_bars"":0,""state_started_at"":null,""up_escape_attempt_count"":0}","{""balance_attempt_limit_reached"":false,""balance_candidate_bar_expansion_count"":0,""balance_candidate_merge_count"":0,""balance_containment_ratio"":0.0,""balance_down_escape_attempt_count"":0,""balance_escape_attempt_count"":0,""balance_failed_escape_count"":0,""balance_forming_bars_observed"":0,""balance_forming_invalid_bars"":0,""balance_last_escape_direction"":""UNKNOWN"",""balance_last_escape_failed_at"":null,""balance_last_escape_started_at"":null,""balance_marginal_excursion_bars"":0,""balance_meaningful_escape_bars"":0,""balance_rearm_bars_elapsed"":0,""balance_rearm_inside_close_count"":0,""balance_rearm_required"":false,""balance_up_escape_attempt_count"":0,""directional_origin_event_id"":null,""directional_origin_source"":""OBSERVATION_CONFIRMATION"",""directional_parent_episode_id"":null,""directional_reversal_watch_age_bars"":0,""directional_start_candidate_bars"":0,""directional_start_candidate_side"":""UNKNOWN"",""observation_accepted_range_id"":""DYNAMIC:2026-08-03T09:45:00+05:30:2026-08-03T10:03:00+05:30"",""observation_current_leg_mature"":false,""observation_directional_bias"":""UP"",""observation_exhaustion_active"":true,""observation_state"":""CONTROLLED_PULLBACK""}","{""balance"":{""attempt_limit_reached"":false,""candidate_bar_expansion_count"":0,""candidate_high"":null,""candidate_last_valid_at"":null,""candidate_low"":null,""candidate_merge_count"":0,""containment_bars"":0,""down_escape_attempt_count"":0,""emitted_event_ids"":[""BAL:ABB:2026-08-03:001:NEUTRAL:100600:BALANCE_COMPLETED:105400"",""BAL:ABB:2026-08-03:001:NEUTRAL:100600:BALANCE_ESCAPE_ACCEPTED:105100"",""BAL:ABB:2026-08-03:001:NEUTRAL:100600:BALANCE_ESCAPE_STARTED:104800"",""BAL:ABB:2026-08-03:001:NEUTRAL:100600:BALANCE_FORMING_STARTED:100600"",""BAL:ABB:2026-08-03:001:NEUTRAL:100600:BALANCE_LOCKED:102700"",""BAL:ABB:2026-08-03:001:NEUTRAL:100600:BALANCE_PROBABLE:101800""],""episode_id"":null,""escape_attempt_count"":0,""escape_direction"":""UNKNOWN"",""failed_escape_count"":0,""forming_bars_observed"":0,""forming_invalid_bars"":0,""frozen_high"":null,""frozen_low"":null,""last_escape_direction"":""UNKNOWN"",""last_escape_failed_at"":null,""last_escape_started_at"":null,""last_reason_codes"":[""NO_QUALIFIED_ACCEPTED_RANGE""],""marginal_excursion_bars"":0,""meaningful_escape_bars"":0,""outside_close_count"":0,""range_id"":null,""rearm_bars_elapsed"":0,""rearm_inside_close_count"":0,""rearm_required"":false,""reentry_close_count"":0,""sequence"":1,""source_range_ids"":[],""started_at"":null,""state"":""NONE"",""state_age_bars"":0,""state_started_at"":null,""up_escape_attempt_count"":0},""directional"":{""continuation_failure_progress_bars"":0,""continuation_failure_seen"":false,""continuation_failure_seen_at"":null,""direction"":""UP"",""emitted_event_ids"":[""DIR:ABB:2026-08-03:001:DOWN:101500:DIRECTIONAL_COMPLETED:105100"",""DIR:ABB:2026-08-03:001:DOWN:101500:DIRECTIONAL_STARTED:101500"",""DIR:ABB:2026-08-03:002:UP:110000:DIRECTIONAL_MATURED:110300"",""DIR:ABB:2026-08-03:002:UP:110000:DIRECTIONAL_STARTED:110000""],""episode_id"":""DIR:ABB:2026-08-03:002:UP:110000"",""extreme_price"":7413.0,""extreme_time"":""2026-08-03T11:00:00+05:30"",""first_adverse_bar_close"":null,""first_adverse_bar_level"":null,""first_adverse_bar_time"":null,""inactive_bars"":0,""last_close"":7407.0,""last_observation_state"":""CONTROLLED_PULLBACK"",""last_observation_state_time"":""2026-08-03T11:03:00+05:30"",""last_reason_codes"":[""DIRECTIONAL_MATURITY_OBSERVED""],""opposite_control_bars"":0,""origin_event_id"":null,""origin_price"":7407.5,""origin_source"":""OBSERVATION_CONFIRMATION"",""parent_episode_id"":null,""protection_level"":7355.0,""protection_source"":""INITIAL_DIRECTIONAL_ANCHOR"",""protection_time"":""2026-08-03T10:48:00+05:30"",""rejection_seen"":false,""rejection_seen_at"":null,""reversal_confirmation_breach_closes"":0,""reversal_confirmation_level"":null,""reversal_confirmation_level_time"":null,""reversal_confirmation_source"":"""",""reversal_leg_failure_closes"":0,""reversal_leg_progress_atr"":0.0,""reversal_leg_progress_bars"":0,""reversal_watch_age_bars"":0,""sequence"":2,""start_candidate_bars"":0,""start_candidate_side"":""UNKNOWN"",""started_at"":""2026-08-03T11:00:00+05:30"",""state"":""MATURE"",""state_age_bars"":1,""state_started_at"":""2026-08-03T11:03:00+05:30"",""trend_restore_bars"":0},""evidence_history"":[{""atr"":32.95698828745907,""bar"":{""body_fraction"":0.5,""close"":7326.0,""close_position"":0.13636363636363635,""direction"":""DOWN"",""high"":7335.5,""low"":7324.5,""lower_wick_fraction"":0.13636363636363635,""move_atr"":-0.16688418104311076,""move_points"":-5.5,""open"":7331.5,""snapshot_time"":""2026-08-03T10:30:00+05:30"",""upper_wick_fraction"":0.3636363636363637,""volume"":4314.0},""close"":7326.0,""trend"":{""ema_ref"":7358.71360345111,""ema_slow"":7364.499455078641,""hma_order"":""BUY"",""hma_spread_atr"":1.8810305042157016}},{""atr"":31.42434626692628,""bar"":{""body_fraction"":0.4782608695652174,""close"":7320.5,""close_position"":0.30434782608695654,""direction"":""DOWN"",""high"":7328.5,""low"":7317.0,""lower_wick_fraction"":0.30434782608695654,""move_atr"":-0.17502352963150355,""move_points"":-5.5,""open"":7326.0,""snapshot_time"":""2026-08-03T10:33:00+05:30"",""upper_wick_fraction"":0.21739130434782608,""volume"":3587.0},""close"":7320.5,""trend"":{""ema_ref"":7358.3333685909,""ema_slow"":7363.628178740451,""hma_order"":""BUY"",""hma_spread_atr"":1.93587034655245}},{""atr"":30.786892962145835,""bar"":{""body_fraction"":0.5777777777777777,""close"":7333.5,""close_position"":0.7111111111111111,""direction"":""UP"",""high"":7340.0,""low"":7317.5,""lower_wick_fraction"":0.13333333333333333,""move_atr"":0.42225761514759574,""move_points"":13.0,""open"":7320.5,""snapshot_time"":""2026-08-03T10:36:00+05:30"",""upper_wick_fraction"":0.28888888888888886,""volume"":3825.0},""close"":7333.5,""trend"":{""ema_ref"":7358.0862703959665,""ema_slow"":7363.031581141629,""hma_order"":""BUY"",""hma_spread_atr"":1.9352080877974915}},{""atr"":29.40925775056399,""bar"":{""body_fraction"":0.043478260869565216,""close"":7333.0,""close_position"":0.08695652173913043,""direction"":""DOWN"",""high"":7343.5,""low"":7332.0,""lower_wick_fraction"":0.08695652173913043,""move_atr"":-0.017001449143693923,""move_points"":-0.5,""open"":7333.5,""snapshot_time"":""2026-08-03T10:39:00+05:30"",""upper_wick_fraction"":0.8695652173913043,""volume"":2943.0},""close"":7333.0,""trend"":{""ema_ref"":7357.836655765161,""ema_slow"":7362.436896366547,""hma_order"":""BUY"",""hma_spread_atr"":1.9805629224645405}},{""atr"":28.80859648266657,""bar"":{""body_fraction"":0.1904761904761905,""close"":7337.0,""close_position"":0.1904761904761905,""direction"":""UP"",""high"":7354.0,""low"":7333.0,""lower_wick_fraction"":0.0,""move_atr"":0.1388474444566122,""move_points"":4.0,""open"":7333.0,""snapshot_time"":""2026-08-03T10:42:00+05:30"",""upper_wick_fraction"":0.8095238095238095,""volume"":6461.0},""close"":7337.0,""trend"":{""ema_ref"":7357.6293258570495,""ema_slow"":7361.933195448398,""hma_order"":""BUY"",""hma_spread_atr"":1.9728897990854912}},{""atr"":28.78655387676181,""bar"":{""body_fraction"":0.7543859649122807,""close"":7358.5,""close_position"":0.8771929824561403,""direction"":""UP"",""high"":7362.0,""low"":7333.5,""lower_wick_fraction"":0.12280701754385964,""move_atr"":0.7468764789298401,""move_points"":21.5,""open"":7337.0,""snapshot_time"":""2026-08-03T10:45:00+05:30"",""upper_wick_fraction"":0.12280701754385964,""volume"":9612.0},""close"":7358.5,""trend"":{""ema_ref"":7357.637989281357,""ema_slow"":7361.865211380113,""hma_order"":""BUY"",""hma_spread_atr"":1.9189516082822489}},{""atr"":29.623228599850258,""bar"":{""body_fraction"":0.7037037037037037,""close"":7386.5,""close_position"":0.7777777777777778,""direction"":""UP"",""high"":7395.5,""low"":7355.0,""lower_wick_fraction"":0.07407407407407407,""move_atr"":0.9620828433314008,""move_points"":28.5,""open"":7358.0,""snapshot_time"":""2026-08-03T10:48:00+05:30"",""upper_wick_fraction"":0.2222222222222222,""volume"":25435.0},""close"":7386.5,""trend"":{""ema_ref"":7357.925173467613,""ema_slow"":7362.353028976547,""hma_order"":""BUY"",""hma_spread_atr"":1.7998833824430371}},{""atr"":29.828712271289525,""bar"":{""body_fraction"":0.7692307692307693,""close"":7411.5,""close_position"":0.7692307692307693,""direction"":""UP"",""high"":7419.0,""low"":7386.5,""lower_wick_fraction"":0.0,""move_atr"":0.838118647986785,""move_points"":25.0,""open"":7386.5,""snapshot_time"":""2026-08-03T10:51:00+05:30"",""upper_wick_fraction"":0.2307692307692308,""volume"":17277.0},""close"":7411.5,""trend"":{""ema_ref"":7358.458256318681,""ema_slow"":7363.326236323545,""hma_order"":""BUY"",""hma_spread_atr"":2.0428587622200274}},{""atr"":29.733804251911703,""bar"":{""body_fraction"":0.05263157894736842,""close"":7411.5,""close_position"":0.6666666666666666,""direction"":""UP"",""high"":7421.0,""low"":7392.5,""lower_wick_fraction"":0.6140350877192983,""move_atr"":0.05044763150021609,""move_points"":1.5,""open"":7410.0,""snapshot_time"":""2026-08-03T10:54:00+05:30"",""upper_wick_fraction"":0.3333333333333333,""volume"":10233.0},""close"":7411.5,""trend"":{""ema_ref"":7358.986034862774,""ema_slow"":7364.28017223793,""hma_order"":""BUY"",""hma_spread_atr"":2.7146170400432696}},{""atr"":28.324246805346583,""bar"":{""body_fraction"":0.2,""close"":7409.5,""close_position"":0.45,""direction"":""DOWN"",""high"":7415.0,""low"":7405.0,""lower_wick_fraction"":0.45,""move_atr"":-0.07061088027316839,""move_points"":-2.0,""open"":7411.5,""snapshot_time"":""2026-08-03T10:57:00+05:30"",""upper_wick_fraction"":0.35,""volume"":3818.0},""close"":7409.5,""trend"":{""ema_ref"":7359.488661381553,""ema_slow"":7365.175614371832,""hma_order"":""BUY"",""hma_spread_atr"":3.3868453953614424}},{""atr"":27.265372033536114,""bar"":{""body_fraction"":0.1111111111111111,""close"":7407.5,""close_position"":0.5925925925925926,""direction"":""DOWN"",""high"":7413.0,""low"":7399.5,""lower_wick_fraction"":0.5925925925925926,""move_atr"":-0.05501483706714202,""move_points"":-1.5,""open"":7409.0,""snapshot_time"":""2026-08-03T11:00:00+05:30"",""upper_wick_fraction"":0.2962962962962963,""volume"":3169.0},""close"":7407.5,""trend"":{""ema_ref"":7359.966386143927,""ema_slow"":7366.013721017935,""hma_order"":""BUY"",""hma_spread_atr"":3.8507515182422294}},{""atr"":26.46070260256925,""bar"":{""body_fraction"":0.03125,""close"":7407.0,""close_position"":0.65625,""direction"":""DOWN"",""high"":7412.5,""low"":7396.5,""lower_wick_fraction"":0.65625,""move_atr"":-0.018895945716552953,""move_points"":-0.5,""open"":7407.5,""snapshot_time"":""2026-08-03T11:03:00+05:30"",""upper_wick_fraction"":0.3125,""volume"":4136.0},""close"":7407.0,""trend"":{""ema_ref"":7360.434382301699,""ema_slow"":7366.825330502727,""hma_order"":""BUY"",""hma_spread_atr"":4.097286259360359}}],""last_observation_hash"":""df815606fe3a16c65ac8c8e7e0a06eede3923045adc5ac98e4e5cf0fd10d9a24"",""last_snapshot_time"":""2026-08-03T11:03:00+05:30"",""observation"":{""compression_box_high"":null,""compression_box_low"":null,""compression_candidate_bars"":0,""current_state"":""CONTROLLED_PULLBACK"",""established_side"":""UP"",""exhaustion_active"":true,""exhaustion_age_bars"":4,""exhaustion_clear_bars"":0,""exhaustion_last_seen_at"":""2026-08-03T11:03:00+05:30"",""exhaustion_side"":""UP"",""exhaustion_started_at"":""2026-08-03T10:54:00+05:30"",""failure_breach_bars"":0,""last_close"":7407.0,""last_reason_codes"":[""MULTIBAR_CONTROLLED_ADVERSE_MOVE"",""OBSERVATION_TRANSITION_CONFIRMED"",""OBSERVATION_STATE_CONTROLLED_PULLBACK""],""last_snapshot_time"":""2026-08-03T11:03:00+05:30"",""leg_age_bars"":6,""leg_anchor_price"":7355.0,""leg_anchor_time"":""2026-08-03T10:48:00+05:30"",""leg_extreme_price"":7421.0,""leg_maturity_consumed"":false,""leg_maturity_extreme_price"":null,""leg_maturity_onset_time"":null,""leg_no_progress_bars"":3,""observation_count"":37,""pending_bars"":0,""pending_state"":null,""protection_level"":7355.0,""protection_source"":""INITIAL_DIRECTIONAL_ANCHOR"",""protection_time"":""2026-08-03T10:48:00+05:30"",""pullback_age_bars"":1,""pullback_candidate_bars"":2,""pullback_extreme_price"":7396.5,""reacceleration_age_bars"":0,""recompression_age_bars"":0,""reversal_confirmation_bars"":0,""reversal_side"":""UP"",""state_age_bars"":1,""trading_day"":""2026-08-03"",""trend_anchor_price"":7355.0,""trend_candidate_bars"":7,""trend_candidate_side"":""UP"",""trend_extreme_price"":7421.0,""trend_failure_age_bars"":0,""trend_onset_time"":""2026-08-03T10:48:00+05:30""},""symbol"":""ABB"",""trading_day"":""2026-08-03""}"
restoration-v3-current-day,development,restoration-trend-control-v3,backtest-default,OK,,,,ABB,2026-08-03,2026-08-03T11:06:00+05:30,2026-08-03T11:03:00+05:30,SNAPSHOT_AUCTION_AUTHORITY_V3A,3m,True,True,7406.0,2026-08-03T11:06:00,7405.0,7407.5,7396.0,7406.0,7664.0,25.39208098810002,TRENDING_UP,BUY,candidate_has_directional_efficiency_or_displacement,RANGE_ACCEPTED,DYNAMIC:2026-08-03T09:45:00+05:30:2026-08-03T10:03:00+05:30,7311.0,7370.0,21,ok,DOWN_SLOWING,-0.02953676779589223,-0.05415074095913575,OK,INCREMENTAL_PREVIOUS_SNAPSHOT,AUTOTRADES_AUCTION_ENGINE,1.1.0,,,CONTROLLED_PULLBACK,UP,UP,True,True,True,UP,True,False,False,7355.0,INITIAL_DIRECTIONAL_ANCHOR,2026-08-03T10:48:00+05:30,DYNAMIC:2026-08-03T09:45:00+05:30:2026-08-03T10:03:00+05:30,7311.0,7370.0,False,1.6101694915254237,0.811965811965812,PRICE_ACTION,0.9298618526993814,CONTROLLED_PULLBACK_OBSERVATION_ACTIVE|OBSERVATION_PROPOSAL_MATCHED_CURRENT|OBSERVATION_STATE_CONTROLLED_PULLBACK|OBJECTIVE_REJECTION_OBSERVED|OBJECTIVE_ACCEPTED_RANGE_GEOMETRY_PRESENT|OBJECTIVE_TREND_PROTECTION_GEOMETRY_PRESENT,DIR:ABB:2026-08-03:002:UP:110000,MATURE,REVERSAL_WATCH,UP,OBSERVATION_CONFIRMATION,,,2026-08-03T11:00:00+05:30,2026-08-03T11:06:00+05:30,1,7407.5,7413.0,2026-08-03T11:00:00+05:30,7355.0,INITIAL_DIRECTIONAL_ANCHOR,7396.0,OBSERVATION_REJECTION_OR_FAILED_EXTREME:BAR_LOW,2026-08-03T11:06:00+05:30,0,0.0,0,True,REVERSAL_WATCH_TRIGGERED,2,UNKNOWN,0,1,0,0,0,CONTROLLED_PULLBACK,2026-08-03T11:06:00+05:30,REVERSAL_WATCH_TRIGGERED,,NONE,NONE,0,,,,,,UNKNOWN,0,0,0,0,False,False,NO_QUALIFIED_ACCEPTED_RANGE,1,DIR:ABB:2026-08-03:002:UP:110000:REVERSAL_WATCH_STARTED:110600,REVERSAL_WATCH_STARTED,UP,DIR:ABB:2026-08-03:002:UP:110000,"REVERSAL_WATCH_STARTED:EXHAUSTION_CONTEXT_ACTIVE,REJECTION_OBSERVED",0,,,,,MATCH,MATCH,CONFLICT,MATCH,False,0,False,False,True,True,EPISODE_SLOPE_CONFLICT,TRANSITIONAL_CONFLICT,"[""event_id='DIR:ABB:2026-08-03:002:UP:110000:REVERSAL_WATCH_STARTED:110600' event_type=<AuctionEventType.REVERSAL_WATCH_STARTED: 'REVERSAL_WATCH_STARTED'> episode_id='DIR:ABB:2026-08-03:002:UP:110000' symbol='ABB' trading_day=datetime.date(2026, 8, 3) event_time=datetime.datetime(2026, 8, 3, 11, 6, tzinfo=TzInfo(19800)) direction=<DirectionalBias.UP: 'UP'> reason_codes=('EXHAUSTION_CONTEXT_ACTIVE', 'REJECTION_OBSERVED') data={'origin_price': 7407.5, 'extreme_price': 7413.0, 'origin_source': 'OBSERVATION_CONFIRMATION', 'origin_event_id': None, 'protection_level': 7355.0, 'parent_episode_id': None, 'protection_source': 'INITIAL_DIRECTIONAL_ANCHOR', 'first_adverse_bar_time': None, 'first_adverse_bar_close': None, 'first_adverse_bar_level': None, 'continuation_failure_time': None, 'reversal_leg_progress_atr': 0.0, 'reversal_leg_progress_bars': 0, 'reversal_confirmation_level': None, 'reversal_leg_failure_closes': 0, 'reversal_confirmation_source': '', 'reversal_confirmation_level_time': None}""]",[],"{""accepted_range_breakout_eligible"":true,""accepted_range_established_at"":""2026-08-03T10:03:00+05:30"",""accepted_range_high"":7370.0,""accepted_range_id"":""DYNAMIC:2026-08-03T09:45:00+05:30:2026-08-03T10:03:00+05:30"",""accepted_range_inside"":false,""accepted_range_low"":7311.0,""accepted_range_outside_atr"":1.417764854202827,""accepted_range_position"":1.6101694915254237,""accepted_range_provisional"":false,""atr"":25.39208098810002,""close"":7406.0,""current_leg_mature"":true,""directional_bias"":""UP"",""directional_efficiency"":0.811965811965812,""directional_efficiency_source"":""PRICE_ACTION"",""exhausted_side"":""UP"",""exhaustion_active"":true,""extension_mature"":true,""failed_extreme_observed"":false,""high"":7407.5,""low"":7396.0,""observation_state"":""CONTROLLED_PULLBACK"",""overlap_ratio"":0.9298618526993814,""range_width_atr"":2.323559066610189,""rejection_observed"":true,""snapshot_time"":""2026-08-03T11:06:00+05:30"",""source_reason_codes"":[""CONTROLLED_PULLBACK_OBSERVATION_ACTIVE"",""OBSERVATION_PROPOSAL_MATCHED_CURRENT"",""OBSERVATION_STATE_CONTROLLED_PULLBACK"",""OBJECTIVE_REJECTION_OBSERVED"",""OBJECTIVE_ACCEPTED_RANGE_GEOMETRY_PRESENT"",""OBJECTIVE_TREND_PROTECTION_GEOMETRY_PRESENT""],""structural_failure_confirmed"":false,""symbol"":""ABB"",""trading_day"":""2026-08-03"",""trend_direction"":""UP"",""trend_protection_level"":7355.0,""trend_protection_source"":""INITIAL_DIRECTIONAL_ANCHOR"",""trend_protection_time"":""2026-08-03T10:48:00+05:30""}","{""continuation_failure_seen"":true,""continuation_failure_time"":""2026-08-03T11:06:00+05:30"",""current_state"":""REVERSAL_WATCH"",""direction"":""UP"",""episode_id"":""DIR:ABB:2026-08-03:002:UP:110000"",""extreme_price"":7413.0,""extreme_time"":""2026-08-03T11:00:00+05:30"",""first_adverse_bar_close"":7406.0,""first_adverse_bar_level"":7396.0,""first_adverse_bar_time"":""2026-08-03T11:06:00+05:30"",""origin_event_id"":null,""origin_price"":7407.5,""origin_source"":""OBSERVATION_CONFIRMATION"",""parent_episode_id"":null,""previous_state"":""MATURE"",""protection_level"":7355.0,""protection_source"":""INITIAL_DIRECTIONAL_ANCHOR"",""reason_codes"":[""REVERSAL_WATCH_TRIGGERED""],""rejection_seen"":true,""reversal_confirmation_breach_closes"":0,""reversal_confirmation_level"":7396.0,""reversal_confirmation_level_time"":""2026-08-03T11:06:00+05:30"",""reversal_confirmation_source"":""OBSERVATION_REJECTION_OR_FAILED_EXTREME:BAR_LOW"",""reversal_leg_failure_closes"":0,""reversal_leg_progress_atr"":0.0,""reversal_leg_progress_bars"":0,""started_at"":""2026-08-03T11:00:00+05:30"",""state_age_bars"":1,""state_started_at"":""2026-08-03T11:06:00+05:30""}","{""attempt_limit_reached"":false,""candidate_bar_expansion_count"":0,""candidate_high"":null,""candidate_last_valid_at"":null,""candidate_low"":null,""candidate_merge_count"":0,""containment_bars"":0,""containment_ratio"":0.0,""current_state"":""NONE"",""down_escape_attempt_count"":0,""episode_id"":null,""escape_attempt_count"":0,""escape_direction"":""UNKNOWN"",""failed_escape_count"":0,""forming_bars_observed"":0,""forming_invalid_bars"":0,""frozen_high"":null,""frozen_low"":null,""last_escape_direction"":""UNKNOWN"",""last_escape_failed_at"":null,""last_escape_started_at"":null,""marginal_excursion_bars"":0,""meaningful_escape_bars"":0,""outside_close_count"":0,""previous_state"":""NONE"",""range_id"":null,""rearm_bars_elapsed"":0,""rearm_inside_close_count"":0,""rearm_required"":false,""reason_codes"":[""NO_QUALIFIED_ACCEPTED_RANGE""],""reentry_close_count"":0,""source_range_ids"":[],""started_at"":null,""state_age_bars"":0,""state_started_at"":null,""up_escape_attempt_count"":0}","{""balance_attempt_limit_reached"":false,""balance_candidate_bar_expansion_count"":0,""balance_candidate_merge_count"":0,""balance_containment_ratio"":0.0,""balance_down_escape_attempt_count"":0,""balance_escape_attempt_count"":0,""balance_failed_escape_count"":0,""balance_forming_bars_observed"":0,""balance_forming_invalid_bars"":0,""balance_last_escape_direction"":""UNKNOWN"",""balance_last_escape_failed_at"":null,""balance_last_escape_started_at"":null,""balance_marginal_excursion_bars"":0,""balance_meaningful_escape_bars"":0,""balance_rearm_bars_elapsed"":0,""balance_rearm_inside_close_count"":0,""balance_rearm_required"":false,""balance_up_escape_attempt_count"":0,""directional_origin_event_id"":null,""directional_origin_source"":""OBSERVATION_CONFIRMATION"",""directional_parent_episode_id"":null,""directional_reversal_watch_age_bars"":1,""directional_start_candidate_bars"":0,""directional_start_candidate_side"":""UNKNOWN"",""observation_accepted_range_id"":""DYNAMIC:2026-08-03T09:45:00+05:30:2026-08-03T10:03:00+05:30"",""observation_current_leg_mature"":true,""observation_directional_bias"":""UP"",""observation_exhaustion_active"":true,""observation_state"":""CONTROLLED_PULLBACK""}","{""balance"":{""attempt_limit_reached"":false,""candidate_bar_expansion_count"":0,""candidate_high"":null,""candidate_last_valid_at"":null,""candidate_low"":null,""candidate_merge_count"":0,""containment_bars"":0,""down_escape_attempt_count"":0,""emitted_event_ids"":[""BAL:ABB:2026-08-03:001:NEUTRAL:100600:BALANCE_COMPLETED:105400"",""BAL:ABB:2026-08-03:001:NEUTRAL:100600:BALANCE_ESCAPE_ACCEPTED:105100"",""BAL:ABB:2026-08-03:001:NEUTRAL:100600:BALANCE_ESCAPE_STARTED:104800"",""BAL:ABB:2026-08-03:001:NEUTRAL:100600:BALANCE_FORMING_STARTED:100600"",""BAL:ABB:2026-08-03:001:NEUTRAL:100600:BALANCE_LOCKED:102700"",""BAL:ABB:2026-08-03:001:NEUTRAL:100600:BALANCE_PROBABLE:101800""],""episode_id"":null,""escape_attempt_count"":0,""escape_direction"":""UNKNOWN"",""failed_escape_count"":0,""forming_bars_observed"":0,""forming_invalid_bars"":0,""frozen_high"":null,""frozen_low"":null,""last_escape_direction"":""UNKNOWN"",""last_escape_failed_at"":null,""last_escape_started_at"":null,""last_reason_codes"":[""NO_QUALIFIED_ACCEPTED_RANGE""],""marginal_excursion_bars"":0,""meaningful_escape_bars"":0,""outside_close_count"":0,""range_id"":null,""rearm_bars_elapsed"":0,""rearm_inside_close_count"":0,""rearm_required"":false,""reentry_close_count"":0,""sequence"":1,""source_range_ids"":[],""started_at"":null,""state"":""NONE"",""state_age_bars"":0,""state_started_at"":null,""up_escape_attempt_count"":0},""directional"":{""continuation_failure_progress_bars"":1,""continuation_failure_seen"":true,""continuation_failure_seen_at"":""2026-08-03T11:06:00+05:30"",""direction"":""UP"",""emitted_event_ids"":[""DIR:ABB:2026-08-03:001:DOWN:101500:DIRECTIONAL_COMPLETED:105100"",""DIR:ABB:2026-08-03:001:DOWN:101500:DIRECTIONAL_STARTED:101500"",""DIR:ABB:2026-08-03:002:UP:110000:DIRECTIONAL_MATURED:110300"",""DIR:ABB:2026-08-03:002:UP:110000:DIRECTIONAL_STARTED:110000"",""DIR:ABB:2026-08-03:002:UP:110000:REVERSAL_WATCH_STARTED:110600""],""episode_id"":""DIR:ABB:2026-08-03:002:UP:110000"",""extreme_price"":7413.0,""extreme_time"":""2026-08-03T11:00:00+05:30"",""first_adverse_bar_close"":7406.0,""first_adverse_bar_level"":7396.0,""first_adverse_bar_time"":""2026-08-03T11:06:00+05:30"",""inactive_bars"":0,""last_close"":7406.0,""last_observation_state"":""CONTROLLED_PULLBACK"",""last_observation_state_time"":""2026-08-03T11:06:00+05:30"",""last_reason_codes"":[""REVERSAL_WATCH_TRIGGERED""],""opposite_control_bars"":0,""origin_event_id"":null,""origin_price"":7407.5,""origin_source"":""OBSERVATION_CONFIRMATION"",""parent_episode_id"":null,""protection_level"":7355.0,""protection_source"":""INITIAL_DIRECTIONAL_ANCHOR"",""protection_time"":""2026-08-03T10:48:00+05:30"",""rejection_seen"":true,""rejection_seen_at"":""2026-08-03T11:06:00+05:30"",""reversal_confirmation_breach_closes"":0,""reversal_confirmation_level"":7396.0,""reversal_confirmation_level_time"":""2026-08-03T11:06:00+05:30"",""reversal_confirmation_source"":""OBSERVATION_REJECTION_OR_FAILED_EXTREME:BAR_LOW"",""reversal_leg_failure_closes"":0,""reversal_leg_progress_atr"":0.0,""reversal_leg_progress_bars"":0,""reversal_watch_age_bars"":1,""sequence"":2,""start_candidate_bars"":0,""start_candidate_side"":""UNKNOWN"",""started_at"":""2026-08-03T11:00:00+05:30"",""state"":""REVERSAL_WATCH"",""state_age_bars"":1,""state_started_at"":""2026-08-03T11:06:00+05:30"",""trend_restore_bars"":0},""evidence_history"":[{""atr"":31.42434626692628,""bar"":{""body_fraction"":0.4782608695652174,""close"":7320.5,""close_position"":0.30434782608695654,""direction"":""DOWN"",""high"":7328.5,""low"":7317.0,""lower_wick_fraction"":0.30434782608695654,""move_atr"":-0.17502352963150355,""move_points"":-5.5,""open"":7326.0,""snapshot_time"":""2026-08-03T10:33:00+05:30"",""upper_wick_fraction"":0.21739130434782608,""volume"":3587.0},""close"":7320.5,""trend"":{""ema_ref"":7358.3333685909,""ema_slow"":7363.628178740451,""hma_order"":""BUY"",""hma_spread_atr"":1.93587034655245}},{""atr"":30.786892962145835,""bar"":{""body_fraction"":0.5777777777777777,""close"":7333.5,""close_position"":0.7111111111111111,""direction"":""UP"",""high"":7340.0,""low"":7317.5,""lower_wick_fraction"":0.13333333333333333,""move_atr"":0.42225761514759574,""move_points"":13.0,""open"":7320.5,""snapshot_time"":""2026-08-03T10:36:00+05:30"",""upper_wick_fraction"":0.28888888888888886,""volume"":3825.0},""close"":7333.5,""trend"":{""ema_ref"":7358.0862703959665,""ema_slow"":7363.031581141629,""hma_order"":""BUY"",""hma_spread_atr"":1.9352080877974915}},{""atr"":29.40925775056399,""bar"":{""body_fraction"":0.043478260869565216,""close"":7333.0,""close_position"":0.08695652173913043,""direction"":""DOWN"",""high"":7343.5,""low"":7332.0,""lower_wick_fraction"":0.08695652173913043,""move_atr"":-0.017001449143693923,""move_points"":-0.5,""open"":7333.5,""snapshot_time"":""2026-08-03T10:39:00+05:30"",""upper_wick_fraction"":0.8695652173913043,""volume"":2943.0},""close"":7333.0,""trend"":{""ema_ref"":7357.836655765161,""ema_slow"":7362.436896366547,""hma_order"":""BUY"",""hma_spread_atr"":1.9805629224645405}},{""atr"":28.80859648266657,""bar"":{""body_fraction"":0.1904761904761905,""close"":7337.0,""close_position"":0.1904761904761905,""direction"":""UP"",""high"":7354.0,""low"":7333.0,""lower_wick_fraction"":0.0,""move_atr"":0.1388474444566122,""move_points"":4.0,""open"":7333.0,""snapshot_time"":""2026-08-03T10:42:00+05:30"",""upper_wick_fraction"":0.8095238095238095,""volume"":6461.0},""close"":7337.0,""trend"":{""ema_ref"":7357.6293258570495,""ema_slow"":7361.933195448398,""hma_order"":""BUY"",""hma_spread_atr"":1.9728897990854912}},{""atr"":28.78655387676181,""bar"":{""body_fraction"":0.7543859649122807,""close"":7358.5,""close_position"":0.8771929824561403,""direction"":""UP"",""high"":7362.0,""low"":7333.5,""lower_wick_fraction"":0.12280701754385964,""move_atr"":0.7468764789298401,""move_points"":21.5,""open"":7337.0,""snapshot_time"":""2026-08-03T10:45:00+05:30"",""upper_wick_fraction"":0.12280701754385964,""volume"":9612.0},""close"":7358.5,""trend"":{""ema_ref"":7357.637989281357,""ema_slow"":7361.865211380113,""hma_order"":""BUY"",""hma_spread_atr"":1.9189516082822489}},{""atr"":29.623228599850258,""bar"":{""body_fraction"":0.7037037037037037,""close"":7386.5,""close_position"":0.7777777777777778,""direction"":""UP"",""high"":7395.5,""low"":7355.0,""lower_wick_fraction"":0.07407407407407407,""move_atr"":0.9620828433314008,""move_points"":28.5,""open"":7358.0,""snapshot_time"":""2026-08-03T10:48:00+05:30"",""upper_wick_fraction"":0.2222222222222222,""volume"":25435.0},""close"":7386.5,""trend"":{""ema_ref"":7357.925173467613,""ema_slow"":7362.353028976547,""hma_order"":""BUY"",""hma_spread_atr"":1.7998833824430371}},{""atr"":29.828712271289525,""bar"":{""body_fraction"":0.7692307692307693,""close"":7411.5,""close_position"":0.7692307692307693,""direction"":""UP"",""high"":7419.0,""low"":7386.5,""lower_wick_fraction"":0.0,""move_atr"":0.838118647986785,""move_points"":25.0,""open"":7386.5,""snapshot_time"":""2026-08-03T10:51:00+05:30"",""upper_wick_fraction"":0.2307692307692308,""volume"":17277.0},""close"":7411.5,""trend"":{""ema_ref"":7358.458256318681,""ema_slow"":7363.326236323545,""hma_order"":""BUY"",""hma_spread_atr"":2.0428587622200274}},{""atr"":29.733804251911703,""bar"":{""body_fraction"":0.05263157894736842,""close"":7411.5,""close_position"":0.6666666666666666,""direction"":""UP"",""high"":7421.0,""low"":7392.5,""lower_wick_fraction"":0.6140350877192983,""move_atr"":0.05044763150021609,""move_points"":1.5,""open"":7410.0,""snapshot_time"":""2026-08-03T10:54:00+05:30"",""upper_wick_fraction"":0.3333333333333333,""volume"":10233.0},""close"":7411.5,""trend"":{""ema_ref"":7358.986034862774,""ema_slow"":7364.28017223793,""hma_order"":""BUY"",""hma_spread_atr"":2.7146170400432696}},{""atr"":28.324246805346583,""bar"":{""body_fraction"":0.2,""close"":7409.5,""close_position"":0.45,""direction"":""DOWN"",""high"":7415.0,""low"":7405.0,""lower_wick_fraction"":0.45,""move_atr"":-0.07061088027316839,""move_points"":-2.0,""open"":7411.5,""snapshot_time"":""2026-08-03T10:57:00+05:30"",""upper_wick_fraction"":0.35,""volume"":3818.0},""close"":7409.5,""trend"":{""ema_ref"":7359.488661381553,""ema_slow"":7365.175614371832,""hma_order"":""BUY"",""hma_spread_atr"":3.3868453953614424}},{""atr"":27.265372033536114,""bar"":{""body_fraction"":0.1111111111111111,""close"":7407.5,""close_position"":0.5925925925925926,""direction"":""DOWN"",""high"":7413.0,""low"":7399.5,""lower_wick_fraction"":0.5925925925925926,""move_atr"":-0.05501483706714202,""move_points"":-1.5,""open"":7409.0,""snapshot_time"":""2026-08-03T11:00:00+05:30"",""upper_wick_fraction"":0.2962962962962963,""volume"":3169.0},""close"":7407.5,""trend"":{""ema_ref"":7359.966386143927,""ema_slow"":7366.013721017935,""hma_order"":""BUY"",""hma_spread_atr"":3.8507515182422294}},{""atr"":26.46070260256925,""bar"":{""body_fraction"":0.03125,""close"":7407.0,""close_position"":0.65625,""direction"":""DOWN"",""high"":7412.5,""low"":7396.5,""lower_wick_fraction"":0.65625,""move_atr"":-0.018895945716552953,""move_points"":-0.5,""open"":7407.5,""snapshot_time"":""2026-08-03T11:03:00+05:30"",""upper_wick_fraction"":0.3125,""volume"":4136.0},""close"":7407.0,""trend"":{""ema_ref"":7360.434382301699,""ema_slow"":7366.825330502727,""hma_order"":""BUY"",""hma_spread_atr"":4.097286259360359}},{""atr"":25.39208098810002,""bar"":{""body_fraction"":0.08695652173913043,""close"":7406.0,""close_position"":0.8695652173913043,""direction"":""UP"",""high"":7407.5,""low"":7396.0,""lower_wick_fraction"":0.782608695652174,""move_atr"":0.03938235706118963,""move_points"":1.0,""open"":7405.0,""snapshot_time"":""2026-08-03T11:06:00+05:30"",""upper_wick_fraction"":0.13043478260869565,""volume"":7664.0},""close"":7406.0,""trend"":{""ema_ref"":7360.887771532528,""ema_slow"":7367.601066532376,""hma_order"":""BUY"",""hma_spread_atr"":4.20393668290585}}],""last_observation_hash"":""73a55adb56d4ea115d29d38ce2ae7b5a931b87327f6eb335a12f6730add2d79f"",""last_snapshot_time"":""2026-08-03T11:06:00+05:30"",""observation"":{""compression_box_high"":null,""compression_box_low"":null,""compression_candidate_bars"":0,""current_state"":""CONTROLLED_PULLBACK"",""established_side"":""UP"",""exhaustion_active"":true,""exhaustion_age_bars"":5,""exhaustion_clear_bars"":0,""exhaustion_last_seen_at"":""2026-08-03T11:06:00+05:30"",""exhaustion_side"":""UP"",""exhaustion_started_at"":""2026-08-03T10:54:00+05:30"",""failure_breach_bars"":0,""last_close"":7406.0,""last_reason_codes"":[""CONTROLLED_PULLBACK_OBSERVATION_ACTIVE"",""OBSERVATION_PROPOSAL_MATCHED_CURRENT"",""OBSERVATION_STATE_CONTROLLED_PULLBACK""],""last_snapshot_time"":""2026-08-03T11:06:00+05:30"",""leg_age_bars"":7,""leg_anchor_price"":7355.0,""leg_anchor_time"":""2026-08-03T10:48:00+05:30"",""leg_extreme_price"":7421.0,""leg_maturity_consumed"":false,""leg_maturity_extreme_price"":null,""leg_maturity_onset_time"":null,""leg_no_progress_bars"":4,""observation_count"":38,""pending_bars"":0,""pending_state"":null,""protection_level"":7355.0,""protection_source"":""INITIAL_DIRECTIONAL_ANCHOR"",""protection_time"":""2026-08-03T10:48:00+05:30"",""pullback_age_bars"":2,""pullback_candidate_bars"":0,""pullback_extreme_price"":7396.0,""reacceleration_age_bars"":0,""recompression_age_bars"":0,""reversal_confirmation_bars"":0,""reversal_side"":""UP"",""state_age_bars"":2,""trading_day"":""2026-08-03"",""trend_anchor_price"":7355.0,""trend_candidate_bars"":8,""trend_candidate_side"":""UP"",""trend_extreme_price"":7421.0,""trend_failure_age_bars"":0,""trend_onset_time"":""2026-08-03T10:48:00+05:30""},""symbol"":""ABB"",""trading_day"":""2026-08-03""}"
restoration-v3-current-day,development,restoration-trend-control-v3,backtest-default,OK,,,,ABB,2026-08-03,2026-08-03T11:09:00+05:30,2026-08-03T11:06:00+05:30,SNAPSHOT_AUCTION_AUTHORITY_V3A,3m,True,True,7414.0,2026-08-03T11:09:00,7406.5,7416.5,7404.5,7414.0,5387.0,24.435503774664305,TRENDING_DOWN,BUY,candidate_has_directional_efficiency_or_displacement,RANGE_ACCEPTED,DYNAMIC:2026-08-03T09:45:00+05:30:2026-08-03T10:03:00+05:30,7311.0,7370.0,22,ok,UP_ACCELERATING,0.1432342067622497,0.046039566459294544,OK,INCREMENTAL_PREVIOUS_SNAPSHOT,AUTOTRADES_AUCTION_ENGINE,1.1.0,,,CONTROLLED_PULLBACK,UP,UP,True,True,True,UP,False,False,False,7355.0,INITIAL_DIRECTIONAL_ANCHOR,2026-08-03T10:48:00+05:30,DYNAMIC:2026-08-03T09:45:00+05:30:2026-08-03T10:03:00+05:30,7311.0,7370.0,False,1.7457627118644068,0.7142857142857143,PRICE_ACTION,0.7960708534621579,CONTROLLED_PULLBACK_OBSERVATION_ACTIVE|OBSERVATION_PROPOSAL_MATCHED_CURRENT|OBSERVATION_STATE_CONTROLLED_PULLBACK|OBJECTIVE_ACCEPTED_RANGE_GEOMETRY_PRESENT|OBJECTIVE_TREND_PROTECTION_GEOMETRY_PRESENT,DIR:ABB:2026-08-03:002:UP:110000,REVERSAL_WATCH,REVERSAL_WATCH,UP,OBSERVATION_CONFIRMATION,,,2026-08-03T11:00:00+05:30,2026-08-03T11:06:00+05:30,2,7407.5,7416.5,2026-08-03T11:09:00+05:30,7355.0,INITIAL_DIRECTIONAL_ANCHOR,,,,0,0.0,0,False,REVERSAL_WATCH_RETAINED,2,UNKNOWN,0,2,0,0,0,CONTROLLED_PULLBACK,2026-08-03T11:09:00+05:30,REVERSAL_WATCH_RETAINED,,NONE,NONE,0,,,,,,UNKNOWN,0,0,0,0,False,False,NO_QUALIFIED_ACCEPTED_RANGE,0,,,,,,0,,,,,MATCH,MATCH,MATCH,MATCH,False,0,False,False,False,True,,COHERENT,[],[],"{""accepted_range_breakout_eligible"":true,""accepted_range_established_at"":""2026-08-03T10:03:00+05:30"",""accepted_range_high"":7370.0,""accepted_range_id"":""DYNAMIC:2026-08-03T09:45:00+05:30:2026-08-03T10:03:00+05:30"",""accepted_range_inside"":false,""accepted_range_low"":7311.0,""accepted_range_outside_atr"":1.8006585992968531,""accepted_range_position"":1.7457627118644068,""accepted_range_provisional"":false,""atr"":24.435503774664305,""close"":7414.0,""current_leg_mature"":true,""directional_bias"":""UP"",""directional_efficiency"":0.7142857142857143,""directional_efficiency_source"":""PRICE_ACTION"",""exhausted_side"":""UP"",""exhaustion_active"":true,""extension_mature"":true,""failed_extreme_observed"":false,""high"":7416.5,""low"":7404.5,""observation_state"":""CONTROLLED_PULLBACK"",""overlap_ratio"":0.7960708534621579,""range_width_atr"":2.4145194854207808,""rejection_observed"":false,""snapshot_time"":""2026-08-03T11:09:00+05:30"",""source_reason_codes"":[""CONTROLLED_PULLBACK_OBSERVATION_ACTIVE"",""OBSERVATION_PROPOSAL_MATCHED_CURRENT"",""OBSERVATION_STATE_CONTROLLED_PULLBACK"",""OBJECTIVE_ACCEPTED_RANGE_GEOMETRY_PRESENT"",""OBJECTIVE_TREND_PROTECTION_GEOMETRY_PRESENT""],""structural_failure_confirmed"":false,""symbol"":""ABB"",""trading_day"":""2026-08-03"",""trend_direction"":""UP"",""trend_protection_level"":7355.0,""trend_protection_source"":""INITIAL_DIRECTIONAL_ANCHOR"",""trend_protection_time"":""2026-08-03T10:48:00+05:30""}","{""continuation_failure_seen"":false,""continuation_failure_time"":null,""current_state"":""REVERSAL_WATCH"",""direction"":""UP"",""episode_id"":""DIR:ABB:2026-08-03:002:UP:110000"",""extreme_price"":7416.5,""extreme_time"":""2026-08-03T11:09:00+05:30"",""first_adverse_bar_close"":null,""first_adverse_bar_level"":null,""first_adverse_bar_time"":null,""origin_event_id"":null,""origin_price"":7407.5,""origin_source"":""OBSERVATION_CONFIRMATION"",""parent_episode_id"":null,""previous_state"":""REVERSAL_WATCH"",""protection_level"":7355.0,""protection_source"":""INITIAL_DIRECTIONAL_ANCHOR"",""reason_codes"":[""REVERSAL_WATCH_RETAINED""],""rejection_seen"":false,""reversal_confirmation_breach_closes"":0,""reversal_confirmation_level"":null,""reversal_confirmation_level_time"":null,""reversal_confirmation_source"":"""",""reversal_leg_failure_closes"":0,""reversal_leg_progress_atr"":0.0,""reversal_leg_progress_bars"":0,""started_at"":""2026-08-03T11:00:00+05:30"",""state_age_bars"":2,""state_started_at"":""2026-08-03T11:06:00+05:30""}","{""attempt_limit_reached"":false,""candidate_bar_expansion_count"":0,""candidate_high"":null,""candidate_last_valid_at"":null,""candidate_low"":null,""candidate_merge_count"":0,""containment_bars"":0,""containment_ratio"":0.0,""current_state"":""NONE"",""down_escape_attempt_count"":0,""episode_id"":null,""escape_attempt_count"":0,""escape_direction"":""UNKNOWN"",""failed_escape_count"":0,""forming_bars_observed"":0,""forming_invalid_bars"":0,""frozen_high"":null,""frozen_low"":null,""last_escape_direction"":""UNKNOWN"",""last_escape_failed_at"":null,""last_escape_started_at"":null,""marginal_excursion_bars"":0,""meaningful_escape_bars"":0,""outside_close_count"":0,""previous_state"":""NONE"",""range_id"":null,""rearm_bars_elapsed"":0,""rearm_inside_close_count"":0,""rearm_required"":false,""reason_codes"":[""NO_QUALIFIED_ACCEPTED_RANGE""],""reentry_close_count"":0,""source_range_ids"":[],""started_at"":null,""state_age_bars"":0,""state_started_at"":null,""up_escape_attempt_count"":0}","{""balance_attempt_limit_reached"":false,""balance_candidate_bar_expansion_count"":0,""balance_candidate_merge_count"":0,""balance_containment_ratio"":0.0,""balance_down_escape_attempt_count"":0,""balance_escape_attempt_count"":0,""balance_failed_escape_count"":0,""balance_forming_bars_observed"":0,""balance_forming_invalid_bars"":0,""balance_last_escape_direction"":""UNKNOWN"",""balance_last_escape_failed_at"":null,""balance_last_escape_started_at"":null,""balance_marginal_excursion_bars"":0,""balance_meaningful_escape_bars"":0,""balance_rearm_bars_elapsed"":0,""balance_rearm_inside_close_count"":0,""balance_rearm_required"":false,""balance_up_escape_attempt_count"":0,""directional_origin_event_id"":null,""directional_origin_source"":""OBSERVATION_CONFIRMATION"",""directional_parent_episode_id"":null,""directional_reversal_watch_age_bars"":2,""directional_start_candidate_bars"":0,""directional_start_candidate_side"":""UNKNOWN"",""observation_accepted_range_id"":""DYNAMIC:2026-08-03T09:45:00+05:30:2026-08-03T10:03:00+05:30"",""observation_current_leg_mature"":true,""observation_directional_bias"":""UP"",""observation_exhaustion_active"":true,""observation_state"":""CONTROLLED_PULLBACK""}","{""balance"":{""attempt_limit_reached"":false,""candidate_bar_expansion_count"":0,""candidate_high"":null,""candidate_last_valid_at"":null,""candidate_low"":null,""candidate_merge_count"":0,""containment_bars"":0,""down_escape_attempt_count"":0,""emitted_event_ids"":[""BAL:ABB:2026-08-03:001:NEUTRAL:100600:BALANCE_COMPLETED:105400"",""BAL:ABB:2026-08-03:001:NEUTRAL:100600:BALANCE_ESCAPE_ACCEPTED:105100"",""BAL:ABB:2026-08-03:001:NEUTRAL:100600:BALANCE_ESCAPE_STARTED:104800"",""BAL:ABB:2026-08-03:001:NEUTRAL:100600:BALANCE_FORMING_STARTED:100600"",""BAL:ABB:2026-08-03:001:NEUTRAL:100600:BALANCE_LOCKED:102700"",""BAL:ABB:2026-08-03:001:NEUTRAL:100600:BALANCE_PROBABLE:101800""],""episode_id"":null,""escape_attempt_count"":0,""escape_direction"":""UNKNOWN"",""failed_escape_count"":0,""forming_bars_observed"":0,""forming_invalid_bars"":0,""frozen_high"":null,""frozen_low"":null,""last_escape_direction"":""UNKNOWN"",""last_escape_failed_at"":null,""last_escape_started_at"":null,""last_reason_codes"":[""NO_QUALIFIED_ACCEPTED_RANGE""],""marginal_excursion_bars"":0,""meaningful_escape_bars"":0,""outside_close_count"":0,""range_id"":null,""rearm_bars_elapsed"":0,""rearm_inside_close_count"":0,""rearm_required"":false,""reentry_close_count"":0,""sequence"":1,""source_range_ids"":[],""started_at"":null,""state"":""NONE"",""state_age_bars"":0,""state_started_at"":null,""up_escape_attempt_count"":0},""directional"":{""continuation_failure_progress_bars"":0,""continuation_failure_seen"":false,""continuation_failure_seen_at"":null,""direction"":""UP"",""emitted_event_ids"":[""DIR:ABB:2026-08-03:001:DOWN:101500:DIRECTIONAL_COMPLETED:105100"",""DIR:ABB:2026-08-03:001:DOWN:101500:DIRECTIONAL_STARTED:101500"",""DIR:ABB:2026-08-03:002:UP:110000:DIRECTIONAL_MATURED:110300"",""DIR:ABB:2026-08-03:002:UP:110000:DIRECTIONAL_STARTED:110000"",""DIR:ABB:2026-08-03:002:UP:110000:REVERSAL_WATCH_STARTED:110600""],""episode_id"":""DIR:ABB:2026-08-03:002:UP:110000"",""extreme_price"":7416.5,""extreme_time"":""2026-08-03T11:09:00+05:30"",""first_adverse_bar_close"":null,""first_adverse_bar_level"":null,""first_adverse_bar_time"":null,""inactive_bars"":0,""last_close"":7414.0,""last_observation_state"":""CONTROLLED_PULLBACK"",""last_observation_state_time"":""2026-08-03T11:09:00+05:30"",""last_reason_codes"":[""REVERSAL_WATCH_RETAINED""],""opposite_control_bars"":0,""origin_event_id"":null,""origin_price"":7407.5,""origin_source"":""OBSERVATION_CONFIRMATION"",""parent_episode_id"":null,""protection_level"":7355.0,""protection_source"":""INITIAL_DIRECTIONAL_ANCHOR"",""protection_time"":""2026-08-03T10:48:00+05:30"",""rejection_seen"":false,""rejection_seen_at"":null,""reversal_confirmation_breach_closes"":0,""reversal_confirmation_level"":null,""reversal_confirmation_level_time"":null,""reversal_confirmation_source"":"""",""reversal_leg_failure_closes"":0,""reversal_leg_progress_atr"":0.0,""reversal_leg_progress_bars"":0,""reversal_watch_age_bars"":2,""sequence"":2,""start_candidate_bars"":0,""start_candidate_side"":""UNKNOWN"",""started_at"":""2026-08-03T11:00:00+05:30"",""state"":""REVERSAL_WATCH"",""state_age_bars"":2,""state_started_at"":""2026-08-03T11:06:00+05:30"",""trend_restore_bars"":0},""evidence_history"":[{""atr"":30.786892962145835,""bar"":{""body_fraction"":0.5777777777777777,""close"":7333.5,""close_position"":0.7111111111111111,""direction"":""UP"",""high"":7340.0,""low"":7317.5,""lower_wick_fraction"":0.13333333333333333,""move_atr"":0.42225761514759574,""move_points"":13.0,""open"":7320.5,""snapshot_time"":""2026-08-03T10:36:00+05:30"",""upper_wick_fraction"":0.28888888888888886,""volume"":3825.0},""close"":7333.5,""trend"":{""ema_ref"":7358.0862703959665,""ema_slow"":7363.031581141629,""hma_order"":""BUY"",""hma_spread_atr"":1.9352080877974915}},{""atr"":29.40925775056399,""bar"":{""body_fraction"":0.043478260869565216,""close"":7333.0,""close_position"":0.08695652173913043,""direction"":""DOWN"",""high"":7343.5,""low"":7332.0,""lower_wick_fraction"":0.08695652173913043,""move_atr"":-0.017001449143693923,""move_points"":-0.5,""open"":7333.5,""snapshot_time"":""2026-08-03T10:39:00+05:30"",""upper_wick_fraction"":0.8695652173913043,""volume"":2943.0},""close"":7333.0,""trend"":{""ema_ref"":7357.836655765161,""ema_slow"":7362.436896366547,""hma_order"":""BUY"",""hma_spread_atr"":1.9805629224645405}},{""atr"":28.80859648266657,""bar"":{""body_fraction"":0.1904761904761905,""close"":7337.0,""close_position"":0.1904761904761905,""direction"":""UP"",""high"":7354.0,""low"":7333.0,""lower_wick_fraction"":0.0,""move_atr"":0.1388474444566122,""move_points"":4.0,""open"":7333.0,""snapshot_time"":""2026-08-03T10:42:00+05:30"",""upper_wick_fraction"":0.8095238095238095,""volume"":6461.0},""close"":7337.0,""trend"":{""ema_ref"":7357.6293258570495,""ema_slow"":7361.933195448398,""hma_order"":""BUY"",""hma_spread_atr"":1.9728897990854912}},{""atr"":28.78655387676181,""bar"":{""body_fraction"":0.7543859649122807,""close"":7358.5,""close_position"":0.8771929824561403,""direction"":""UP"",""high"":7362.0,""low"":7333.5,""lower_wick_fraction"":0.12280701754385964,""move_atr"":0.7468764789298401,""move_points"":21.5,""open"":7337.0,""snapshot_time"":""2026-08-03T10:45:00+05:30"",""upper_wick_fraction"":0.12280701754385964,""volume"":9612.0},""close"":7358.5,""trend"":{""ema_ref"":7357.637989281357,""ema_slow"":7361.865211380113,""hma_order"":""BUY"",""hma_spread_atr"":1.9189516082822489}},{""atr"":29.623228599850258,""bar"":{""body_fraction"":0.7037037037037037,""close"":7386.5,""close_position"":0.7777777777777778,""direction"":""UP"",""high"":7395.5,""low"":7355.0,""lower_wick_fraction"":0.07407407407407407,""move_atr"":0.9620828433314008,""move_points"":28.5,""open"":7358.0,""snapshot_time"":""2026-08-03T10:48:00+05:30"",""upper_wick_fraction"":0.2222222222222222,""volume"":25435.0},""close"":7386.5,""trend"":{""ema_ref"":7357.925173467613,""ema_slow"":7362.353028976547,""hma_order"":""BUY"",""hma_spread_atr"":1.7998833824430371}},{""atr"":29.828712271289525,""bar"":{""body_fraction"":0.7692307692307693,""close"":7411.5,""close_position"":0.7692307692307693,""direction"":""UP"",""high"":7419.0,""low"":7386.5,""lower_wick_fraction"":0.0,""move_atr"":0.838118647986785,""move_points"":25.0,""open"":7386.5,""snapshot_time"":""2026-08-03T10:51:00+05:30"",""upper_wick_fraction"":0.2307692307692308,""volume"":17277.0},""close"":7411.5,""trend"":{""ema_ref"":7358.458256318681,""ema_slow"":7363.326236323545,""hma_order"":""BUY"",""hma_spread_atr"":2.0428587622200274}},{""atr"":29.733804251911703,""bar"":{""body_fraction"":0.05263157894736842,""close"":7411.5,""close_position"":0.6666666666666666,""direction"":""UP"",""high"":7421.0,""low"":7392.5,""lower_wick_fraction"":0.6140350877192983,""move_atr"":0.05044763150021609,""move_points"":1.5,""open"":7410.0,""snapshot_time"":""2026-08-03T10:54:00+05:30"",""upper_wick_fraction"":0.3333333333333333,""volume"":10233.0},""close"":7411.5,""trend"":{""ema_ref"":7358.986034862774,""ema_slow"":7364.28017223793,""hma_order"":""BUY"",""hma_spread_atr"":2.7146170400432696}},{""atr"":28.324246805346583,""bar"":{""body_fraction"":0.2,""close"":7409.5,""close_position"":0.45,""direction"":""DOWN"",""high"":7415.0,""low"":7405.0,""lower_wick_fraction"":0.45,""move_atr"":-0.07061088027316839,""move_points"":-2.0,""open"":7411.5,""snapshot_time"":""2026-08-03T10:57:00+05:30"",""upper_wick_fraction"":0.35,""volume"":3818.0},""close"":7409.5,""trend"":{""ema_ref"":7359.488661381553,""ema_slow"":7365.175614371832,""hma_order"":""BUY"",""hma_spread_atr"":3.3868453953614424}},{""atr"":27.265372033536114,""bar"":{""body_fraction"":0.1111111111111111,""close"":7407.5,""close_position"":0.5925925925925926,""direction"":""DOWN"",""high"":7413.0,""low"":7399.5,""lower_wick_fraction"":0.5925925925925926,""move_atr"":-0.05501483706714202,""move_points"":-1.5,""open"":7409.0,""snapshot_time"":""2026-08-03T11:00:00+05:30"",""upper_wick_fraction"":0.2962962962962963,""volume"":3169.0},""close"":7407.5,""trend"":{""ema_ref"":7359.966386143927,""ema_slow"":7366.013721017935,""hma_order"":""BUY"",""hma_spread_atr"":3.8507515182422294}},{""atr"":26.46070260256925,""bar"":{""body_fraction"":0.03125,""close"":7407.0,""close_position"":0.65625,""direction"":""DOWN"",""high"":7412.5,""low"":7396.5,""lower_wick_fraction"":0.65625,""move_atr"":-0.018895945716552953,""move_points"":-0.5,""open"":7407.5,""snapshot_time"":""2026-08-03T11:03:00+05:30"",""upper_wick_fraction"":0.3125,""volume"":4136.0},""close"":7407.0,""trend"":{""ema_ref"":7360.434382301699,""ema_slow"":7366.825330502727,""hma_order"":""BUY"",""hma_spread_atr"":4.097286259360359}},{""atr"":25.39208098810002,""bar"":{""body_fraction"":0.08695652173913043,""close"":7406.0,""close_position"":0.8695652173913043,""direction"":""UP"",""high"":7407.5,""low"":7396.0,""lower_wick_fraction"":0.782608695652174,""move_atr"":0.03938235706118963,""move_points"":1.0,""open"":7405.0,""snapshot_time"":""2026-08-03T11:06:00+05:30"",""upper_wick_fraction"":0.13043478260869565,""volume"":7664.0},""close"":7406.0,""trend"":{""ema_ref"":7360.887771532528,""ema_slow"":7367.601066532376,""hma_order"":""BUY"",""hma_spread_atr"":4.20393668290585}},{""atr"":24.435503774664305,""bar"":{""body_fraction"":0.625,""close"":7414.0,""close_position"":0.7916666666666666,""direction"":""UP"",""high"":7416.5,""low"":7404.5,""lower_wick_fraction"":0.16666666666666666,""move_atr"":0.30693044306196365,""move_points"":7.5,""open"":7406.5,""snapshot_time"":""2026-08-03T11:09:00+05:30"",""upper_wick_fraction"":0.20833333333333337,""volume"":5387.0},""close"":7414.0,""trend"":{""ema_ref"":7361.416251417777,""ema_slow"":7368.519857294112,""hma_order"":""BUY"",""hma_spread_atr"":4.195349727093521}}],""last_observation_hash"":""d64b55db366c9e6535c9f254a081996a6a77e5cb2e2765d2b8f46b17c7a1183a"",""last_snapshot_time"":""2026-08-03T11:09:00+05:30"",""observation"":{""compression_box_high"":null,""compression_box_low"":null,""compression_candidate_bars"":0,""current_state"":""CONTROLLED_PULLBACK"",""established_side"":""UP"",""exhaustion_active"":true,""exhaustion_age_bars"":6,""exhaustion_clear_bars"":0,""exhaustion_last_seen_at"":""2026-08-03T11:09:00+05:30"",""exhaustion_side"":""UP"",""exhaustion_started_at"":""2026-08-03T10:54:00+05:30"",""failure_breach_bars"":0,""last_close"":7414.0,""last_reason_codes"":[""CONTROLLED_PULLBACK_OBSERVATION_ACTIVE"",""OBSERVATION_PROPOSAL_MATCHED_CURRENT"",""OBSERVATION_STATE_CONTROLLED_PULLBACK""],""last_snapshot_time"":""2026-08-03T11:09:00+05:30"",""leg_age_bars"":8,""leg_anchor_price"":7355.0,""leg_anchor_time"":""2026-08-03T10:48:00+05:30"",""leg_extreme_price"":7421.0,""leg_maturity_consumed"":false,""leg_maturity_extreme_price"":null,""leg_maturity_onset_time"":null,""leg_no_progress_bars"":5,""observation_count"":39,""pending_bars"":0,""pending_state"":null,""protection_level"":7355.0,""protection_source"":""INITIAL_DIRECTIONAL_ANCHOR"",""protection_time"":""2026-08-03T10:48:00+05:30"",""pullback_age_bars"":3,""pullback_candidate_bars"":0,""pullback_extreme_price"":7396.0,""reacceleration_age_bars"":0,""recompression_age_bars"":0,""reversal_confirmation_bars"":0,""reversal_side"":""UP"",""state_age_bars"":3,""trading_day"":""2026-08-03"",""trend_anchor_price"":7355.0,""trend_candidate_bars"":9,""trend_candidate_side"":""UP"",""trend_extreme_price"":7421.0,""trend_failure_age_bars"":0,""trend_onset_time"":""2026-08-03T10:48:00+05:30""},""symbol"":""ABB"",""trading_day"":""2026-08-03""}"
restoration-v3-current-day,development,restoration-trend-control-v3,backtest-default,OK,,,,ABB,2026-08-03,2026-08-03T11:12:00+05:30,2026-08-03T11:09:00+05:30,SNAPSHOT_AUCTION_AUTHORITY_V3A,3m,True,True,7414.0,2026-08-03T11:12:00,7414.0,7433.0,7407.0,7414.0,9312.0,24.54725350504543,BALANCE_QUALIFIED,BUY,dynamic_balance_waiting_for_stable_historical_cutoff,RANGE_ACCEPTED,DYNAMIC:2026-08-03T09:45:00+05:30:2026-08-03T10:03:00+05:30,7311.0,7370.0,23,ok,UP_ACCELERATING,0.16295102012849796,0.0661988519272023,OK,INCREMENTAL_PREVIOUS_SNAPSHOT,AUTOTRADES_AUCTION_ENGINE,1.1.0,,,CONTROLLED_PULLBACK,UP,UP,False,True,True,UP,True,False,False,7355.0,INITIAL_DIRECTIONAL_ANCHOR,2026-08-03T10:48:00+05:30,DYNAMIC:2026-08-03T09:45:00+05:30:2026-08-03T10:03:00+05:30,7311.0,7370.0,False,1.7457627118644068,0.18518518518518515,PRICE_ACTION,0.7544041867954911,CONTROLLED_PULLBACK_OBSERVATION_ACTIVE|OBSERVATION_PROPOSAL_MATCHED_CURRENT|OBSERVATION_STATE_CONTROLLED_PULLBACK|OBJECTIVE_REJECTION_OBSERVED|OBJECTIVE_ACCEPTED_RANGE_GEOMETRY_PRESENT|OBJECTIVE_TREND_PROTECTION_GEOMETRY_PRESENT,DIR:ABB:2026-08-03:002:UP:110000,REVERSAL_WATCH,REVERSAL_WATCH,UP,OBSERVATION_CONFIRMATION,,,2026-08-03T11:00:00+05:30,2026-08-03T11:06:00+05:30,3,7407.5,7433.0,2026-08-03T11:12:00+05:30,7355.0,INITIAL_DIRECTIONAL_ANCHOR,7407.0,OBSERVATION_REJECTION_OR_FAILED_EXTREME:BAR_LOW,2026-08-03T11:12:00+05:30,0,0.0,0,True,REVERSAL_WATCH_RETAINED,2,UNKNOWN,0,3,0,0,0,CONTROLLED_PULLBACK,2026-08-03T11:12:00+05:30,REVERSAL_WATCH_RETAINED,,NONE,NONE,0,,,,,,UNKNOWN,0,0,0,0,False,False,NO_QUALIFIED_ACCEPTED_RANGE,0,,,,,,0,,,,,MATCH,MATCH,MATCH,MATCH,False,0,False,False,False,True,,COHERENT,[],[],"{""accepted_range_breakout_eligible"":true,""accepted_range_established_at"":""2026-08-03T10:03:00+05:30"",""accepted_range_high"":7370.0,""accepted_range_id"":""DYNAMIC:2026-08-03T09:45:00+05:30:2026-08-03T10:03:00+05:30"",""accepted_range_inside"":false,""accepted_range_low"":7311.0,""accepted_range_outside_atr"":1.7924612214134776,""accepted_range_position"":1.7457627118644068,""accepted_range_provisional"":false,""atr"":24.54725350504543,""close"":7414.0,""current_leg_mature"":false,""directional_bias"":""UP"",""directional_efficiency"":0.18518518518518515,""directional_efficiency_source"":""PRICE_ACTION"",""exhausted_side"":""UP"",""exhaustion_active"":true,""extension_mature"":true,""failed_extreme_observed"":false,""high"":7433.0,""low"":7407.0,""observation_state"":""CONTROLLED_PULLBACK"",""overlap_ratio"":0.7544041867954911,""range_width_atr"":2.403527546895345,""rejection_observed"":true,""snapshot_time"":""2026-08-03T11:12:00+05:30"",""source_reason_codes"":[""CONTROLLED_PULLBACK_OBSERVATION_ACTIVE"",""OBSERVATION_PROPOSAL_MATCHED_CURRENT"",""OBSERVATION_STATE_CONTROLLED_PULLBACK"",""OBJECTIVE_REJECTION_OBSERVED"",""OBJECTIVE_ACCEPTED_RANGE_GEOMETRY_PRESENT"",""OBJECTIVE_TREND_PROTECTION_GEOMETRY_PRESENT""],""structural_failure_confirmed"":false,""symbol"":""ABB"",""trading_day"":""2026-08-03"",""trend_direction"":""UP"",""trend_protection_level"":7355.0,""trend_protection_source"":""INITIAL_DIRECTIONAL_ANCHOR"",""trend_protection_time"":""2026-08-03T10:48:00+05:30""}","{""continuation_failure_seen"":true,""continuation_failure_time"":""2026-08-03T11:12:00+05:30"",""current_state"":""REVERSAL_WATCH"",""direction"":""UP"",""episode_id"":""DIR:ABB:2026-08-03:002:UP:110000"",""extreme_price"":7433.0,""extreme_time"":""2026-08-03T11:12:00+05:30"",""first_adverse_bar_close"":7414.0,""first_adverse_bar_level"":7407.0,""first_adverse_bar_time"":""2026-08-03T11:12:00+05:30"",""origin_event_id"":null,""origin_price"":7407.5,""origin_source"":""OBSERVATION_CONFIRMATION"",""parent_episode_id"":null,""previous_state"":""REVERSAL_WATCH"",""protection_level"":7355.0,""protection_source"":""INITIAL_DIRECTIONAL_ANCHOR"",""reason_codes"":[""REVERSAL_WATCH_RETAINED""],""rejection_seen"":true,""reversal_confirmation_breach_closes"":0,""reversal_confirmation_level"":7407.0,""reversal_confirmation_level_time"":""2026-08-03T11:12:00+05:30"",""reversal_confirmation_source"":""OBSERVATION_REJECTION_OR_FAILED_EXTREME:BAR_LOW"",""reversal_leg_failure_closes"":0,""reversal_leg_progress_atr"":0.0,""reversal_leg_progress_bars"":0,""started_at"":""2026-08-03T11:00:00+05:30"",""state_age_bars"":3,""state_started_at"":""2026-08-03T11:06:00+05:30""}","{""attempt_limit_reached"":false,""candidate_bar_expansion_count"":0,""candidate_high"":null,""candidate_last_valid_at"":null,""candidate_low"":null,""candidate_merge_count"":0,""containment_bars"":0,""containment_ratio"":0.0,""current_state"":""NONE"",""down_escape_attempt_count"":0,""episode_id"":null,""escape_attempt_count"":0,""escape_direction"":""UNKNOWN"",""failed_escape_count"":0,""forming_bars_observed"":0,""forming_invalid_bars"":0,""frozen_high"":null,""frozen_low"":null,""last_escape_direction"":""UNKNOWN"",""last_escape_failed_at"":null,""last_escape_started_at"":null,""marginal_excursion_bars"":0,""meaningful_escape_bars"":0,""outside_close_count"":0,""previous_state"":""NONE"",""range_id"":null,""rearm_bars_elapsed"":0,""rearm_inside_close_count"":0,""rearm_required"":false,""reason_codes"":[""NO_QUALIFIED_ACCEPTED_RANGE""],""reentry_close_count"":0,""source_range_ids"":[],""started_at"":null,""state_age_bars"":0,""state_started_at"":null,""up_escape_attempt_count"":0}","{""balance_attempt_limit_reached"":false,""balance_candidate_bar_expansion_count"":0,""balance_candidate_merge_count"":0,""balance_containment_ratio"":0.0,""balance_down_escape_attempt_count"":0,""balance_escape_attempt_count"":0,""balance_failed_escape_count"":0,""balance_forming_bars_observed"":0,""balance_forming_invalid_bars"":0,""balance_last_escape_direction"":""UNKNOWN"",""balance_last_escape_failed_at"":null,""balance_last_escape_started_at"":null,""balance_marginal_excursion_bars"":0,""balance_meaningful_escape_bars"":0,""balance_rearm_bars_elapsed"":0,""balance_rearm_inside_close_count"":0,""balance_rearm_required"":false,""balance_up_escape_attempt_count"":0,""directional_origin_event_id"":null,""directional_origin_source"":""OBSERVATION_CONFIRMATION"",""directional_parent_episode_id"":null,""directional_reversal_watch_age_bars"":3,""directional_start_candidate_bars"":0,""directional_start_candidate_side"":""UNKNOWN"",""observation_accepted_range_id"":""DYNAMIC:2026-08-03T09:45:00+05:30:2026-08-03T10:03:00+05:30"",""observation_current_leg_mature"":false,""observation_directional_bias"":""UP"",""observation_exhaustion_active"":true,""observation_state"":""CONTROLLED_PULLBACK""}","{""balance"":{""attempt_limit_reached"":false,""candidate_bar_expansion_count"":0,""candidate_high"":null,""candidate_last_valid_at"":null,""candidate_low"":null,""candidate_merge_count"":0,""containment_bars"":0,""down_escape_attempt_count"":0,""emitted_event_ids"":[""BAL:ABB:2026-08-03:001:NEUTRAL:100600:BALANCE_COMPLETED:105400"",""BAL:ABB:2026-08-03:001:NEUTRAL:100600:BALANCE_ESCAPE_ACCEPTED:105100"",""BAL:ABB:2026-08-03:001:NEUTRAL:100600:BALANCE_ESCAPE_STARTED:104800"",""BAL:ABB:2026-08-03:001:NEUTRAL:100600:BALANCE_FORMING_STARTED:100600"",""BAL:ABB:2026-08-03:001:NEUTRAL:100600:BALANCE_LOCKED:102700"",""BAL:ABB:2026-08-03:001:NEUTRAL:100600:BALANCE_PROBABLE:101800""],""episode_id"":null,""escape_attempt_count"":0,""escape_direction"":""UNKNOWN"",""failed_escape_count"":0,""forming_bars_observed"":0,""forming_invalid_bars"":0,""frozen_high"":null,""frozen_low"":null,""last_escape_direction"":""UNKNOWN"",""last_escape_failed_at"":null,""last_escape_started_at"":null,""last_reason_codes"":[""NO_QUALIFIED_ACCEPTED_RANGE""],""marginal_excursion_bars"":0,""meaningful_escape_bars"":0,""outside_close_count"":0,""range_id"":null,""rearm_bars_elapsed"":0,""rearm_inside_close_count"":0,""rearm_required"":false,""reentry_close_count"":0,""sequence"":1,""source_range_ids"":[],""started_at"":null,""state"":""NONE"",""state_age_bars"":0,""state_started_at"":null,""up_escape_attempt_count"":0},""directional"":{""continuation_failure_progress_bars"":1,""continuation_failure_seen"":true,""continuation_failure_seen_at"":""2026-08-03T11:12:00+05:30"",""direction"":""UP"",""emitted_event_ids"":[""DIR:ABB:2026-08-03:001:DOWN:101500:DIRECTIONAL_COMPLETED:105100"",""DIR:ABB:2026-08-03:001:DOWN:101500:DIRECTIONAL_STARTED:101500"",""DIR:ABB:2026-08-03:002:UP:110000:DIRECTIONAL_MATURED:110300"",""DIR:ABB:2026-08-03:002:UP:110000:DIRECTIONAL_STARTED:110000"",""DIR:ABB:2026-08-03:002:UP:110000:REVERSAL_WATCH_STARTED:110600""],""episode_id"":""DIR:ABB:2026-08-03:002:UP:110000"",""extreme_price"":7433.0,""extreme_time"":""2026-08-03T11:12:00+05:30"",""first_adverse_bar_close"":7414.0,""first_adverse_bar_level"":7407.0,""first_adverse_bar_time"":""2026-08-03T11:12:00+05:30"",""inactive_bars"":0,""last_close"":7414.0,""last_observation_state"":""CONTROLLED_PULLBACK"",""last_observation_state_time"":""2026-08-03T11:12:00+05:30"",""last_reason_codes"":[""REVERSAL_WATCH_RETAINED""],""opposite_control_bars"":0,""origin_event_id"":null,""origin_price"":7407.5,""origin_source"":""OBSERVATION_CONFIRMATION"",""parent_episode_id"":null,""protection_level"":7355.0,""protection_source"":""INITIAL_DIRECTIONAL_ANCHOR"",""protection_time"":""2026-08-03T10:48:00+05:30"",""rejection_seen"":true,""rejection_seen_at"":""2026-08-03T11:12:00+05:30"",""reversal_confirmation_breach_closes"":0,""reversal_confirmation_level"":7407.0,""reversal_confirmation_level_time"":""2026-08-03T11:12:00+05:30"",""reversal_confirmation_source"":""OBSERVATION_REJECTION_OR_FAILED_EXTREME:BAR_LOW"",""reversal_leg_failure_closes"":0,""reversal_leg_progress_atr"":0.0,""reversal_leg_progress_bars"":0,""reversal_watch_age_bars"":3,""sequence"":2,""start_candidate_bars"":0,""start_candidate_side"":""UNKNOWN"",""started_at"":""2026-08-03T11:00:00+05:30"",""state"":""REVERSAL_WATCH"",""state_age_bars"":3,""state_started_at"":""2026-08-03T11:06:00+05:30"",""trend_restore_bars"":0},""evidence_history"":[{""atr"":29.40925775056399,""bar"":{""body_fraction"":0.043478260869565216,""close"":7333.0,""close_position"":0.08695652173913043,""direction"":""DOWN"",""high"":7343.5,""low"":7332.0,""lower_wick_fraction"":0.08695652173913043,""move_atr"":-0.017001449143693923,""move_points"":-0.5,""open"":7333.5,""snapshot_time"":""2026-08-03T10:39:00+05:30"",""upper_wick_fraction"":0.8695652173913043,""volume"":2943.0},""close"":7333.0,""trend"":{""ema_ref"":7357.836655765161,""ema_slow"":7362.436896366547,""hma_order"":""BUY"",""hma_spread_atr"":1.9805629224645405}},{""atr"":28.80859648266657,""bar"":{""body_fraction"":0.1904761904761905,""close"":7337.0,""close_position"":0.1904761904761905,""direction"":""UP"",""high"":7354.0,""low"":7333.0,""lower_wick_fraction"":0.0,""move_atr"":0.1388474444566122,""move_points"":4.0,""open"":7333.0,""snapshot_time"":""2026-08-03T10:42:00+05:30"",""upper_wick_fraction"":0.8095238095238095,""volume"":6461.0},""close"":7337.0,""trend"":{""ema_ref"":7357.6293258570495,""ema_slow"":7361.933195448398,""hma_order"":""BUY"",""hma_spread_atr"":1.9728897990854912}},{""atr"":28.78655387676181,""bar"":{""body_fraction"":0.7543859649122807,""close"":7358.5,""close_position"":0.8771929824561403,""direction"":""UP"",""high"":7362.0,""low"":7333.5,""lower_wick_fraction"":0.12280701754385964,""move_atr"":0.7468764789298401,""move_points"":21.5,""open"":7337.0,""snapshot_time"":""2026-08-03T10:45:00+05:30"",""upper_wick_fraction"":0.12280701754385964,""volume"":9612.0},""close"":7358.5,""trend"":{""ema_ref"":7357.637989281357,""ema_slow"":7361.865211380113,""hma_order"":""BUY"",""hma_spread_atr"":1.9189516082822489}},{""atr"":29.623228599850258,""bar"":{""body_fraction"":0.7037037037037037,""close"":7386.5,""close_position"":0.7777777777777778,""direction"":""UP"",""high"":7395.5,""low"":7355.0,""lower_wick_fraction"":0.07407407407407407,""move_atr"":0.9620828433314008,""move_points"":28.5,""open"":7358.0,""snapshot_time"":""2026-08-03T10:48:00+05:30"",""upper_wick_fraction"":0.2222222222222222,""volume"":25435.0},""close"":7386.5,""trend"":{""ema_ref"":7357.925173467613,""ema_slow"":7362.353028976547,""hma_order"":""BUY"",""hma_spread_atr"":1.7998833824430371}},{""atr"":29.828712271289525,""bar"":{""body_fraction"":0.7692307692307693,""close"":7411.5,""close_position"":0.7692307692307693,""direction"":""UP"",""high"":7419.0,""low"":7386.5,""lower_wick_fraction"":0.0,""move_atr"":0.838118647986785,""move_points"":25.0,""open"":7386.5,""snapshot_time"":""2026-08-03T10:51:00+05:30"",""upper_wick_fraction"":0.2307692307692308,""volume"":17277.0},""close"":7411.5,""trend"":{""ema_ref"":7358.458256318681,""ema_slow"":7363.326236323545,""hma_order"":""BUY"",""hma_spread_atr"":2.0428587622200274}},{""atr"":29.733804251911703,""bar"":{""body_fraction"":0.05263157894736842,""close"":7411.5,""close_position"":0.6666666666666666,""direction"":""UP"",""high"":7421.0,""low"":7392.5,""lower_wick_fraction"":0.6140350877192983,""move_atr"":0.05044763150021609,""move_points"":1.5,""open"":7410.0,""snapshot_time"":""2026-08-03T10:54:00+05:30"",""upper_wick_fraction"":0.3333333333333333,""volume"":10233.0},""close"":7411.5,""trend"":{""ema_ref"":7358.986034862774,""ema_slow"":7364.28017223793,""hma_order"":""BUY"",""hma_spread_atr"":2.7146170400432696}},{""atr"":28.324246805346583,""bar"":{""body_fraction"":0.2,""close"":7409.5,""close_position"":0.45,""direction"":""DOWN"",""high"":7415.0,""low"":7405.0,""lower_wick_fraction"":0.45,""move_atr"":-0.07061088027316839,""move_points"":-2.0,""open"":7411.5,""snapshot_time"":""2026-08-03T10:57:00+05:30"",""upper_wick_fraction"":0.35,""volume"":3818.0},""close"":7409.5,""trend"":{""ema_ref"":7359.488661381553,""ema_slow"":7365.175614371832,""hma_order"":""BUY"",""hma_spread_atr"":3.3868453953614424}},{""atr"":27.265372033536114,""bar"":{""body_fraction"":0.1111111111111111,""close"":7407.5,""close_position"":0.5925925925925926,""direction"":""DOWN"",""high"":7413.0,""low"":7399.5,""lower_wick_fraction"":0.5925925925925926,""move_atr"":-0.05501483706714202,""move_points"":-1.5,""open"":7409.0,""snapshot_time"":""2026-08-03T11:00:00+05:30"",""upper_wick_fraction"":0.2962962962962963,""volume"":3169.0},""close"":7407.5,""trend"":{""ema_ref"":7359.966386143927,""ema_slow"":7366.013721017935,""hma_order"":""BUY"",""hma_spread_atr"":3.8507515182422294}},{""atr"":26.46070260256925,""bar"":{""body_fraction"":0.03125,""close"":7407.0,""close_position"":0.65625,""direction"":""DOWN"",""high"":7412.5,""low"":7396.5,""lower_wick_fraction"":0.65625,""move_atr"":-0.018895945716552953,""move_points"":-0.5,""open"":7407.5,""snapshot_time"":""2026-08-03T11:03:00+05:30"",""upper_wick_fraction"":0.3125,""volume"":4136.0},""close"":7407.0,""trend"":{""ema_ref"":7360.434382301699,""ema_slow"":7366.825330502727,""hma_order"":""BUY"",""hma_spread_atr"":4.097286259360359}},{""atr"":25.39208098810002,""bar"":{""body_fraction"":0.08695652173913043,""close"":7406.0,""close_position"":0.8695652173913043,""direction"":""UP"",""high"":7407.5,""low"":7396.0,""lower_wick_fraction"":0.782608695652174,""move_atr"":0.03938235706118963,""move_points"":1.0,""open"":7405.0,""snapshot_time"":""2026-08-03T11:06:00+05:30"",""upper_wick_fraction"":0.13043478260869565,""volume"":7664.0},""close"":7406.0,""trend"":{""ema_ref"":7360.887771532528,""ema_slow"":7367.601066532376,""hma_order"":""BUY"",""hma_spread_atr"":4.20393668290585}},{""atr"":24.435503774664305,""bar"":{""body_fraction"":0.625,""close"":7414.0,""close_position"":0.7916666666666666,""direction"":""UP"",""high"":7416.5,""low"":7404.5,""lower_wick_fraction"":0.16666666666666666,""move_atr"":0.30693044306196365,""move_points"":7.5,""open"":7406.5,""snapshot_time"":""2026-08-03T11:09:00+05:30"",""upper_wick_fraction"":0.20833333333333337,""volume"":5387.0},""close"":7414.0,""trend"":{""ema_ref"":7361.416251417777,""ema_slow"":7368.519857294112,""hma_order"":""BUY"",""hma_spread_atr"":4.195349727093521}},{""atr"":24.54725350504543,""bar"":{""body_fraction"":0.0,""close"":7414.0,""close_position"":0.2692307692307692,""direction"":""NEUTRAL"",""high"":7433.0,""low"":7407.0,""lower_wick_fraction"":0.2692307692307692,""move_atr"":0.0,""move_points"":0.0,""open"":7414.0,""snapshot_time"":""2026-08-03T11:12:00+05:30"",""upper_wick_fraction"":0.7307692307692307,""volume"":9312.0},""close"":7414.0,""trend"":{""ema_ref"":7361.939472796705,""ema_slow"":7369.420454179376,""hma_order"":""BUY"",""hma_spread_atr"":3.941599352947174}}],""last_observation_hash"":""13864d69e018ab24851a8087a8323d09a4b1f1bb2bd02c82ebb6de6bb24020d7"",""last_snapshot_time"":""2026-08-03T11:12:00+05:30"",""observation"":{""compression_box_high"":7433.0,""compression_box_low"":7407.0,""compression_candidate_bars"":1,""current_state"":""CONTROLLED_PULLBACK"",""established_side"":""UP"",""exhaustion_active"":true,""exhaustion_age_bars"":7,""exhaustion_clear_bars"":0,""exhaustion_last_seen_at"":""2026-08-03T11:12:00+05:30"",""exhaustion_side"":""UP"",""exhaustion_started_at"":""2026-08-03T10:54:00+05:30"",""failure_breach_bars"":0,""last_close"":7414.0,""last_reason_codes"":[""CONTROLLED_PULLBACK_OBSERVATION_ACTIVE"",""OBSERVATION_PROPOSAL_MATCHED_CURRENT"",""OBSERVATION_STATE_CONTROLLED_PULLBACK""],""last_snapshot_time"":""2026-08-03T11:12:00+05:30"",""leg_age_bars"":9,""leg_anchor_price"":7355.0,""leg_anchor_time"":""2026-08-03T10:48:00+05:30"",""leg_extreme_price"":7433.0,""leg_maturity_consumed"":false,""leg_maturity_extreme_price"":null,""leg_maturity_onset_time"":null,""leg_no_progress_bars"":0,""observation_count"":40,""pending_bars"":0,""pending_state"":null,""protection_level"":7355.0,""protection_source"":""INITIAL_DIRECTIONAL_ANCHOR"",""protection_time"":""2026-08-03T10:48:00+05:30"",""pullback_age_bars"":4,""pullback_candidate_bars"":0,""pullback_extreme_price"":7396.0,""reacceleration_age_bars"":0,""recompression_age_bars"":0,""reversal_confirmation_bars"":0,""reversal_side"":""UP"",""state_age_bars"":4,""trading_day"":""2026-08-03"",""trend_anchor_price"":7355.0,""trend_candidate_bars"":8,""trend_candidate_side"":""UP"",""trend_extreme_price"":7433.0,""trend_failure_age_bars"":0,""trend_onset_time"":""2026-08-03T10:48:00+05:30""},""symbol"":""ABB"",""trading_day"":""2026-08-03""}"
restoration-v3-current-day,development,restoration-trend-control-v3,backtest-default,OK,,,,ABB,2026-08-03,2026-08-03T11:15:00+05:30,2026-08-03T11:12:00+05:30,SNAPSHOT_AUCTION_AUTHORITY_V3A,3m,True,True,7415.5,2026-08-03T11:15:00,7414.0,7426.5,7410.0,7415.5,4860.0,23.972449683256468,BALANCE_QUALIFIED,BUY,dynamic_balance_waiting_for_stable_historical_cutoff,RANGE_ACCEPTED,DYNAMIC:2026-08-03T09:45:00+05:30:2026-08-03T10:03:00+05:30,7311.0,7370.0,24,ok,UP_SLOWING,0.031285914035053194,0.08864342309931739,OK,INCREMENTAL_PREVIOUS_SNAPSHOT,AUTOTRADES_AUCTION_ENGINE,1.1.0,,,CONTROLLED_PULLBACK,UP,UP,True,True,True,UP,True,False,False,7355.0,INITIAL_DIRECTIONAL_ANCHOR,2026-08-03T10:48:00+05:30,DYNAMIC:2026-08-03T09:45:00+05:30:2026-08-03T10:03:00+05:30,7311.0,7370.0,False,1.771186440677966,0.26666666666666666,PRICE_ACTION,0.7944041867954911,CONTROLLED_PULLBACK_OBSERVATION_ACTIVE|OBSERVATION_PROPOSAL_MATCHED_CURRENT|OBSERVATION_STATE_CONTROLLED_PULLBACK|OBJECTIVE_REJECTION_OBSERVED|OBJECTIVE_ACCEPTED_RANGE_GEOMETRY_PRESENT|OBJECTIVE_TREND_PROTECTION_GEOMETRY_PRESENT,DIR:ABB:2026-08-03:002:UP:110000,REVERSAL_WATCH,REVERSAL_WATCH,UP,OBSERVATION_CONFIRMATION,,,2026-08-03T11:00:00+05:30,2026-08-03T11:06:00+05:30,4,7407.5,7433.0,2026-08-03T11:12:00+05:30,7355.0,INITIAL_DIRECTIONAL_ANCHOR,7407.0,OBSERVATION_REJECTION_OR_FAILED_EXTREME:BAR_LOW,2026-08-03T11:12:00+05:30,0,0.0,0,True,REVERSAL_WATCH_RETAINED,2,UNKNOWN,0,4,0,0,0,CONTROLLED_PULLBACK,2026-08-03T11:15:00+05:30,REVERSAL_WATCH_RETAINED,,NONE,NONE,0,,,,,,UNKNOWN,0,0,0,0,False,False,NO_QUALIFIED_ACCEPTED_RANGE,0,,,,,,0,,,,,MATCH,MATCH,MATCH,MATCH,False,0,False,False,False,True,,COHERENT,[],[],"{""accepted_range_breakout_eligible"":true,""accepted_range_established_at"":""2026-08-03T10:03:00+05:30"",""accepted_range_high"":7370.0,""accepted_range_id"":""DYNAMIC:2026-08-03T09:45:00+05:30:2026-08-03T10:03:00+05:30"",""accepted_range_inside"":false,""accepted_range_low"":7311.0,""accepted_range_outside_atr"":1.8980121181265603,""accepted_range_position"":1.771186440677966,""accepted_range_provisional"":false,""atr"":23.972449683256468,""close"":7415.5,""current_leg_mature"":true,""directional_bias"":""UP"",""directional_efficiency"":0.26666666666666666,""directional_efficiency_source"":""PRICE_ACTION"",""exhausted_side"":""UP"",""exhaustion_active"":true,""extension_mature"":true,""failed_extreme_observed"":false,""high"":7426.5,""low"":7410.0,""observation_state"":""CONTROLLED_PULLBACK"",""overlap_ratio"":0.7944041867954911,""range_width_atr"":2.461158570757518,""rejection_observed"":true,""snapshot_time"":""2026-08-03T11:15:00+05:30"",""source_reason_codes"":[""CONTROLLED_PULLBACK_OBSERVATION_ACTIVE"",""OBSERVATION_PROPOSAL_MATCHED_CURRENT"",""OBSERVATION_STATE_CONTROLLED_PULLBACK"",""OBJECTIVE_REJECTION_OBSERVED"",""OBJECTIVE_ACCEPTED_RANGE_GEOMETRY_PRESENT"",""OBJECTIVE_TREND_PROTECTION_GEOMETRY_PRESENT""],""structural_failure_confirmed"":false,""symbol"":""ABB"",""trading_day"":""2026-08-03"",""trend_direction"":""UP"",""trend_protection_level"":7355.0,""trend_protection_source"":""INITIAL_DIRECTIONAL_ANCHOR"",""trend_protection_time"":""2026-08-03T10:48:00+05:30""}","{""continuation_failure_seen"":true,""continuation_failure_time"":""2026-08-03T11:12:00+05:30"",""current_state"":""REVERSAL_WATCH"",""direction"":""UP"",""episode_id"":""DIR:ABB:2026-08-03:002:UP:110000"",""extreme_price"":7433.0,""extreme_time"":""2026-08-03T11:12:00+05:30"",""first_adverse_bar_close"":7414.0,""first_adverse_bar_level"":7407.0,""first_adverse_bar_time"":""2026-08-03T11:12:00+05:30"",""origin_event_id"":null,""origin_price"":7407.5,""origin_source"":""OBSERVATION_CONFIRMATION"",""parent_episode_id"":null,""previous_state"":""REVERSAL_WATCH"",""protection_level"":7355.0,""protection_source"":""INITIAL_DIRECTIONAL_ANCHOR"",""reason_codes"":[""REVERSAL_WATCH_RETAINED""],""rejection_seen"":true,""reversal_confirmation_breach_closes"":0,""reversal_confirmation_level"":7407.0,""reversal_confirmation_level_time"":""2026-08-03T11:12:00+05:30"",""reversal_confirmation_source"":""OBSERVATION_REJECTION_OR_FAILED_EXTREME:BAR_LOW"",""reversal_leg_failure_closes"":0,""reversal_leg_progress_atr"":0.0,""reversal_leg_progress_bars"":0,""started_at"":""2026-08-03T11:00:00+05:30"",""state_age_bars"":4,""state_started_at"":""2026-08-03T11:06:00+05:30""}","{""attempt_limit_reached"":false,""candidate_bar_expansion_count"":0,""candidate_high"":null,""candidate_last_valid_at"":null,""candidate_low"":null,""candidate_merge_count"":0,""containment_bars"":0,""containment_ratio"":0.0,""current_state"":""NONE"",""down_escape_attempt_count"":0,""episode_id"":null,""escape_attempt_count"":0,""escape_direction"":""UNKNOWN"",""failed_escape_count"":0,""forming_bars_observed"":0,""forming_invalid_bars"":0,""frozen_high"":null,""frozen_low"":null,""last_escape_direction"":""UNKNOWN"",""last_escape_failed_at"":null,""last_escape_started_at"":null,""marginal_excursion_bars"":0,""meaningful_escape_bars"":0,""outside_close_count"":0,""previous_state"":""NONE"",""range_id"":null,""rearm_bars_elapsed"":0,""rearm_inside_close_count"":0,""rearm_required"":false,""reason_codes"":[""NO_QUALIFIED_ACCEPTED_RANGE""],""reentry_close_count"":0,""source_range_ids"":[],""started_at"":null,""state_age_bars"":0,""state_started_at"":null,""up_escape_attempt_count"":0}","{""balance_attempt_limit_reached"":false,""balance_candidate_bar_expansion_count"":0,""balance_candidate_merge_count"":0,""balance_containment_ratio"":0.0,""balance_down_escape_attempt_count"":0,""balance_escape_attempt_count"":0,""balance_failed_escape_count"":0,""balance_forming_bars_observed"":0,""balance_forming_invalid_bars"":0,""balance_last_escape_direction"":""UNKNOWN"",""balance_last_escape_failed_at"":null,""balance_last_escape_started_at"":null,""balance_marginal_excursion_bars"":0,""balance_meaningful_escape_bars"":0,""balance_rearm_bars_elapsed"":0,""balance_rearm_inside_close_count"":0,""balance_rearm_required"":false,""balance_up_escape_attempt_count"":0,""directional_origin_event_id"":null,""directional_origin_source"":""OBSERVATION_CONFIRMATION"",""directional_parent_episode_id"":null,""directional_reversal_watch_age_bars"":4,""directional_start_candidate_bars"":0,""directional_start_candidate_side"":""UNKNOWN"",""observation_accepted_range_id"":""DYNAMIC:2026-08-03T09:45:00+05:30:2026-08-03T10:03:00+05:30"",""observation_current_leg_mature"":true,""observation_directional_bias"":""UP"",""observation_exhaustion_active"":true,""observation_state"":""CONTROLLED_PULLBACK""}","{""balance"":{""attempt_limit_reached"":false,""candidate_bar_expansion_count"":0,""candidate_high"":null,""candidate_last_valid_at"":null,""candidate_low"":null,""candidate_merge_count"":0,""containment_bars"":0,""down_escape_attempt_count"":0,""emitted_event_ids"":[""BAL:ABB:2026-08-03:001:NEUTRAL:100600:BALANCE_COMPLETED:105400"",""BAL:ABB:2026-08-03:001:NEUTRAL:100600:BALANCE_ESCAPE_ACCEPTED:105100"",""BAL:ABB:2026-08-03:001:NEUTRAL:100600:BALANCE_ESCAPE_STARTED:104800"",""BAL:ABB:2026-08-03:001:NEUTRAL:100600:BALANCE_FORMING_STARTED:100600"",""BAL:ABB:2026-08-03:001:NEUTRAL:100600:BALANCE_LOCKED:102700"",""BAL:ABB:2026-08-03:001:NEUTRAL:100600:BALANCE_PROBABLE:101800""],""episode_id"":null,""escape_attempt_count"":0,""escape_direction"":""UNKNOWN"",""failed_escape_count"":0,""forming_bars_observed"":0,""forming_invalid_bars"":0,""frozen_high"":null,""frozen_low"":null,""last_escape_direction"":""UNKNOWN"",""last_escape_failed_at"":null,""last_escape_started_at"":null,""last_reason_codes"":[""NO_QUALIFIED_ACCEPTED_RANGE""],""marginal_excursion_bars"":0,""meaningful_escape_bars"":0,""outside_close_count"":0,""range_id"":null,""rearm_bars_elapsed"":0,""rearm_inside_close_count"":0,""rearm_required"":false,""reentry_close_count"":0,""sequence"":1,""source_range_ids"":[],""started_at"":null,""state"":""NONE"",""state_age_bars"":0,""state_started_at"":null,""up_escape_attempt_count"":0},""directional"":{""continuation_failure_progress_bars"":1,""continuation_failure_seen"":true,""continuation_failure_seen_at"":""2026-08-03T11:12:00+05:30"",""direction"":""UP"",""emitted_event_ids"":[""DIR:ABB:2026-08-03:001:DOWN:101500:DIRECTIONAL_COMPLETED:105100"",""DIR:ABB:2026-08-03:001:DOWN:101500:DIRECTIONAL_STARTED:101500"",""DIR:ABB:2026-08-03:002:UP:110000:DIRECTIONAL_MATURED:110300"",""DIR:ABB:2026-08-03:002:UP:110000:DIRECTIONAL_STARTED:110000"",""DIR:ABB:2026-08-03:002:UP:110000:REVERSAL_WATCH_STARTED:110600""],""episode_id"":""DIR:ABB:2026-08-03:002:UP:110000"",""extreme_price"":7433.0,""extreme_time"":""2026-08-03T11:12:00+05:30"",""first_adverse_bar_close"":7414.0,""first_adverse_bar_level"":7407.0,""first_adverse_bar_time"":""2026-08-03T11:12:00+05:30"",""inactive_bars"":0,""last_close"":7415.5,""last_observation_state"":""CONTROLLED_PULLBACK"",""last_observation_state_time"":""2026-08-03T11:15:00+05:30"",""last_reason_codes"":[""REVERSAL_WATCH_RETAINED""],""opposite_control_bars"":0,""origin_event_id"":null,""origin_price"":7407.5,""origin_source"":""OBSERVATION_CONFIRMATION"",""parent_episode_id"":null,""protection_level"":7355.0,""protection_source"":""INITIAL_DIRECTIONAL_ANCHOR"",""protection_time"":""2026-08-03T10:48:00+05:30"",""rejection_seen"":true,""rejection_seen_at"":""2026-08-03T11:12:00+05:30"",""reversal_confirmation_breach_closes"":0,""reversal_confirmation_level"":7407.0,""reversal_confirmation_level_time"":""2026-08-03T11:12:00+05:30"",""reversal_confirmation_source"":""OBSERVATION_REJECTION_OR_FAILED_EXTREME:BAR_LOW"",""reversal_leg_failure_closes"":0,""reversal_leg_progress_atr"":0.0,""reversal_leg_progress_bars"":0,""reversal_watch_age_bars"":4,""sequence"":2,""start_candidate_bars"":0,""start_candidate_side"":""UNKNOWN"",""started_at"":""2026-08-03T11:00:00+05:30"",""state"":""REVERSAL_WATCH"",""state_age_bars"":4,""state_started_at"":""2026-08-03T11:06:00+05:30"",""trend_restore_bars"":0},""evidence_history"":[{""atr"":28.80859648266657,""bar"":{""body_fraction"":0.1904761904761905,""close"":7337.0,""close_position"":0.1904761904761905,""direction"":""UP"",""high"":7354.0,""low"":7333.0,""lower_wick_fraction"":0.0,""move_atr"":0.1388474444566122,""move_points"":4.0,""open"":7333.0,""snapshot_time"":""2026-08-03T10:42:00+05:30"",""upper_wick_fraction"":0.8095238095238095,""volume"":6461.0},""close"":7337.0,""trend"":{""ema_ref"":7357.6293258570495,""ema_slow"":7361.933195448398,""hma_order"":""BUY"",""hma_spread_atr"":1.9728897990854912}},{""atr"":28.78655387676181,""bar"":{""body_fraction"":0.7543859649122807,""close"":7358.5,""close_position"":0.8771929824561403,""direction"":""UP"",""high"":7362.0,""low"":7333.5,""lower_wick_fraction"":0.12280701754385964,""move_atr"":0.7468764789298401,""move_points"":21.5,""open"":7337.0,""snapshot_time"":""2026-08-03T10:45:00+05:30"",""upper_wick_fraction"":0.12280701754385964,""volume"":9612.0},""close"":7358.5,""trend"":{""ema_ref"":7357.637989281357,""ema_slow"":7361.865211380113,""hma_order"":""BUY"",""hma_spread_atr"":1.9189516082822489}},{""atr"":29.623228599850258,""bar"":{""body_fraction"":0.7037037037037037,""close"":7386.5,""close_position"":0.7777777777777778,""direction"":""UP"",""high"":7395.5,""low"":7355.0,""lower_wick_fraction"":0.07407407407407407,""move_atr"":0.9620828433314008,""move_points"":28.5,""open"":7358.0,""snapshot_time"":""2026-08-03T10:48:00+05:30"",""upper_wick_fraction"":0.2222222222222222,""volume"":25435.0},""close"":7386.5,""trend"":{""ema_ref"":7357.925173467613,""ema_slow"":7362.353028976547,""hma_order"":""BUY"",""hma_spread_atr"":1.7998833824430371}},{""atr"":29.828712271289525,""bar"":{""body_fraction"":0.7692307692307693,""close"":7411.5,""close_position"":0.7692307692307693,""direction"":""UP"",""high"":7419.0,""low"":7386.5,""lower_wick_fraction"":0.0,""move_atr"":0.838118647986785,""move_points"":25.0,""open"":7386.5,""snapshot_time"":""2026-08-03T10:51:00+05:30"",""upper_wick_fraction"":0.2307692307692308,""volume"":17277.0},""close"":7411.5,""trend"":{""ema_ref"":7358.458256318681,""ema_slow"":7363.326236323545,""hma_order"":""BUY"",""hma_spread_atr"":2.0428587622200274}},{""atr"":29.733804251911703,""bar"":{""body_fraction"":0.05263157894736842,""close"":7411.5,""close_position"":0.6666666666666666,""direction"":""UP"",""high"":7421.0,""low"":7392.5,""lower_wick_fraction"":0.6140350877192983,""move_atr"":0.05044763150021609,""move_points"":1.5,""open"":7410.0,""snapshot_time"":""2026-08-03T10:54:00+05:30"",""upper_wick_fraction"":0.3333333333333333,""volume"":10233.0},""close"":7411.5,""trend"":{""ema_ref"":7358.986034862774,""ema_slow"":7364.28017223793,""hma_order"":""BUY"",""hma_spread_atr"":2.7146170400432696}},{""atr"":28.324246805346583,""bar"":{""body_fraction"":0.2,""close"":7409.5,""close_position"":0.45,""direction"":""DOWN"",""high"":7415.0,""low"":7405.0,""lower_wick_fraction"":0.45,""move_atr"":-0.07061088027316839,""move_points"":-2.0,""open"":7411.5,""snapshot_time"":""2026-08-03T10:57:00+05:30"",""upper_wick_fraction"":0.35,""volume"":3818.0},""close"":7409.5,""trend"":{""ema_ref"":7359.488661381553,""ema_slow"":7365.175614371832,""hma_order"":""BUY"",""hma_spread_atr"":3.3868453953614424}},{""atr"":27.265372033536114,""bar"":{""body_fraction"":0.1111111111111111,""close"":7407.5,""close_position"":0.5925925925925926,""direction"":""DOWN"",""high"":7413.0,""low"":7399.5,""lower_wick_fraction"":0.5925925925925926,""move_atr"":-0.05501483706714202,""move_points"":-1.5,""open"":7409.0,""snapshot_time"":""2026-08-03T11:00:00+05:30"",""upper_wick_fraction"":0.2962962962962963,""volume"":3169.0},""close"":7407.5,""trend"":{""ema_ref"":7359.966386143927,""ema_slow"":7366.013721017935,""hma_order"":""BUY"",""hma_spread_atr"":3.8507515182422294}},{""atr"":26.46070260256925,""bar"":{""body_fraction"":0.03125,""close"":7407.0,""close_position"":0.65625,""direction"":""DOWN"",""high"":7412.5,""low"":7396.5,""lower_wick_fraction"":0.65625,""move_atr"":-0.018895945716552953,""move_points"":-0.5,""open"":7407.5,""snapshot_time"":""2026-08-03T11:03:00+05:30"",""upper_wick_fraction"":0.3125,""volume"":4136.0},""close"":7407.0,""trend"":{""ema_ref"":7360.434382301699,""ema_slow"":7366.825330502727,""hma_order"":""BUY"",""hma_spread_atr"":4.097286259360359}},{""atr"":25.39208098810002,""bar"":{""body_fraction"":0.08695652173913043,""close"":7406.0,""close_position"":0.8695652173913043,""direction"":""UP"",""high"":7407.5,""low"":7396.0,""lower_wick_fraction"":0.782608695652174,""move_atr"":0.03938235706118963,""move_points"":1.0,""open"":7405.0,""snapshot_time"":""2026-08-03T11:06:00+05:30"",""upper_wick_fraction"":0.13043478260869565,""volume"":7664.0},""close"":7406.0,""trend"":{""ema_ref"":7360.887771532528,""ema_slow"":7367.601066532376,""hma_order"":""BUY"",""hma_spread_atr"":4.20393668290585}},{""atr"":24.435503774664305,""bar"":{""body_fraction"":0.625,""close"":7414.0,""close_position"":0.7916666666666666,""direction"":""UP"",""high"":7416.5,""low"":7404.5,""lower_wick_fraction"":0.16666666666666666,""move_atr"":0.30693044306196365,""move_points"":7.5,""open"":7406.5,""snapshot_time"":""2026-08-03T11:09:00+05:30"",""upper_wick_fraction"":0.20833333333333337,""volume"":5387.0},""close"":7414.0,""trend"":{""ema_ref"":7361.416251417777,""ema_slow"":7368.519857294112,""hma_order"":""BUY"",""hma_spread_atr"":4.195349727093521}},{""atr"":24.54725350504543,""bar"":{""body_fraction"":0.0,""close"":7414.0,""close_position"":0.2692307692307692,""direction"":""NEUTRAL"",""high"":7433.0,""low"":7407.0,""lower_wick_fraction"":0.2692307692307692,""move_atr"":0.0,""move_points"":0.0,""open"":7414.0,""snapshot_time"":""2026-08-03T11:12:00+05:30"",""upper_wick_fraction"":0.7307692307692307,""volume"":9312.0},""close"":7414.0,""trend"":{""ema_ref"":7361.939472796705,""ema_slow"":7369.420454179376,""hma_order"":""BUY"",""hma_spread_atr"":3.941599352947174}},{""atr"":23.972449683256468,""bar"":{""body_fraction"":0.09090909090909093,""close"":7415.5,""close_position"":0.3333333333333333,""direction"":""UP"",""high"":7426.5,""low"":7410.0,""lower_wick_fraction"":0.24242424242424243,""move_atr"":0.06257182807010639,""move_points"":1.5,""open"":7414.0,""snapshot_time"":""2026-08-03T11:15:00+05:30"",""upper_wick_fraction"":0.6666666666666666,""volume"":4860.0},""close"":7415.5,""trend"":{""ema_ref"":7362.472413365892,""ema_slow"":7370.3329204332495,""hma_order"":""BUY"",""hma_spread_atr"":3.7973382434947456}}],""last_observation_hash"":""50aa74445967bd48a3ce8b40334c5569f9ae99d3b4912d0286eb4bf98a9e03a3"",""last_snapshot_time"":""2026-08-03T11:15:00+05:30"",""observation"":{""compression_box_high"":7433.0,""compression_box_low"":7407.0,""compression_candidate_bars"":2,""current_state"":""CONTROLLED_PULLBACK"",""established_side"":""UP"",""exhaustion_active"":true,""exhaustion_age_bars"":1,""exhaustion_clear_bars"":0,""exhaustion_last_seen_at"":""2026-08-03T11:15:00+05:30"",""exhaustion_side"":""UP"",""exhaustion_started_at"":""2026-08-03T11:15:00+05:30"",""failure_breach_bars"":0,""last_close"":7415.5,""last_reason_codes"":[""CONTROLLED_PULLBACK_OBSERVATION_ACTIVE"",""OBSERVATION_PROPOSAL_MATCHED_CURRENT"",""OBSERVATION_STATE_CONTROLLED_PULLBACK""],""last_snapshot_time"":""2026-08-03T11:15:00+05:30"",""leg_age_bars"":10,""leg_anchor_price"":7355.0,""leg_anchor_time"":""2026-08-03T10:48:00+05:30"",""leg_extreme_price"":7433.0,""leg_maturity_consumed"":false,""leg_maturity_extreme_price"":null,""leg_maturity_onset_time"":null,""leg_no_progress_bars"":1,""observation_count"":41,""pending_bars"":0,""pending_state"":null,""protection_level"":7355.0,""protection_source"":""INITIAL_DIRECTIONAL_ANCHOR"",""protection_time"":""2026-08-03T10:48:00+05:30"",""pullback_age_bars"":5,""pullback_candidate_bars"":0,""pullback_extreme_price"":7396.0,""reacceleration_age_bars"":0,""recompression_age_bars"":0,""reversal_confirmation_bars"":0,""reversal_side"":""UP"",""state_age_bars"":5,""trading_day"":""2026-08-03"",""trend_anchor_price"":7355.0,""trend_candidate_bars"":7,""trend_candidate_side"":""UP"",""trend_extreme_price"":7433.0,""trend_failure_age_bars"":0,""trend_onset_time"":""2026-08-03T10:48:00+05:30""},""symbol"":""ABB"",""trading_day"":""2026-08-03""}"
restoration-v3-current-day,development,restoration-trend-control-v3,backtest-default,OK,,,,ABB,2026-08-03,2026-08-03T11:18:00+05:30,2026-08-03T11:15:00+05:30,SNAPSHOT_AUCTION_AUTHORITY_V3A,3m,True,True,7408.5,2026-08-03T11:18:00,7415.5,7415.5,7407.5,7408.5,2694.0,22.83156042016672,BALANCE_QUALIFIED,SELL,dynamic_balance_stable_across_historical_cutoffs,RANGE_ACCEPTED,DYNAMIC:2026-08-03T09:45:00+05:30:2026-08-03T10:03:00+05:30,7311.0,7370.0,25,ok,TURNING_DOWN,-0.120447308435869,0.02737438828087932,OK,INCREMENTAL_PREVIOUS_SNAPSHOT,AUTOTRADES_AUCTION_ENGINE,1.1.0,,,RECOMPRESSION,UP,UP,False,True,True,UP,False,False,False,7355.0,INITIAL_DIRECTIONAL_ANCHOR,2026-08-03T10:48:00+05:30,DYNAMIC:2026-08-03T09:45:00+05:30:2026-08-03T10:03:00+05:30,7311.0,7370.0,False,1.652542372881356,0.05,PRICE_ACTION,0.7393115942028985,PERSISTENT_COMPACT_VALUE_INSIDE_ESTABLISHED_TREND|OBSERVATION_TRANSITION_CONFIRMED|OBSERVATION_STATE_RECOMPRESSION|OBJECTIVE_ACCEPTED_RANGE_GEOMETRY_PRESENT|OBJECTIVE_TREND_PROTECTION_GEOMETRY_PRESENT,DIR:ABB:2026-08-03:002:UP:110000,REVERSAL_WATCH,REVERSAL_WATCH,UP,OBSERVATION_CONFIRMATION,,,2026-08-03T11:00:00+05:30,2026-08-03T11:06:00+05:30,5,7407.5,7433.0,2026-08-03T11:12:00+05:30,7355.0,INITIAL_DIRECTIONAL_ANCHOR,7407.0,OBSERVATION_REJECTION_OR_FAILED_EXTREME:BAR_LOW,2026-08-03T11:12:00+05:30,0,0.0,0,True,REVERSAL_WATCH_RETAINED,2,UNKNOWN,0,5,0,0,0,RECOMPRESSION,2026-08-03T11:18:00+05:30,REVERSAL_WATCH_RETAINED,,NONE,NONE,0,,,,,,UNKNOWN,0,0,0,0,False,False,NO_QUALIFIED_ACCEPTED_RANGE,0,,,,,,0,,,,,MATCH,CONFLICT,CONFLICT,CONFLICT,False,0,False,False,False,True,EPISODE_RAW_STRUCTURE_CONFLICT|EPISODE_SLOPE_CONFLICT,TRANSITIONAL_CONFLICT,[],[],"{""accepted_range_breakout_eligible"":true,""accepted_range_established_at"":""2026-08-03T10:03:00+05:30"",""accepted_range_high"":7370.0,""accepted_range_id"":""DYNAMIC:2026-08-03T09:45:00+05:30:2026-08-03T10:03:00+05:30"",""accepted_range_inside"":false,""accepted_range_low"":7311.0,""accepted_range_outside_atr"":1.686262318102166,""accepted_range_position"":1.652542372881356,""accepted_range_provisional"":false,""atr"":22.83156042016672,""close"":7408.5,""current_leg_mature"":false,""directional_bias"":""UP"",""directional_efficiency"":0.05,""directional_efficiency_source"":""PRICE_ACTION"",""exhausted_side"":""UP"",""exhaustion_active"":true,""extension_mature"":true,""failed_extreme_observed"":false,""high"":7415.5,""low"":7407.5,""observation_state"":""RECOMPRESSION"",""overlap_ratio"":0.7393115942028985,""range_width_atr"":2.5841422537150076,""rejection_observed"":false,""snapshot_time"":""2026-08-03T11:18:00+05:30"",""source_reason_codes"":[""PERSISTENT_COMPACT_VALUE_INSIDE_ESTABLISHED_TREND"",""OBSERVATION_TRANSITION_CONFIRMED"",""OBSERVATION_STATE_RECOMPRESSION"",""OBJECTIVE_ACCEPTED_RANGE_GEOMETRY_PRESENT"",""OBJECTIVE_TREND_PROTECTION_GEOMETRY_PRESENT""],""structural_failure_confirmed"":false,""symbol"":""ABB"",""trading_day"":""2026-08-03"",""trend_direction"":""UP"",""trend_protection_level"":7355.0,""trend_protection_source"":""INITIAL_DIRECTIONAL_ANCHOR"",""trend_protection_time"":""2026-08-03T10:48:00+05:30""}","{""continuation_failure_seen"":true,""continuation_failure_time"":""2026-08-03T11:12:00+05:30"",""current_state"":""REVERSAL_WATCH"",""direction"":""UP"",""episode_id"":""DIR:ABB:2026-08-03:002:UP:110000"",""extreme_price"":7433.0,""extreme_time"":""2026-08-03T11:12:00+05:30"",""first_adverse_bar_close"":7414.0,""first_adverse_bar_level"":7407.0,""first_adverse_bar_time"":""2026-08-03T11:12:00+05:30"",""origin_event_id"":null,""origin_price"":7407.5,""origin_source"":""OBSERVATION_CONFIRMATION"",""parent_episode_id"":null,""previous_state"":""REVERSAL_WATCH"",""protection_level"":7355.0,""protection_source"":""INITIAL_DIRECTIONAL_ANCHOR"",""reason_codes"":[""REVERSAL_WATCH_RETAINED""],""rejection_seen"":true,""reversal_confirmation_breach_closes"":0,""reversal_confirmation_level"":7407.0,""reversal_confirmation_level_time"":""2026-08-03T11:12:00+05:30"",""reversal_confirmation_source"":""OBSERVATION_REJECTION_OR_FAILED_EXTREME:BAR_LOW"",""reversal_leg_failure_closes"":0,""reversal_leg_progress_atr"":0.0,""reversal_leg_progress_bars"":0,""started_at"":""2026-08-03T11:00:00+05:30"",""state_age_bars"":5,""state_started_at"":""2026-08-03T11:06:00+05:30""}","{""attempt_limit_reached"":false,""candidate_bar_expansion_count"":0,""candidate_high"":null,""candidate_last_valid_at"":null,""candidate_low"":null,""candidate_merge_count"":0,""containment_bars"":0,""containment_ratio"":0.0,""current_state"":""NONE"",""down_escape_attempt_count"":0,""episode_id"":null,""escape_attempt_count"":0,""escape_direction"":""UNKNOWN"",""failed_escape_count"":0,""forming_bars_observed"":0,""forming_invalid_bars"":0,""frozen_high"":null,""frozen_low"":null,""last_escape_direction"":""UNKNOWN"",""last_escape_failed_at"":null,""last_escape_started_at"":null,""marginal_excursion_bars"":0,""meaningful_escape_bars"":0,""outside_close_count"":0,""previous_state"":""NONE"",""range_id"":null,""rearm_bars_elapsed"":0,""rearm_inside_close_count"":0,""rearm_required"":false,""reason_codes"":[""NO_QUALIFIED_ACCEPTED_RANGE""],""reentry_close_count"":0,""source_range_ids"":[],""started_at"":null,""state_age_bars"":0,""state_started_at"":null,""up_escape_attempt_count"":0}","{""balance_attempt_limit_reached"":false,""balance_candidate_bar_expansion_count"":0,""balance_candidate_merge_count"":0,""balance_containment_ratio"":0.0,""balance_down_escape_attempt_count"":0,""balance_escape_attempt_count"":0,""balance_failed_escape_count"":0,""balance_forming_bars_observed"":0,""balance_forming_invalid_bars"":0,""balance_last_escape_direction"":""UNKNOWN"",""balance_last_escape_failed_at"":null,""balance_last_escape_started_at"":null,""balance_marginal_excursion_bars"":0,""balance_meaningful_escape_bars"":0,""balance_rearm_bars_elapsed"":0,""balance_rearm_inside_close_count"":0,""balance_rearm_required"":false,""balance_up_escape_attempt_count"":0,""directional_origin_event_id"":null,""directional_origin_source"":""OBSERVATION_CONFIRMATION"",""directional_parent_episode_id"":null,""directional_reversal_watch_age_bars"":5,""directional_start_candidate_bars"":0,""directional_start_candidate_side"":""UNKNOWN"",""observation_accepted_range_id"":""DYNAMIC:2026-08-03T09:45:00+05:30:2026-08-03T10:03:00+05:30"",""observation_current_leg_mature"":false,""observation_directional_bias"":""UP"",""observation_exhaustion_active"":true,""observation_state"":""RECOMPRESSION""}","{""balance"":{""attempt_limit_reached"":false,""candidate_bar_expansion_count"":0,""candidate_high"":null,""candidate_last_valid_at"":null,""candidate_low"":null,""candidate_merge_count"":0,""containment_bars"":0,""down_escape_attempt_count"":0,""emitted_event_ids"":[""BAL:ABB:2026-08-03:001:NEUTRAL:100600:BALANCE_COMPLETED:105400"",""BAL:ABB:2026-08-03:001:NEUTRAL:100600:BALANCE_ESCAPE_ACCEPTED:105100"",""BAL:ABB:2026-08-03:001:NEUTRAL:100600:BALANCE_ESCAPE_STARTED:104800"",""BAL:ABB:2026-08-03:001:NEUTRAL:100600:BALANCE_FORMING_STARTED:100600"",""BAL:ABB:2026-08-03:001:NEUTRAL:100600:BALANCE_LOCKED:102700"",""BAL:ABB:2026-08-03:001:NEUTRAL:100600:BALANCE_PROBABLE:101800""],""episode_id"":null,""escape_attempt_count"":0,""escape_direction"":""UNKNOWN"",""failed_escape_count"":0,""forming_bars_observed"":0,""forming_invalid_bars"":0,""frozen_high"":null,""frozen_low"":null,""last_escape_direction"":""UNKNOWN"",""last_escape_failed_at"":null,""last_escape_started_at"":null,""last_reason_codes"":[""NO_QUALIFIED_ACCEPTED_RANGE""],""marginal_excursion_bars"":0,""meaningful_escape_bars"":0,""outside_close_count"":0,""range_id"":null,""rearm_bars_elapsed"":0,""rearm_inside_close_count"":0,""rearm_required"":false,""reentry_close_count"":0,""sequence"":1,""source_range_ids"":[],""started_at"":null,""state"":""NONE"",""state_age_bars"":0,""state_started_at"":null,""up_escape_attempt_count"":0},""directional"":{""continuation_failure_progress_bars"":2,""continuation_failure_seen"":true,""continuation_failure_seen_at"":""2026-08-03T11:12:00+05:30"",""direction"":""UP"",""emitted_event_ids"":[""DIR:ABB:2026-08-03:001:DOWN:101500:DIRECTIONAL_COMPLETED:105100"",""DIR:ABB:2026-08-03:001:DOWN:101500:DIRECTIONAL_STARTED:101500"",""DIR:ABB:2026-08-03:002:UP:110000:DIRECTIONAL_MATURED:110300"",""DIR:ABB:2026-08-03:002:UP:110000:DIRECTIONAL_STARTED:110000"",""DIR:ABB:2026-08-03:002:UP:110000:REVERSAL_WATCH_STARTED:110600""],""episode_id"":""DIR:ABB:2026-08-03:002:UP:110000"",""extreme_price"":7433.0,""extreme_time"":""2026-08-03T11:12:00+05:30"",""first_adverse_bar_close"":7414.0,""first_adverse_bar_level"":7407.0,""first_adverse_bar_time"":""2026-08-03T11:12:00+05:30"",""inactive_bars"":0,""last_close"":7408.5,""last_observation_state"":""RECOMPRESSION"",""last_observation_state_time"":""2026-08-03T11:18:00+05:30"",""last_reason_codes"":[""REVERSAL_WATCH_RETAINED""],""opposite_control_bars"":0,""origin_event_id"":null,""origin_price"":7407.5,""origin_source"":""OBSERVATION_CONFIRMATION"",""parent_episode_id"":null,""protection_level"":7355.0,""protection_source"":""INITIAL_DIRECTIONAL_ANCHOR"",""protection_time"":""2026-08-03T10:48:00+05:30"",""rejection_seen"":true,""rejection_seen_at"":""2026-08-03T11:12:00+05:30"",""reversal_confirmation_breach_closes"":0,""reversal_confirmation_level"":7407.0,""reversal_confirmation_level_time"":""2026-08-03T11:12:00+05:30"",""reversal_confirmation_source"":""OBSERVATION_REJECTION_OR_FAILED_EXTREME:BAR_LOW"",""reversal_leg_failure_closes"":0,""reversal_leg_progress_atr"":0.0,""reversal_leg_progress_bars"":0,""reversal_watch_age_bars"":5,""sequence"":2,""start_candidate_bars"":0,""start_candidate_side"":""UNKNOWN"",""started_at"":""2026-08-03T11:00:00+05:30"",""state"":""REVERSAL_WATCH"",""state_age_bars"":5,""state_started_at"":""2026-08-03T11:06:00+05:30"",""trend_restore_bars"":0},""evidence_history"":[{""atr"":28.78655387676181,""bar"":{""body_fraction"":0.7543859649122807,""close"":7358.5,""close_position"":0.8771929824561403,""direction"":""UP"",""high"":7362.0,""low"":7333.5,""lower_wick_fraction"":0.12280701754385964,""move_atr"":0.7468764789298401,""move_points"":21.5,""open"":7337.0,""snapshot_time"":""2026-08-03T10:45:00+05:30"",""upper_wick_fraction"":0.12280701754385964,""volume"":9612.0},""close"":7358.5,""trend"":{""ema_ref"":7357.637989281357,""ema_slow"":7361.865211380113,""hma_order"":""BUY"",""hma_spread_atr"":1.9189516082822489}},{""atr"":29.623228599850258,""bar"":{""body_fraction"":0.7037037037037037,""close"":7386.5,""close_position"":0.7777777777777778,""direction"":""UP"",""high"":7395.5,""low"":7355.0,""lower_wick_fraction"":0.07407407407407407,""move_atr"":0.9620828433314008,""move_points"":28.5,""open"":7358.0,""snapshot_time"":""2026-08-03T10:48:00+05:30"",""upper_wick_fraction"":0.2222222222222222,""volume"":25435.0},""close"":7386.5,""trend"":{""ema_ref"":7357.925173467613,""ema_slow"":7362.353028976547,""hma_order"":""BUY"",""hma_spread_atr"":1.7998833824430371}},{""atr"":29.828712271289525,""bar"":{""body_fraction"":0.7692307692307693,""close"":7411.5,""close_position"":0.7692307692307693,""direction"":""UP"",""high"":7419.0,""low"":7386.5,""lower_wick_fraction"":0.0,""move_atr"":0.838118647986785,""move_points"":25.0,""open"":7386.5,""snapshot_time"":""2026-08-03T10:51:00+05:30"",""upper_wick_fraction"":0.2307692307692308,""volume"":17277.0},""close"":7411.5,""trend"":{""ema_ref"":7358.458256318681,""ema_slow"":7363.326236323545,""hma_order"":""BUY"",""hma_spread_atr"":2.0428587622200274}},{""atr"":29.733804251911703,""bar"":{""body_fraction"":0.05263157894736842,""close"":7411.5,""close_position"":0.6666666666666666,""direction"":""UP"",""high"":7421.0,""low"":7392.5,""lower_wick_fraction"":0.6140350877192983,""move_atr"":0.05044763150021609,""move_points"":1.5,""open"":7410.0,""snapshot_time"":""2026-08-03T10:54:00+05:30"",""upper_wick_fraction"":0.3333333333333333,""volume"":10233.0},""close"":7411.5,""trend"":{""ema_ref"":7358.986034862774,""ema_slow"":7364.28017223793,""hma_order"":""BUY"",""hma_spread_atr"":2.7146170400432696}},{""atr"":28.324246805346583,""bar"":{""body_fraction"":0.2,""close"":7409.5,""close_position"":0.45,""direction"":""DOWN"",""high"":7415.0,""low"":7405.0,""lower_wick_fraction"":0.45,""move_atr"":-0.07061088027316839,""move_points"":-2.0,""open"":7411.5,""snapshot_time"":""2026-08-03T10:57:00+05:30"",""upper_wick_fraction"":0.35,""volume"":3818.0},""close"":7409.5,""trend"":{""ema_ref"":7359.488661381553,""ema_slow"":7365.175614371832,""hma_order"":""BUY"",""hma_spread_atr"":3.3868453953614424}},{""atr"":27.265372033536114,""bar"":{""body_fraction"":0.1111111111111111,""close"":7407.5,""close_position"":0.5925925925925926,""direction"":""DOWN"",""high"":7413.0,""low"":7399.5,""lower_wick_fraction"":0.5925925925925926,""move_atr"":-0.05501483706714202,""move_points"":-1.5,""open"":7409.0,""snapshot_time"":""2026-08-03T11:00:00+05:30"",""upper_wick_fraction"":0.2962962962962963,""volume"":3169.0},""close"":7407.5,""trend"":{""ema_ref"":7359.966386143927,""ema_slow"":7366.013721017935,""hma_order"":""BUY"",""hma_spread_atr"":3.8507515182422294}},{""atr"":26.46070260256925,""bar"":{""body_fraction"":0.03125,""close"":7407.0,""close_position"":0.65625,""direction"":""DOWN"",""high"":7412.5,""low"":7396.5,""lower_wick_fraction"":0.65625,""move_atr"":-0.018895945716552953,""move_points"":-0.5,""open"":7407.5,""snapshot_time"":""2026-08-03T11:03:00+05:30"",""upper_wick_fraction"":0.3125,""volume"":4136.0},""close"":7407.0,""trend"":{""ema_ref"":7360.434382301699,""ema_slow"":7366.825330502727,""hma_order"":""BUY"",""hma_spread_atr"":4.097286259360359}},{""atr"":25.39208098810002,""bar"":{""body_fraction"":0.08695652173913043,""close"":7406.0,""close_position"":0.8695652173913043,""direction"":""UP"",""high"":7407.5,""low"":7396.0,""lower_wick_fraction"":0.782608695652174,""move_atr"":0.03938235706118963,""move_points"":1.0,""open"":7405.0,""snapshot_time"":""2026-08-03T11:06:00+05:30"",""upper_wick_fraction"":0.13043478260869565,""volume"":7664.0},""close"":7406.0,""trend"":{""ema_ref"":7360.887771532528,""ema_slow"":7367.601066532376,""hma_order"":""BUY"",""hma_spread_atr"":4.20393668290585}},{""atr"":24.435503774664305,""bar"":{""body_fraction"":0.625,""close"":7414.0,""close_position"":0.7916666666666666,""direction"":""UP"",""high"":7416.5,""low"":7404.5,""lower_wick_fraction"":0.16666666666666666,""move_atr"":0.30693044306196365,""move_points"":7.5,""open"":7406.5,""snapshot_time"":""2026-08-03T11:09:00+05:30"",""upper_wick_fraction"":0.20833333333333337,""volume"":5387.0},""close"":7414.0,""trend"":{""ema_ref"":7361.416251417777,""ema_slow"":7368.519857294112,""hma_order"":""BUY"",""hma_spread_atr"":4.195349727093521}},{""atr"":24.54725350504543,""bar"":{""body_fraction"":0.0,""close"":7414.0,""close_position"":0.2692307692307692,""direction"":""NEUTRAL"",""high"":7433.0,""low"":7407.0,""lower_wick_fraction"":0.2692307692307692,""move_atr"":0.0,""move_points"":0.0,""open"":7414.0,""snapshot_time"":""2026-08-03T11:12:00+05:30"",""upper_wick_fraction"":0.7307692307692307,""volume"":9312.0},""close"":7414.0,""trend"":{""ema_ref"":7361.939472796705,""ema_slow"":7369.420454179376,""hma_order"":""BUY"",""hma_spread_atr"":3.941599352947174}},{""atr"":23.972449683256468,""bar"":{""body_fraction"":0.09090909090909093,""close"":7415.5,""close_position"":0.3333333333333333,""direction"":""UP"",""high"":7426.5,""low"":7410.0,""lower_wick_fraction"":0.24242424242424243,""move_atr"":0.06257182807010639,""move_points"":1.5,""open"":7414.0,""snapshot_time"":""2026-08-03T11:15:00+05:30"",""upper_wick_fraction"":0.6666666666666666,""volume"":4860.0},""close"":7415.5,""trend"":{""ema_ref"":7362.472413365892,""ema_slow"":7370.3329204332495,""hma_order"":""BUY"",""hma_spread_atr"":3.7973382434947456}},{""atr"":22.83156042016672,""bar"":{""body_fraction"":0.875,""close"":7408.5,""close_position"":0.125,""direction"":""DOWN"",""high"":7415.5,""low"":7407.5,""lower_wick_fraction"":0.125,""move_atr"":-0.30659314874584837,""move_points"":-7.0,""open"":7415.5,""snapshot_time"":""2026-08-03T11:18:00+05:30"",""upper_wick_fraction"":0.0,""volume"":2694.0},""close"":7408.5,""trend"":{""ema_ref"":7362.93039930255,""ema_slow"":7371.0887041870465,""hma_order"":""BUY"",""hma_spread_atr"":3.6956913841400345}}],""last_observation_hash"":""706987f2908bf3c3aca94337f8d094fc9074b944653b595eb483f1235930788e"",""last_snapshot_time"":""2026-08-03T11:18:00+05:30"",""observation"":{""compression_box_high"":7433.0,""compression_box_low"":7407.0,""compression_candidate_bars"":3,""current_state"":""RECOMPRESSION"",""established_side"":""UP"",""exhaustion_active"":true,""exhaustion_age_bars"":2,""exhaustion_clear_bars"":0,""exhaustion_last_seen_at"":""2026-08-03T11:18:00+05:30"",""exhaustion_side"":""UP"",""exhaustion_started_at"":""2026-08-03T11:15:00+05:30"",""failure_breach_bars"":0,""last_close"":7408.5,""last_reason_codes"":[""PERSISTENT_COMPACT_VALUE_INSIDE_ESTABLISHED_TREND"",""OBSERVATION_TRANSITION_CONFIRMED"",""OBSERVATION_STATE_RECOMPRESSION""],""last_snapshot_time"":""2026-08-03T11:18:00+05:30"",""leg_age_bars"":11,""leg_anchor_price"":7355.0,""leg_anchor_time"":""2026-08-03T10:48:00+05:30"",""leg_extreme_price"":7433.0,""leg_maturity_consumed"":false,""leg_maturity_extreme_price"":null,""leg_maturity_onset_time"":null,""leg_no_progress_bars"":2,""observation_count"":42,""pending_bars"":0,""pending_state"":null,""protection_level"":7355.0,""protection_source"":""INITIAL_DIRECTIONAL_ANCHOR"",""protection_time"":""2026-08-03T10:48:00+05:30"",""pullback_age_bars"":5,""pullback_candidate_bars"":0,""pullback_extreme_price"":7396.0,""reacceleration_age_bars"":0,""recompression_age_bars"":1,""reversal_confirmation_bars"":0,""reversal_side"":""UP"",""state_age_bars"":1,""trading_day"":""2026-08-03"",""trend_anchor_price"":7355.0,""trend_candidate_bars"":6,""trend_candidate_side"":""UP"",""trend_extreme_price"":7433.0,""trend_failure_age_bars"":0,""trend_onset_time"":""2026-08-03T10:48:00+05:30""},""symbol"":""ABB"",""trading_day"":""2026-08-03""}"
restoration-v3-current-day,development,restoration-trend-control-v3,backtest-default,OK,,,,ABB,2026-08-03,2026-08-03T11:21:00+05:30,2026-08-03T11:18:00+05:30,SNAPSHOT_AUCTION_AUTHORITY_V3A,3m,True,True,7415.0,2026-08-03T11:21:00,7411.5,7415.0,7406.5,7415.0,3101.0,21.80787753301196,BALANCE_QUALIFIED,BUY,dynamic_balance_stable_across_historical_cutoffs,RANGE_ACCEPTED,DYNAMIC:2026-08-03T10:54:00+05:30:2026-08-03T11:18:00+05:30,7392.5,7433.0,1,ok,TURNING_DOWN,-0.011463747428953563,0.011463747428953563,OK,INCREMENTAL_PREVIOUS_SNAPSHOT,AUTOTRADES_AUCTION_ENGINE,1.1.0,,,RECOMPRESSION,UP,UP,False,True,True,UP,True,False,False,7355.0,INITIAL_DIRECTIONAL_ANCHOR,2026-08-03T10:48:00+05:30,DYNAMIC:2026-08-03T10:54:00+05:30:2026-08-03T11:18:00+05:30,7392.5,7433.0,True,0.5555555555555556,0.30612244897959184,PRICE_ACTION,0.7355072463768115,PERSISTENT_COMPACT_VALUE_INSIDE_ESTABLISHED_TREND|OBSERVATION_PROPOSAL_MATCHED_CURRENT|OBSERVATION_STATE_RECOMPRESSION|OBJECTIVE_REJECTION_OBSERVED|OBJECTIVE_ACCEPTED_RANGE_GEOMETRY_PRESENT|OBJECTIVE_TREND_PROTECTION_GEOMETRY_PRESENT,DIR:ABB:2026-08-03:002:UP:110000,REVERSAL_WATCH,REVERSAL_WATCH,UP,OBSERVATION_CONFIRMATION,,,2026-08-03T11:00:00+05:30,2026-08-03T11:06:00+05:30,6,7407.5,7433.0,2026-08-03T11:12:00+05:30,7355.0,INITIAL_DIRECTIONAL_ANCHOR,7407.0,OBSERVATION_REJECTION_OR_FAILED_EXTREME:BAR_LOW,2026-08-03T11:12:00+05:30,0,0.0,0,True,REVERSAL_WATCH_RETAINED,2,UNKNOWN,0,6,0,0,0,RECOMPRESSION,2026-08-03T11:21:00+05:30,REVERSAL_WATCH_RETAINED,BAL:ABB:2026-08-03:002:NEUTRAL:112100,NONE,FORMING,1,,7392.5,7433.0,,,UNKNOWN,0,0,0,0,False,False,BALANCE_FORMING_STARTED,1,BAL:ABB:2026-08-03:002:NEUTRAL:112100:BALANCE_FORMING_STARTED:112100,BALANCE_FORMING_STARTED,UNKNOWN,BAL:ABB:2026-08-03:002:NEUTRAL:112100,BALANCE_FORMING_STARTED:QUALIFIED_ACCEPTED_RANGE_OBSERVED,0,,,,,MATCH,MATCH,CONFLICT,MATCH,False,0,False,False,False,True,EPISODE_SLOPE_CONFLICT,TRANSITIONAL_CONFLICT,"[""event_id='BAL:ABB:2026-08-03:002:NEUTRAL:112100:BALANCE_FORMING_STARTED:112100' event_type=<AuctionEventType.BALANCE_FORMING_STARTED: 'BALANCE_FORMING_STARTED'> episode_id='BAL:ABB:2026-08-03:002:NEUTRAL:112100' symbol='ABB' trading_day=datetime.date(2026, 8, 3) event_time=datetime.datetime(2026, 8, 3, 11, 21, tzinfo=TzInfo(19800)) direction=<DirectionalBias.UNKNOWN: 'UNKNOWN'> reason_codes=('QUALIFIED_ACCEPTED_RANGE_OBSERVED',) data={'range_id': None, 'frozen_low': None, 'frozen_high': None, 'candidate_low': 7392.5, 'candidate_high': 7433.0, 'rearm_required': False, 'containment_bars': 1, 'source_range_ids': ['DYNAMIC:2026-08-03T10:54:00+05:30:2026-08-03T11:18:00+05:30'], 'containment_ratio': 1.0, 'rearm_bars_elapsed': 0, 'failed_escape_count': 0, 'escape_attempt_count': 0, 'attempt_limit_reached': False, 'candidate_merge_count': 0, 'forming_bars_observed': 1, 'last_escape_direction': 'UNKNOWN', 'last_escape_failed_at': None, 'last_escape_started_at': None, 'meaningful_escape_bars': 0, 'candidate_last_valid_at': '2026-08-03T11:21:00+05:30', 'marginal_excursion_bars': 0, 'up_escape_attempt_count': 0, 'rearm_inside_close_count': 0, 'down_escape_attempt_count': 0, 'candidate_bar_expansion_count': 0}""]",[],"{""accepted_range_breakout_eligible"":true,""accepted_range_established_at"":""2026-08-03T11:18:00+05:30"",""accepted_range_high"":7433.0,""accepted_range_id"":""DYNAMIC:2026-08-03T10:54:00+05:30:2026-08-03T11:18:00+05:30"",""accepted_range_inside"":true,""accepted_range_low"":7392.5,""accepted_range_outside_atr"":0.0,""accepted_range_position"":0.5555555555555556,""accepted_range_provisional"":false,""atr"":21.80787753301196,""close"":7415.0,""current_leg_mature"":false,""directional_bias"":""UP"",""directional_efficiency"":0.30612244897959184,""directional_efficiency_source"":""PRICE_ACTION"",""exhausted_side"":""UP"",""exhaustion_active"":true,""extension_mature"":true,""failed_extreme_observed"":false,""high"":7415.0,""low"":7406.5,""observation_state"":""RECOMPRESSION"",""overlap_ratio"":0.7355072463768115,""range_width_atr"":1.8571270834904772,""rejection_observed"":true,""snapshot_time"":""2026-08-03T11:21:00+05:30"",""source_reason_codes"":[""PERSISTENT_COMPACT_VALUE_INSIDE_ESTABLISHED_TREND"",""OBSERVATION_PROPOSAL_MATCHED_CURRENT"",""OBSERVATION_STATE_RECOMPRESSION"",""OBJECTIVE_REJECTION_OBSERVED"",""OBJECTIVE_ACCEPTED_RANGE_GEOMETRY_PRESENT"",""OBJECTIVE_TREND_PROTECTION_GEOMETRY_PRESENT""],""structural_failure_confirmed"":false,""symbol"":""ABB"",""trading_day"":""2026-08-03"",""trend_direction"":""UP"",""trend_protection_level"":7355.0,""trend_protection_source"":""INITIAL_DIRECTIONAL_ANCHOR"",""trend_protection_time"":""2026-08-03T10:48:00+05:30""}","{""continuation_failure_seen"":true,""continuation_failure_time"":""2026-08-03T11:12:00+05:30"",""current_state"":""REVERSAL_WATCH"",""direction"":""UP"",""episode_id"":""DIR:ABB:2026-08-03:002:UP:110000"",""extreme_price"":7433.0,""extreme_time"":""2026-08-03T11:12:00+05:30"",""first_adverse_bar_close"":7414.0,""first_adverse_bar_level"":7407.0,""first_adverse_bar_time"":""2026-08-03T11:12:00+05:30"",""origin_event_id"":null,""origin_price"":7407.5,""origin_source"":""OBSERVATION_CONFIRMATION"",""parent_episode_id"":null,""previous_state"":""REVERSAL_WATCH"",""protection_level"":7355.0,""protection_source"":""INITIAL_DIRECTIONAL_ANCHOR"",""reason_codes"":[""REVERSAL_WATCH_RETAINED""],""rejection_seen"":true,""reversal_confirmation_breach_closes"":0,""reversal_confirmation_level"":7407.0,""reversal_confirmation_level_time"":""2026-08-03T11:12:00+05:30"",""reversal_confirmation_source"":""OBSERVATION_REJECTION_OR_FAILED_EXTREME:BAR_LOW"",""reversal_leg_failure_closes"":0,""reversal_leg_progress_atr"":0.0,""reversal_leg_progress_bars"":0,""started_at"":""2026-08-03T11:00:00+05:30"",""state_age_bars"":6,""state_started_at"":""2026-08-03T11:06:00+05:30""}","{""attempt_limit_reached"":false,""candidate_bar_expansion_count"":0,""candidate_high"":7433.0,""candidate_last_valid_at"":""2026-08-03T11:21:00+05:30"",""candidate_low"":7392.5,""candidate_merge_count"":0,""containment_bars"":1,""containment_ratio"":1.0,""current_state"":""FORMING"",""down_escape_attempt_count"":0,""episode_id"":""BAL:ABB:2026-08-03:002:NEUTRAL:112100"",""escape_attempt_count"":0,""escape_direction"":""UNKNOWN"",""failed_escape_count"":0,""forming_bars_observed"":1,""forming_invalid_bars"":0,""frozen_high"":null,""frozen_low"":null,""last_escape_direction"":""UNKNOWN"",""last_escape_failed_at"":null,""last_escape_started_at"":null,""marginal_excursion_bars"":0,""meaningful_escape_bars"":0,""outside_close_count"":0,""previous_state"":""NONE"",""range_id"":null,""rearm_bars_elapsed"":0,""rearm_inside_close_count"":0,""rearm_required"":false,""reason_codes"":[""BALANCE_FORMING_STARTED""],""reentry_close_count"":0,""source_range_ids"":[""DYNAMIC:2026-08-03T10:54:00+05:30:2026-08-03T11:18:00+05:30""],""started_at"":""2026-08-03T11:21:00+05:30"",""state_age_bars"":1,""state_started_at"":""2026-08-03T11:21:00+05:30"",""up_escape_attempt_count"":0}","{""balance_attempt_limit_reached"":false,""balance_candidate_bar_expansion_count"":0,""balance_candidate_merge_count"":0,""balance_containment_ratio"":1.0,""balance_down_escape_attempt_count"":0,""balance_escape_attempt_count"":0,""balance_failed_escape_count"":0,""balance_forming_bars_observed"":1,""balance_forming_invalid_bars"":0,""balance_last_escape_direction"":""UNKNOWN"",""balance_last_escape_failed_at"":null,""balance_last_escape_started_at"":null,""balance_marginal_excursion_bars"":0,""balance_meaningful_escape_bars"":0,""balance_rearm_bars_elapsed"":0,""balance_rearm_inside_close_count"":0,""balance_rearm_required"":false,""balance_up_escape_attempt_count"":0,""directional_origin_event_id"":null,""directional_origin_source"":""OBSERVATION_CONFIRMATION"",""directional_parent_episode_id"":null,""directional_reversal_watch_age_bars"":6,""directional_start_candidate_bars"":0,""directional_start_candidate_side"":""UNKNOWN"",""observation_accepted_range_id"":""DYNAMIC:2026-08-03T10:54:00+05:30:2026-08-03T11:18:00+05:30"",""observation_current_leg_mature"":false,""observation_directional_bias"":""UP"",""observation_exhaustion_active"":true,""observation_state"":""RECOMPRESSION""}","{""balance"":{""attempt_limit_reached"":false,""candidate_bar_expansion_count"":0,""candidate_high"":7433.0,""candidate_last_valid_at"":""2026-08-03T11:21:00+05:30"",""candidate_low"":7392.5,""candidate_merge_count"":0,""containment_bars"":1,""down_escape_attempt_count"":0,""emitted_event_ids"":[""BAL:ABB:2026-08-03:001:NEUTRAL:100600:BALANCE_COMPLETED:105400"",""BAL:ABB:2026-08-03:001:NEUTRAL:100600:BALANCE_ESCAPE_ACCEPTED:105100"",""BAL:ABB:2026-08-03:001:NEUTRAL:100600:BALANCE_ESCAPE_STARTED:104800"",""BAL:ABB:2026-08-03:001:NEUTRAL:100600:BALANCE_FORMING_STARTED:100600"",""BAL:ABB:2026-08-03:001:NEUTRAL:100600:BALANCE_LOCKED:102700"",""BAL:ABB:2026-08-03:001:NEUTRAL:100600:BALANCE_PROBABLE:101800"",""BAL:ABB:2026-08-03:002:NEUTRAL:112100:BALANCE_FORMING_STARTED:112100""],""episode_id"":""BAL:ABB:2026-08-03:002:NEUTRAL:112100"",""escape_attempt_count"":0,""escape_direction"":""UNKNOWN"",""failed_escape_count"":0,""forming_bars_observed"":1,""forming_invalid_bars"":0,""frozen_high"":null,""frozen_low"":null,""last_escape_direction"":""UNKNOWN"",""last_escape_failed_at"":null,""last_escape_started_at"":null,""last_reason_codes"":[""BALANCE_FORMING_STARTED""],""marginal_excursion_bars"":0,""meaningful_escape_bars"":0,""outside_close_count"":0,""range_id"":null,""rearm_bars_elapsed"":0,""rearm_inside_close_count"":0,""rearm_required"":false,""reentry_close_count"":0,""sequence"":2,""source_range_ids"":[""DYNAMIC:2026-08-03T10:54:00+05:30:2026-08-03T11:18:00+05:30""],""started_at"":""2026-08-03T11:21:00+05:30"",""state"":""FORMING"",""state_age_bars"":1,""state_started_at"":""2026-08-03T11:21:00+05:30"",""up_escape_attempt_count"":0},""directional"":{""continuation_failure_progress_bars"":2,""continuation_failure_seen"":true,""continuation_failure_seen_at"":""2026-08-03T11:12:00+05:30"",""direction"":""UP"",""emitted_event_ids"":[""DIR:ABB:2026-08-03:001:DOWN:101500:DIRECTIONAL_COMPLETED:105100"",""DIR:ABB:2026-08-03:001:DOWN:101500:DIRECTIONAL_STARTED:101500"",""DIR:ABB:2026-08-03:002:UP:110000:DIRECTIONAL_MATURED:110300"",""DIR:ABB:2026-08-03:002:UP:110000:DIRECTIONAL_STARTED:110000"",""DIR:ABB:2026-08-03:002:UP:110000:REVERSAL_WATCH_STARTED:110600""],""episode_id"":""DIR:ABB:2026-08-03:002:UP:110000"",""extreme_price"":7433.0,""extreme_time"":""2026-08-03T11:12:00+05:30"",""first_adverse_bar_close"":7414.0,""first_adverse_bar_level"":7407.0,""first_adverse_bar_time"":""2026-08-03T11:12:00+05:30"",""inactive_bars"":0,""last_close"":7415.0,""last_observation_state"":""RECOMPRESSION"",""last_observation_state_time"":""2026-08-03T11:21:00+05:30"",""last_reason_codes"":[""REVERSAL_WATCH_RETAINED""],""opposite_control_bars"":0,""origin_event_id"":null,""origin_price"":7407.5,""origin_source"":""OBSERVATION_CONFIRMATION"",""parent_episode_id"":null,""protection_level"":7355.0,""protection_source"":""INITIAL_DIRECTIONAL_ANCHOR"",""protection_time"":""2026-08-03T10:48:00+05:30"",""rejection_seen"":true,""rejection_seen_at"":""2026-08-03T11:12:00+05:30"",""reversal_confirmation_breach_closes"":0,""reversal_confirmation_level"":7407.0,""reversal_confirmation_level_time"":""2026-08-03T11:12:00+05:30"",""reversal_confirmation_source"":""OBSERVATION_REJECTION_OR_FAILED_EXTREME:BAR_LOW"",""reversal_leg_failure_closes"":0,""reversal_leg_progress_atr"":0.0,""reversal_leg_progress_bars"":0,""reversal_watch_age_bars"":6,""sequence"":2,""start_candidate_bars"":0,""start_candidate_side"":""UNKNOWN"",""started_at"":""2026-08-03T11:00:00+05:30"",""state"":""REVERSAL_WATCH"",""state_age_bars"":6,""state_started_at"":""2026-08-03T11:06:00+05:30"",""trend_restore_bars"":0},""evidence_history"":[{""atr"":29.623228599850258,""bar"":{""body_fraction"":0.7037037037037037,""close"":7386.5,""close_position"":0.7777777777777778,""direction"":""UP"",""high"":7395.5,""low"":7355.0,""lower_wick_fraction"":0.07407407407407407,""move_atr"":0.9620828433314008,""move_points"":28.5,""open"":7358.0,""snapshot_time"":""2026-08-03T10:48:00+05:30"",""upper_wick_fraction"":0.2222222222222222,""volume"":25435.0},""close"":7386.5,""trend"":{""ema_ref"":7357.925173467613,""ema_slow"":7362.353028976547,""hma_order"":""BUY"",""hma_spread_atr"":1.7998833824430371}},{""atr"":29.828712271289525,""bar"":{""body_fraction"":0.7692307692307693,""close"":7411.5,""close_position"":0.7692307692307693,""direction"":""UP"",""high"":7419.0,""low"":7386.5,""lower_wick_fraction"":0.0,""move_atr"":0.838118647986785,""move_points"":25.0,""open"":7386.5,""snapshot_time"":""2026-08-03T10:51:00+05:30"",""upper_wick_fraction"":0.2307692307692308,""volume"":17277.0},""close"":7411.5,""trend"":{""ema_ref"":7358.458256318681,""ema_slow"":7363.326236323545,""hma_order"":""BUY"",""hma_spread_atr"":2.0428587622200274}},{""atr"":29.733804251911703,""bar"":{""body_fraction"":0.05263157894736842,""close"":7411.5,""close_position"":0.6666666666666666,""direction"":""UP"",""high"":7421.0,""low"":7392.5,""lower_wick_fraction"":0.6140350877192983,""move_atr"":0.05044763150021609,""move_points"":1.5,""open"":7410.0,""snapshot_time"":""2026-08-03T10:54:00+05:30"",""upper_wick_fraction"":0.3333333333333333,""volume"":10233.0},""close"":7411.5,""trend"":{""ema_ref"":7358.986034862774,""ema_slow"":7364.28017223793,""hma_order"":""BUY"",""hma_spread_atr"":2.7146170400432696}},{""atr"":28.324246805346583,""bar"":{""body_fraction"":0.2,""close"":7409.5,""close_position"":0.45,""direction"":""DOWN"",""high"":7415.0,""low"":7405.0,""lower_wick_fraction"":0.45,""move_atr"":-0.07061088027316839,""move_points"":-2.0,""open"":7411.5,""snapshot_time"":""2026-08-03T10:57:00+05:30"",""upper_wick_fraction"":0.35,""volume"":3818.0},""close"":7409.5,""trend"":{""ema_ref"":7359.488661381553,""ema_slow"":7365.175614371832,""hma_order"":""BUY"",""hma_spread_atr"":3.3868453953614424}},{""atr"":27.265372033536114,""bar"":{""body_fraction"":0.1111111111111111,""close"":7407.5,""close_position"":0.5925925925925926,""direction"":""DOWN"",""high"":7413.0,""low"":7399.5,""lower_wick_fraction"":0.5925925925925926,""move_atr"":-0.05501483706714202,""move_points"":-1.5,""open"":7409.0,""snapshot_time"":""2026-08-03T11:00:00+05:30"",""upper_wick_fraction"":0.2962962962962963,""volume"":3169.0},""close"":7407.5,""trend"":{""ema_ref"":7359.966386143927,""ema_slow"":7366.013721017935,""hma_order"":""BUY"",""hma_spread_atr"":3.8507515182422294}},{""atr"":26.46070260256925,""bar"":{""body_fraction"":0.03125,""close"":7407.0,""close_position"":0.65625,""direction"":""DOWN"",""high"":7412.5,""low"":7396.5,""lower_wick_fraction"":0.65625,""move_atr"":-0.018895945716552953,""move_points"":-0.5,""open"":7407.5,""snapshot_time"":""2026-08-03T11:03:00+05:30"",""upper_wick_fraction"":0.3125,""volume"":4136.0},""close"":7407.0,""trend"":{""ema_ref"":7360.434382301699,""ema_slow"":7366.825330502727,""hma_order"":""BUY"",""hma_spread_atr"":4.097286259360359}},{""atr"":25.39208098810002,""bar"":{""body_fraction"":0.08695652173913043,""close"":7406.0,""close_position"":0.8695652173913043,""direction"":""UP"",""high"":7407.5,""low"":7396.0,""lower_wick_fraction"":0.782608695652174,""move_atr"":0.03938235706118963,""move_points"":1.0,""open"":7405.0,""snapshot_time"":""2026-08-03T11:06:00+05:30"",""upper_wick_fraction"":0.13043478260869565,""volume"":7664.0},""close"":7406.0,""trend"":{""ema_ref"":7360.887771532528,""ema_slow"":7367.601066532376,""hma_order"":""BUY"",""hma_spread_atr"":4.20393668290585}},{""atr"":24.435503774664305,""bar"":{""body_fraction"":0.625,""close"":7414.0,""close_position"":0.7916666666666666,""direction"":""UP"",""high"":7416.5,""low"":7404.5,""lower_wick_fraction"":0.16666666666666666,""move_atr"":0.30693044306196365,""move_points"":7.5,""open"":7406.5,""snapshot_time"":""2026-08-03T11:09:00+05:30"",""upper_wick_fraction"":0.20833333333333337,""volume"":5387.0},""close"":7414.0,""trend"":{""ema_ref"":7361.416251417777,""ema_slow"":7368.519857294112,""hma_order"":""BUY"",""hma_spread_atr"":4.195349727093521}},{""atr"":24.54725350504543,""bar"":{""body_fraction"":0.0,""close"":7414.0,""close_position"":0.2692307692307692,""direction"":""NEUTRAL"",""high"":7433.0,""low"":7407.0,""lower_wick_fraction"":0.2692307692307692,""move_atr"":0.0,""move_points"":0.0,""open"":7414.0,""snapshot_time"":""2026-08-03T11:12:00+05:30"",""upper_wick_fraction"":0.7307692307692307,""volume"":9312.0},""close"":7414.0,""trend"":{""ema_ref"":7361.939472796705,""ema_slow"":7369.420454179376,""hma_order"":""BUY"",""hma_spread_atr"":3.941599352947174}},{""atr"":23.972449683256468,""bar"":{""body_fraction"":0.09090909090909093,""close"":7415.5,""close_position"":0.3333333333333333,""direction"":""UP"",""high"":7426.5,""low"":7410.0,""lower_wick_fraction"":0.24242424242424243,""move_atr"":0.06257182807010639,""move_points"":1.5,""open"":7414.0,""snapshot_time"":""2026-08-03T11:15:00+05:30"",""upper_wick_fraction"":0.6666666666666666,""volume"":4860.0},""close"":7415.5,""trend"":{""ema_ref"":7362.472413365892,""ema_slow"":7370.3329204332495,""hma_order"":""BUY"",""hma_spread_atr"":3.7973382434947456}},{""atr"":22.83156042016672,""bar"":{""body_fraction"":0.875,""close"":7408.5,""close_position"":0.125,""direction"":""DOWN"",""high"":7415.5,""low"":7407.5,""lower_wick_fraction"":0.125,""move_atr"":-0.30659314874584837,""move_points"":-7.0,""open"":7415.5,""snapshot_time"":""2026-08-03T11:18:00+05:30"",""upper_wick_fraction"":0.0,""volume"":2694.0},""close"":7408.5,""trend"":{""ema_ref"":7362.93039930255,""ema_slow"":7371.0887041870465,""hma_order"":""BUY"",""hma_spread_atr"":3.6956913841400345}},{""atr"":21.80787753301196,""bar"":{""body_fraction"":0.4117647058823529,""close"":7415.0,""close_position"":1.0,""direction"":""UP"",""high"":7415.0,""low"":7406.5,""lower_wick_fraction"":0.5882352941176471,""move_atr"":0.1604924640053499,""move_points"":3.5,""open"":7411.5,""snapshot_time"":""2026-08-03T11:21:00+05:30"",""upper_wick_fraction"":0.0,""volume"":3101.0},""close"":7415.0,""trend"":{""ema_ref"":7363.448504782126,""ema_slow"":7371.958234797204,""hma_order"":""BUY"",""hma_spread_atr"":3.611514268297504}}],""last_observation_hash"":""9e1754efb9cb0a14c604f9bbb1f20e4e3c591b40642be09144de90a541756414"",""last_snapshot_time"":""2026-08-03T11:21:00+05:30"",""observation"":{""compression_box_high"":7433.0,""compression_box_low"":7407.0,""compression_candidate_bars"":3,""current_state"":""RECOMPRESSION"",""established_side"":""UP"",""exhaustion_active"":true,""exhaustion_age_bars"":3,""exhaustion_clear_bars"":0,""exhaustion_last_seen_at"":""2026-08-03T11:21:00+05:30"",""exhaustion_side"":""UP"",""exhaustion_started_at"":""2026-08-03T11:15:00+05:30"",""failure_breach_bars"":0,""last_close"":7415.0,""last_reason_codes"":[""PERSISTENT_COMPACT_VALUE_INSIDE_ESTABLISHED_TREND"",""OBSERVATION_PROPOSAL_MATCHED_CURRENT"",""OBSERVATION_STATE_RECOMPRESSION""],""last_snapshot_time"":""2026-08-03T11:21:00+05:30"",""leg_age_bars"":12,""leg_anchor_price"":7355.0,""leg_anchor_time"":""2026-08-03T10:48:00+05:30"",""leg_extreme_price"":7433.0,""leg_maturity_consumed"":false,""leg_maturity_extreme_price"":null,""leg_maturity_onset_time"":null,""leg_no_progress_bars"":3,""observation_count"":43,""pending_bars"":0,""pending_state"":null,""protection_level"":7355.0,""protection_source"":""INITIAL_DIRECTIONAL_ANCHOR"",""protection_time"":""2026-08-03T10:48:00+05:30"",""pullback_age_bars"":5,""pullback_candidate_bars"":0,""pullback_extreme_price"":7396.0,""reacceleration_age_bars"":0,""recompression_age_bars"":2,""reversal_confirmation_bars"":0,""reversal_side"":""UP"",""state_age_bars"":2,""trading_day"":""2026-08-03"",""trend_anchor_price"":7355.0,""trend_candidate_bars"":5,""trend_candidate_side"":""UP"",""trend_extreme_price"":7433.0,""trend_failure_age_bars"":0,""trend_onset_time"":""2026-08-03T10:48:00+05:30""},""symbol"":""ABB"",""trading_day"":""2026-08-03""}"
restoration-v3-current-day,development,restoration-trend-control-v3,backtest-default,OK,,,,ABB,2026-08-03,2026-08-03T11:24:00+05:30,2026-08-03T11:21:00+05:30,SNAPSHOT_AUCTION_AUTHORITY_V3A,3m,True,True,7415.0,2026-08-03T11:24:00,7414.0,7419.0,7411.0,7415.0,4322.0,20.82160056636825,EXPANDING_RANGE,BUY,candidate_boundaries_or_midpoint_still_drifting,RANGE_ACCEPTED,DYNAMIC:2026-08-03T10:54:00+05:30:2026-08-03T11:18:00+05:30,7392.5,7433.0,2,ok,UP_ACCELERATING,0.15608790446443918,0.012006761881879937,OK,INCREMENTAL_PREVIOUS_SNAPSHOT,AUTOTRADES_AUCTION_ENGINE,1.1.0,,,RECOMPRESSION,UP,UP,False,True,True,UP,True,False,False,7355.0,INITIAL_DIRECTIONAL_ANCHOR,2026-08-03T10:48:00+05:30,DYNAMIC:2026-08-03T10:54:00+05:30:2026-08-03T11:18:00+05:30,7392.5,7433.0,True,0.5555555555555556,0.3333333333333333,PRICE_ACTION,0.7833333333333333,PERSISTENT_COMPACT_VALUE_INSIDE_ESTABLISHED_TREND|OBSERVATION_PROPOSAL_MATCHED_CURRENT|OBSERVATION_STATE_RECOMPRESSION|OBJECTIVE_REJECTION_OBSERVED|OBJECTIVE_ACCEPTED_RANGE_GEOMETRY_PRESENT|OBJECTIVE_TREND_PROTECTION_GEOMETRY_PRESENT,DIR:ABB:2026-08-03:002:UP:110000,REVERSAL_WATCH,REVERSAL_WATCH,UP,OBSERVATION_CONFIRMATION,,,2026-08-03T11:00:00+05:30,2026-08-03T11:06:00+05:30,7,7407.5,7433.0,2026-08-03T11:12:00+05:30,7355.0,INITIAL_DIRECTIONAL_ANCHOR,7407.0,OBSERVATION_REJECTION_OR_FAILED_EXTREME:BAR_LOW,2026-08-03T11:12:00+05:30,0,0.0,0,True,REVERSAL_WATCH_RETAINED,2,UNKNOWN,0,7,0,0,0,RECOMPRESSION,2026-08-03T11:24:00+05:30,REVERSAL_WATCH_RETAINED,BAL:ABB:2026-08-03:002:NEUTRAL:112100,FORMING,FORMING,2,,7392.5,7433.0,,,UNKNOWN,0,0,0,0,False,False,BALANCE_SOURCE_RANGE_RETAINED|BALANCE_BAR_CONTAINED_IN_CANDIDATE|BALANCE_CONTAINMENT_PROGRESS|BALANCE_FORMING_RETAINED,0,,,,,,0,,,,,MATCH,MATCH,MATCH,MATCH,False,0,False,False,False,True,,COHERENT,[],[],"{""accepted_range_breakout_eligible"":true,""accepted_range_established_at"":""2026-08-03T11:18:00+05:30"",""accepted_range_high"":7433.0,""accepted_range_id"":""DYNAMIC:2026-08-03T10:54:00+05:30:2026-08-03T11:18:00+05:30"",""accepted_range_inside"":true,""accepted_range_low"":7392.5,""accepted_range_outside_atr"":0.0,""accepted_range_position"":0.5555555555555556,""accepted_range_provisional"":false,""atr"":20.82160056636825,""close"":7415.0,""current_leg_mature"":false,""directional_bias"":""UP"",""directional_efficiency"":0.3333333333333333,""directional_efficiency_source"":""PRICE_ACTION"",""exhausted_side"":""UP"",""exhaustion_active"":true,""extension_mature"":true,""failed_extreme_observed"":false,""high"":7419.0,""low"":7411.0,""observation_state"":""RECOMPRESSION"",""overlap_ratio"":0.7833333333333333,""range_width_atr"":1.9450954248645496,""rejection_observed"":true,""snapshot_time"":""2026-08-03T11:24:00+05:30"",""source_reason_codes"":[""PERSISTENT_COMPACT_VALUE_INSIDE_ESTABLISHED_TREND"",""OBSERVATION_PROPOSAL_MATCHED_CURRENT"",""OBSERVATION_STATE_RECOMPRESSION"",""OBJECTIVE_REJECTION_OBSERVED"",""OBJECTIVE_ACCEPTED_RANGE_GEOMETRY_PRESENT"",""OBJECTIVE_TREND_PROTECTION_GEOMETRY_PRESENT""],""structural_failure_confirmed"":false,""symbol"":""ABB"",""trading_day"":""2026-08-03"",""trend_direction"":""UP"",""trend_protection_level"":7355.0,""trend_protection_source"":""INITIAL_DIRECTIONAL_ANCHOR"",""trend_protection_time"":""2026-08-03T10:48:00+05:30""}","{""continuation_failure_seen"":true,""continuation_failure_time"":""2026-08-03T11:12:00+05:30"",""current_state"":""REVERSAL_WATCH"",""direction"":""UP"",""episode_id"":""DIR:ABB:2026-08-03:002:UP:110000"",""extreme_price"":7433.0,""extreme_time"":""2026-08-03T11:12:00+05:30"",""first_adverse_bar_close"":7414.0,""first_adverse_bar_level"":7407.0,""first_adverse_bar_time"":""2026-08-03T11:12:00+05:30"",""origin_event_id"":null,""origin_price"":7407.5,""origin_source"":""OBSERVATION_CONFIRMATION"",""parent_episode_id"":null,""previous_state"":""REVERSAL_WATCH"",""protection_level"":7355.0,""protection_source"":""INITIAL_DIRECTIONAL_ANCHOR"",""reason_codes"":[""REVERSAL_WATCH_RETAINED""],""rejection_seen"":true,""reversal_confirmation_breach_closes"":0,""reversal_confirmation_level"":7407.0,""reversal_confirmation_level_time"":""2026-08-03T11:12:00+05:30"",""reversal_confirmation_source"":""OBSERVATION_REJECTION_OR_FAILED_EXTREME:BAR_LOW"",""reversal_leg_failure_closes"":0,""reversal_leg_progress_atr"":0.0,""reversal_leg_progress_bars"":0,""started_at"":""2026-08-03T11:00:00+05:30"",""state_age_bars"":7,""state_started_at"":""2026-08-03T11:06:00+05:30""}","{""attempt_limit_reached"":false,""candidate_bar_expansion_count"":0,""candidate_high"":7433.0,""candidate_last_valid_at"":""2026-08-03T11:24:00+05:30"",""candidate_low"":7392.5,""candidate_merge_count"":0,""containment_bars"":2,""containment_ratio"":1.0,""current_state"":""FORMING"",""down_escape_attempt_count"":0,""episode_id"":""BAL:ABB:2026-08-03:002:NEUTRAL:112100"",""escape_attempt_count"":0,""escape_direction"":""UNKNOWN"",""failed_escape_count"":0,""forming_bars_observed"":2,""forming_invalid_bars"":0,""frozen_high"":null,""frozen_low"":null,""last_escape_direction"":""UNKNOWN"",""last_escape_failed_at"":null,""last_escape_started_at"":null,""marginal_excursion_bars"":0,""meaningful_escape_bars"":0,""outside_close_count"":0,""previous_state"":""FORMING"",""range_id"":null,""rearm_bars_elapsed"":0,""rearm_inside_close_count"":0,""rearm_required"":false,""reason_codes"":[""BALANCE_SOURCE_RANGE_RETAINED"",""BALANCE_BAR_CONTAINED_IN_CANDIDATE"",""BALANCE_CONTAINMENT_PROGRESS"",""BALANCE_FORMING_RETAINED""],""reentry_close_count"":0,""source_range_ids"":[""DYNAMIC:2026-08-03T10:54:00+05:30:2026-08-03T11:18:00+05:30""],""started_at"":""2026-08-03T11:21:00+05:30"",""state_age_bars"":2,""state_started_at"":""2026-08-03T11:21:00+05:30"",""up_escape_attempt_count"":0}","{""balance_attempt_limit_reached"":false,""balance_candidate_bar_expansion_count"":0,""balance_candidate_merge_count"":0,""balance_containment_ratio"":1.0,""balance_down_escape_attempt_count"":0,""balance_escape_attempt_count"":0,""balance_failed_escape_count"":0,""balance_forming_bars_observed"":2,""balance_forming_invalid_bars"":0,""balance_last_escape_direction"":""UNKNOWN"",""balance_last_escape_failed_at"":null,""balance_last_escape_started_at"":null,""balance_marginal_excursion_bars"":0,""balance_meaningful_escape_bars"":0,""balance_rearm_bars_elapsed"":0,""balance_rearm_inside_close_count"":0,""balance_rearm_required"":false,""balance_up_escape_attempt_count"":0,""directional_origin_event_id"":null,""directional_origin_source"":""OBSERVATION_CONFIRMATION"",""directional_parent_episode_id"":null,""directional_reversal_watch_age_bars"":7,""directional_start_candidate_bars"":0,""directional_start_candidate_side"":""UNKNOWN"",""observation_accepted_range_id"":""DYNAMIC:2026-08-03T10:54:00+05:30:2026-08-03T11:18:00+05:30"",""observation_current_leg_mature"":false,""observation_directional_bias"":""UP"",""observation_exhaustion_active"":true,""observation_state"":""RECOMPRESSION""}","{""balance"":{""attempt_limit_reached"":false,""candidate_bar_expansion_count"":0,""candidate_high"":7433.0,""candidate_last_valid_at"":""2026-08-03T11:24:00+05:30"",""candidate_low"":7392.5,""candidate_merge_count"":0,""containment_bars"":2,""down_escape_attempt_count"":0,""emitted_event_ids"":[""BAL:ABB:2026-08-03:001:NEUTRAL:100600:BALANCE_COMPLETED:105400"",""BAL:ABB:2026-08-03:001:NEUTRAL:100600:BALANCE_ESCAPE_ACCEPTED:105100"",""BAL:ABB:2026-08-03:001:NEUTRAL:100600:BALANCE_ESCAPE_STARTED:104800"",""BAL:ABB:2026-08-03:001:NEUTRAL:100600:BALANCE_FORMING_STARTED:100600"",""BAL:ABB:2026-08-03:001:NEUTRAL:100600:BALANCE_LOCKED:102700"",""BAL:ABB:2026-08-03:001:NEUTRAL:100600:BALANCE_PROBABLE:101800"",""BAL:ABB:2026-08-03:002:NEUTRAL:112100:BALANCE_FORMING_STARTED:112100""],""episode_id"":""BAL:ABB:2026-08-03:002:NEUTRAL:112100"",""escape_attempt_count"":0,""escape_direction"":""UNKNOWN"",""failed_escape_count"":0,""forming_bars_observed"":2,""forming_invalid_bars"":0,""frozen_high"":null,""frozen_low"":null,""last_escape_direction"":""UNKNOWN"",""last_escape_failed_at"":null,""last_escape_started_at"":null,""last_reason_codes"":[""BALANCE_SOURCE_RANGE_RETAINED"",""BALANCE_BAR_CONTAINED_IN_CANDIDATE"",""BALANCE_CONTAINMENT_PROGRESS"",""BALANCE_FORMING_RETAINED""],""marginal_excursion_bars"":0,""meaningful_escape_bars"":0,""outside_close_count"":0,""range_id"":null,""rearm_bars_elapsed"":0,""rearm_inside_close_count"":0,""rearm_required"":false,""reentry_close_count"":0,""sequence"":2,""source_range_ids"":[""DYNAMIC:2026-08-03T10:54:00+05:30:2026-08-03T11:18:00+05:30""],""started_at"":""2026-08-03T11:21:00+05:30"",""state"":""FORMING"",""state_age_bars"":2,""state_started_at"":""2026-08-03T11:21:00+05:30"",""up_escape_attempt_count"":0},""directional"":{""continuation_failure_progress_bars"":2,""continuation_failure_seen"":true,""continuation_failure_seen_at"":""2026-08-03T11:12:00+05:30"",""direction"":""UP"",""emitted_event_ids"":[""DIR:ABB:2026-08-03:001:DOWN:101500:DIRECTIONAL_COMPLETED:105100"",""DIR:ABB:2026-08-03:001:DOWN:101500:DIRECTIONAL_STARTED:101500"",""DIR:ABB:2026-08-03:002:UP:110000:DIRECTIONAL_MATURED:110300"",""DIR:ABB:2026-08-03:002:UP:110000:DIRECTIONAL_STARTED:110000"",""DIR:ABB:2026-08-03:002:UP:110000:REVERSAL_WATCH_STARTED:110600""],""episode_id"":""DIR:ABB:2026-08-03:002:UP:110000"",""extreme_price"":7433.0,""extreme_time"":""2026-08-03T11:12:00+05:30"",""first_adverse_bar_close"":7414.0,""first_adverse_bar_level"":7407.0,""first_adverse_bar_time"":""2026-08-03T11:12:00+05:30"",""inactive_bars"":0,""last_close"":7415.0,""last_observation_state"":""RECOMPRESSION"",""last_observation_state_time"":""2026-08-03T11:24:00+05:30"",""last_reason_codes"":[""REVERSAL_WATCH_RETAINED""],""opposite_control_bars"":0,""origin_event_id"":null,""origin_price"":7407.5,""origin_source"":""OBSERVATION_CONFIRMATION"",""parent_episode_id"":null,""protection_level"":7355.0,""protection_source"":""INITIAL_DIRECTIONAL_ANCHOR"",""protection_time"":""2026-08-03T10:48:00+05:30"",""rejection_seen"":true,""rejection_seen_at"":""2026-08-03T11:12:00+05:30"",""reversal_confirmation_breach_closes"":0,""reversal_confirmation_level"":7407.0,""reversal_confirmation_level_time"":""2026-08-03T11:12:00+05:30"",""reversal_confirmation_source"":""OBSERVATION_REJECTION_OR_FAILED_EXTREME:BAR_LOW"",""reversal_leg_failure_closes"":0,""reversal_leg_progress_atr"":0.0,""reversal_leg_progress_bars"":0,""reversal_watch_age_bars"":7,""sequence"":2,""start_candidate_bars"":0,""start_candidate_side"":""UNKNOWN"",""started_at"":""2026-08-03T11:00:00+05:30"",""state"":""REVERSAL_WATCH"",""state_age_bars"":7,""state_started_at"":""2026-08-03T11:06:00+05:30"",""trend_restore_bars"":0},""evidence_history"":[{""atr"":29.828712271289525,""bar"":{""body_fraction"":0.7692307692307693,""close"":7411.5,""close_position"":0.7692307692307693,""direction"":""UP"",""high"":7419.0,""low"":7386.5,""lower_wick_fraction"":0.0,""move_atr"":0.838118647986785,""move_points"":25.0,""open"":7386.5,""snapshot_time"":""2026-08-03T10:51:00+05:30"",""upper_wick_fraction"":0.2307692307692308,""volume"":17277.0},""close"":7411.5,""trend"":{""ema_ref"":7358.458256318681,""ema_slow"":7363.326236323545,""hma_order"":""BUY"",""hma_spread_atr"":2.0428587622200274}},{""atr"":29.733804251911703,""bar"":{""body_fraction"":0.05263157894736842,""close"":7411.5,""close_position"":0.6666666666666666,""direction"":""UP"",""high"":7421.0,""low"":7392.5,""lower_wick_fraction"":0.6140350877192983,""move_atr"":0.05044763150021609,""move_points"":1.5,""open"":7410.0,""snapshot_time"":""2026-08-03T10:54:00+05:30"",""upper_wick_fraction"":0.3333333333333333,""volume"":10233.0},""close"":7411.5,""trend"":{""ema_ref"":7358.986034862774,""ema_slow"":7364.28017223793,""hma_order"":""BUY"",""hma_spread_atr"":2.7146170400432696}},{""atr"":28.324246805346583,""bar"":{""body_fraction"":0.2,""close"":7409.5,""close_position"":0.45,""direction"":""DOWN"",""high"":7415.0,""low"":7405.0,""lower_wick_fraction"":0.45,""move_atr"":-0.07061088027316839,""move_points"":-2.0,""open"":7411.5,""snapshot_time"":""2026-08-03T10:57:00+05:30"",""upper_wick_fraction"":0.35,""volume"":3818.0},""close"":7409.5,""trend"":{""ema_ref"":7359.488661381553,""ema_slow"":7365.175614371832,""hma_order"":""BUY"",""hma_spread_atr"":3.3868453953614424}},{""atr"":27.265372033536114,""bar"":{""body_fraction"":0.1111111111111111,""close"":7407.5,""close_position"":0.5925925925925926,""direction"":""DOWN"",""high"":7413.0,""low"":7399.5,""lower_wick_fraction"":0.5925925925925926,""move_atr"":-0.05501483706714202,""move_points"":-1.5,""open"":7409.0,""snapshot_time"":""2026-08-03T11:00:00+05:30"",""upper_wick_fraction"":0.2962962962962963,""volume"":3169.0},""close"":7407.5,""trend"":{""ema_ref"":7359.966386143927,""ema_slow"":7366.013721017935,""hma_order"":""BUY"",""hma_spread_atr"":3.8507515182422294}},{""atr"":26.46070260256925,""bar"":{""body_fraction"":0.03125,""close"":7407.0,""close_position"":0.65625,""direction"":""DOWN"",""high"":7412.5,""low"":7396.5,""lower_wick_fraction"":0.65625,""move_atr"":-0.018895945716552953,""move_points"":-0.5,""open"":7407.5,""snapshot_time"":""2026-08-03T11:03:00+05:30"",""upper_wick_fraction"":0.3125,""volume"":4136.0},""close"":7407.0,""trend"":{""ema_ref"":7360.434382301699,""ema_slow"":7366.825330502727,""hma_order"":""BUY"",""hma_spread_atr"":4.097286259360359}},{""atr"":25.39208098810002,""bar"":{""body_fraction"":0.08695652173913043,""close"":7406.0,""close_position"":0.8695652173913043,""direction"":""UP"",""high"":7407.5,""low"":7396.0,""lower_wick_fraction"":0.782608695652174,""move_atr"":0.03938235706118963,""move_points"":1.0,""open"":7405.0,""snapshot_time"":""2026-08-03T11:06:00+05:30"",""upper_wick_fraction"":0.13043478260869565,""volume"":7664.0},""close"":7406.0,""trend"":{""ema_ref"":7360.887771532528,""ema_slow"":7367.601066532376,""hma_order"":""BUY"",""hma_spread_atr"":4.20393668290585}},{""atr"":24.435503774664305,""bar"":{""body_fraction"":0.625,""close"":7414.0,""close_position"":0.7916666666666666,""direction"":""UP"",""high"":7416.5,""low"":7404.5,""lower_wick_fraction"":0.16666666666666666,""move_atr"":0.30693044306196365,""move_points"":7.5,""open"":7406.5,""snapshot_time"":""2026-08-03T11:09:00+05:30"",""upper_wick_fraction"":0.20833333333333337,""volume"":5387.0},""close"":7414.0,""trend"":{""ema_ref"":7361.416251417777,""ema_slow"":7368.519857294112,""hma_order"":""BUY"",""hma_spread_atr"":4.195349727093521}},{""atr"":24.54725350504543,""bar"":{""body_fraction"":0.0,""close"":7414.0,""close_position"":0.2692307692307692,""direction"":""NEUTRAL"",""high"":7433.0,""low"":7407.0,""lower_wick_fraction"":0.2692307692307692,""move_atr"":0.0,""move_points"":0.0,""open"":7414.0,""snapshot_time"":""2026-08-03T11:12:00+05:30"",""upper_wick_fraction"":0.7307692307692307,""volume"":9312.0},""close"":7414.0,""trend"":{""ema_ref"":7361.939472796705,""ema_slow"":7369.420454179376,""hma_order"":""BUY"",""hma_spread_atr"":3.941599352947174}},{""atr"":23.972449683256468,""bar"":{""body_fraction"":0.09090909090909093,""close"":7415.5,""close_position"":0.3333333333333333,""direction"":""UP"",""high"":7426.5,""low"":7410.0,""lower_wick_fraction"":0.24242424242424243,""move_atr"":0.06257182807010639,""move_points"":1.5,""open"":7414.0,""snapshot_time"":""2026-08-03T11:15:00+05:30"",""upper_wick_fraction"":0.6666666666666666,""volume"":4860.0},""close"":7415.5,""trend"":{""ema_ref"":7362.472413365892,""ema_slow"":7370.3329204332495,""hma_order"":""BUY"",""hma_spread_atr"":3.7973382434947456}},{""atr"":22.83156042016672,""bar"":{""body_fraction"":0.875,""close"":7408.5,""close_position"":0.125,""direction"":""DOWN"",""high"":7415.5,""low"":7407.5,""lower_wick_fraction"":0.125,""move_atr"":-0.30659314874584837,""move_points"":-7.0,""open"":7415.5,""snapshot_time"":""2026-08-03T11:18:00+05:30"",""upper_wick_fraction"":0.0,""volume"":2694.0},""close"":7408.5,""trend"":{""ema_ref"":7362.93039930255,""ema_slow"":7371.0887041870465,""hma_order"":""BUY"",""hma_spread_atr"":3.6956913841400345}},{""atr"":21.80787753301196,""bar"":{""body_fraction"":0.4117647058823529,""close"":7415.0,""close_position"":1.0,""direction"":""UP"",""high"":7415.0,""low"":7406.5,""lower_wick_fraction"":0.5882352941176471,""move_atr"":0.1604924640053499,""move_points"":3.5,""open"":7411.5,""snapshot_time"":""2026-08-03T11:21:00+05:30"",""upper_wick_fraction"":0.0,""volume"":3101.0},""close"":7415.0,""trend"":{""ema_ref"":7363.448504782126,""ema_slow"":7371.958234797204,""hma_order"":""BUY"",""hma_spread_atr"":3.611514268297504}},{""atr"":20.82160056636825,""bar"":{""body_fraction"":0.125,""close"":7415.0,""close_position"":0.5,""direction"":""UP"",""high"":7419.0,""low"":7411.0,""lower_wick_fraction"":0.375,""move_atr"":0.048027047527519746,""move_points"":1.0,""open"":7414.0,""snapshot_time"":""2026-08-03T11:24:00+05:30"",""upper_wick_fraction"":0.5,""volume"":4322.0},""close"":7415.0,""trend"":{""ema_ref"":7363.9614549832995,""ema_slow"":7372.810546979437,""hma_order"":""BUY"",""hma_spread_atr"":3.5486433329114297}}],""last_observation_hash"":""f7ffb53dd1dd63165396c48ef81a81e653a0472cfd6d56d691f00dcb114234b4"",""last_snapshot_time"":""2026-08-03T11:24:00+05:30"",""observation"":{""compression_box_high"":7433.0,""compression_box_low"":7407.0,""compression_candidate_bars"":3,""current_state"":""RECOMPRESSION"",""established_side"":""UP"",""exhaustion_active"":true,""exhaustion_age_bars"":4,""exhaustion_clear_bars"":0,""exhaustion_last_seen_at"":""2026-08-03T11:24:00+05:30"",""exhaustion_side"":""UP"",""exhaustion_started_at"":""2026-08-03T11:15:00+05:30"",""failure_breach_bars"":0,""last_close"":7415.0,""last_reason_codes"":[""PERSISTENT_COMPACT_VALUE_INSIDE_ESTABLISHED_TREND"",""OBSERVATION_PROPOSAL_MATCHED_CURRENT"",""OBSERVATION_STATE_RECOMPRESSION""],""last_snapshot_time"":""2026-08-03T11:24:00+05:30"",""leg_age_bars"":13,""leg_anchor_price"":7355.0,""leg_anchor_time"":""2026-08-03T10:48:00+05:30"",""leg_extreme_price"":7433.0,""leg_maturity_consumed"":false,""leg_maturity_extreme_price"":null,""leg_maturity_onset_time"":null,""leg_no_progress_bars"":4,""observation_count"":44,""pending_bars"":0,""pending_state"":null,""protection_level"":7355.0,""protection_source"":""INITIAL_DIRECTIONAL_ANCHOR"",""protection_time"":""2026-08-03T10:48:00+05:30"",""pullback_age_bars"":5,""pullback_candidate_bars"":0,""pullback_extreme_price"":7396.0,""reacceleration_age_bars"":0,""recompression_age_bars"":3,""reversal_confirmation_bars"":0,""reversal_side"":""UP"",""state_age_bars"":3,""trading_day"":""2026-08-03"",""trend_anchor_price"":7355.0,""trend_candidate_bars"":4,""trend_candidate_side"":""UP"",""trend_extreme_price"":7433.0,""trend_failure_age_bars"":0,""trend_onset_time"":""2026-08-03T10:48:00+05:30""},""symbol"":""ABB"",""trading_day"":""2026-08-03""}"
restoration-v3-current-day,development,restoration-trend-control-v3,backtest-default,OK,,,,ABB,2026-08-03,2026-08-03T11:27:00+05:30,2026-08-03T11:24:00+05:30,SNAPSHOT_AUCTION_AUTHORITY_V3A,3m,True,True,7450.0,2026-08-03T11:27:00,7415.5,7457.0,7415.5,7450.0,15720.0,22.334343383056233,BALANCE_QUALIFIED,BUY,dynamic_balance_waiting_for_stable_historical_cutoff,RANGE_ACCEPTED,DYNAMIC:2026-08-03T10:54:00+05:30:2026-08-03T11:18:00+05:30,7392.5,7433.0,3,ok,UP_ACCELERATING,0.7835466527874839,0.38617656458811705,OK,INCREMENTAL_PREVIOUS_SNAPSHOT,AUTOTRADES_AUCTION_ENGINE,1.1.0,,,REACCELERATION,UP,UP,False,False,True,UP,False,False,False,7407.0,CONFIRMED_RECOMPRESSION_BOX,2026-08-03T11:27:00+05:30,DYNAMIC:2026-08-03T10:54:00+05:30:2026-08-03T11:18:00+05:30,7392.5,7433.0,False,1.4197530864197532,0.7586206896551724,PRICE_ACTION,0.7125,FRESH_DISPLACEMENT_AFTER_CONFIRMED_TREND_PAUSE|OBSERVATION_TRANSITION_CONFIRMED|OBSERVATION_STATE_REACCELERATION|OBJECTIVE_ACCEPTED_RANGE_GEOMETRY_PRESENT|OBJECTIVE_TREND_PROTECTION_GEOMETRY_PRESENT,DIR:ABB:2026-08-03:002:UP:110000,REVERSAL_WATCH,REVERSAL_WATCH,UP,OBSERVATION_CONFIRMATION,,,2026-08-03T11:00:00+05:30,2026-08-03T11:06:00+05:30,8,7407.5,7457.0,2026-08-03T11:27:00+05:30,7407.0,CONFIRMED_RECOMPRESSION_BOX,,,,0,0.0,0,False,REVERSAL_WATCH_RETAINED,2,UNKNOWN,0,8,0,0,0,REACCELERATION,2026-08-03T11:27:00+05:30,REVERSAL_WATCH_RETAINED,BAL:ABB:2026-08-03:002:NEUTRAL:112100,FORMING,FORMING,3,,7392.5,7433.0,,,UNKNOWN,0,0,0,0,False,False,BALANCE_SOURCE_RANGE_RETAINED|BALANCE_FORMING_MEANINGFUL_UPSIDE_ESCAPE|BALANCE_FORMING_MEANINGFUL_ESCAPE_PROGRESS|BALANCE_FORMING_RETAINED,0,,,,,,0,,,,,MATCH,MATCH,MATCH,MATCH,False,0,False,False,False,True,,COHERENT,[],[],"{""accepted_range_breakout_eligible"":true,""accepted_range_established_at"":""2026-08-03T11:18:00+05:30"",""accepted_range_high"":7433.0,""accepted_range_id"":""DYNAMIC:2026-08-03T10:54:00+05:30:2026-08-03T11:18:00+05:30"",""accepted_range_inside"":false,""accepted_range_low"":7392.5,""accepted_range_outside_atr"":0.7611596055649843,""accepted_range_position"":1.4197530864197532,""accepted_range_provisional"":false,""atr"":22.334343383056233,""close"":7450.0,""current_leg_mature"":false,""directional_bias"":""UP"",""directional_efficiency"":0.7586206896551724,""directional_efficiency_source"":""PRICE_ACTION"",""exhausted_side"":""UP"",""exhaustion_active"":true,""extension_mature"":false,""failed_extreme_observed"":false,""high"":7457.0,""low"":7415.5,""observation_state"":""REACCELERATION"",""overlap_ratio"":0.7125,""range_width_atr"":1.8133508250224628,""rejection_observed"":false,""snapshot_time"":""2026-08-03T11:27:00+05:30"",""source_reason_codes"":[""FRESH_DISPLACEMENT_AFTER_CONFIRMED_TREND_PAUSE"",""OBSERVATION_TRANSITION_CONFIRMED"",""OBSERVATION_STATE_REACCELERATION"",""OBJECTIVE_ACCEPTED_RANGE_GEOMETRY_PRESENT"",""OBJECTIVE_TREND_PROTECTION_GEOMETRY_PRESENT""],""structural_failure_confirmed"":false,""symbol"":""ABB"",""trading_day"":""2026-08-03"",""trend_direction"":""UP"",""trend_protection_level"":7407.0,""trend_protection_source"":""CONFIRMED_RECOMPRESSION_BOX"",""trend_protection_time"":""2026-08-03T11:27:00+05:30""}","{""continuation_failure_seen"":false,""continuation_failure_time"":null,""current_state"":""REVERSAL_WATCH"",""direction"":""UP"",""episode_id"":""DIR:ABB:2026-08-03:002:UP:110000"",""extreme_price"":7457.0,""extreme_time"":""2026-08-03T11:27:00+05:30"",""first_adverse_bar_close"":null,""first_adverse_bar_level"":null,""first_adverse_bar_time"":null,""origin_event_id"":null,""origin_price"":7407.5,""origin_source"":""OBSERVATION_CONFIRMATION"",""parent_episode_id"":null,""previous_state"":""REVERSAL_WATCH"",""protection_level"":7407.0,""protection_source"":""CONFIRMED_RECOMPRESSION_BOX"",""reason_codes"":[""REVERSAL_WATCH_RETAINED""],""rejection_seen"":false,""reversal_confirmation_breach_closes"":0,""reversal_confirmation_level"":null,""reversal_confirmation_level_time"":null,""reversal_confirmation_source"":"""",""reversal_leg_failure_closes"":0,""reversal_leg_progress_atr"":0.0,""reversal_leg_progress_bars"":0,""started_at"":""2026-08-03T11:00:00+05:30"",""state_age_bars"":8,""state_started_at"":""2026-08-03T11:06:00+05:30""}","{""attempt_limit_reached"":false,""candidate_bar_expansion_count"":0,""candidate_high"":7433.0,""candidate_last_valid_at"":""2026-08-03T11:24:00+05:30"",""candidate_low"":7392.5,""candidate_merge_count"":0,""containment_bars"":2,""containment_ratio"":0.6666666666666666,""current_state"":""FORMING"",""down_escape_attempt_count"":0,""episode_id"":""BAL:ABB:2026-08-03:002:NEUTRAL:112100"",""escape_attempt_count"":0,""escape_direction"":""UNKNOWN"",""failed_escape_count"":0,""forming_bars_observed"":3,""forming_invalid_bars"":1,""frozen_high"":null,""frozen_low"":null,""last_escape_direction"":""UNKNOWN"",""last_escape_failed_at"":null,""last_escape_started_at"":null,""marginal_excursion_bars"":0,""meaningful_escape_bars"":1,""outside_close_count"":0,""previous_state"":""FORMING"",""range_id"":null,""rearm_bars_elapsed"":0,""rearm_inside_close_count"":0,""rearm_required"":false,""reason_codes"":[""BALANCE_SOURCE_RANGE_RETAINED"",""BALANCE_FORMING_MEANINGFUL_UPSIDE_ESCAPE"",""BALANCE_FORMING_MEANINGFUL_ESCAPE_PROGRESS"",""BALANCE_FORMING_RETAINED""],""reentry_close_count"":0,""source_range_ids"":[""DYNAMIC:2026-08-03T10:54:00+05:30:2026-08-03T11:18:00+05:30""],""started_at"":""2026-08-03T11:21:00+05:30"",""state_age_bars"":3,""state_started_at"":""2026-08-03T11:21:00+05:30"",""up_escape_attempt_count"":0}","{""balance_attempt_limit_reached"":false,""balance_candidate_bar_expansion_count"":0,""balance_candidate_merge_count"":0,""balance_containment_ratio"":0.6666666666666666,""balance_down_escape_attempt_count"":0,""balance_escape_attempt_count"":0,""balance_failed_escape_count"":0,""balance_forming_bars_observed"":3,""balance_forming_invalid_bars"":1,""balance_last_escape_direction"":""UNKNOWN"",""balance_last_escape_failed_at"":null,""balance_last_escape_started_at"":null,""balance_marginal_excursion_bars"":0,""balance_meaningful_escape_bars"":1,""balance_rearm_bars_elapsed"":0,""balance_rearm_inside_close_count"":0,""balance_rearm_required"":false,""balance_up_escape_attempt_count"":0,""directional_origin_event_id"":null,""directional_origin_source"":""OBSERVATION_CONFIRMATION"",""directional_parent_episode_id"":null,""directional_reversal_watch_age_bars"":8,""directional_start_candidate_bars"":0,""directional_start_candidate_side"":""UNKNOWN"",""observation_accepted_range_id"":""DYNAMIC:2026-08-03T10:54:00+05:30:2026-08-03T11:18:00+05:30"",""observation_current_leg_mature"":false,""observation_directional_bias"":""UP"",""observation_exhaustion_active"":true,""observation_state"":""REACCELERATION""}","{""balance"":{""attempt_limit_reached"":false,""candidate_bar_expansion_count"":0,""candidate_high"":7433.0,""candidate_last_valid_at"":""2026-08-03T11:24:00+05:30"",""candidate_low"":7392.5,""candidate_merge_count"":0,""containment_bars"":2,""down_escape_attempt_count"":0,""emitted_event_ids"":[""BAL:ABB:2026-08-03:001:NEUTRAL:100600:BALANCE_COMPLETED:105400"",""BAL:ABB:2026-08-03:001:NEUTRAL:100600:BALANCE_ESCAPE_ACCEPTED:105100"",""BAL:ABB:2026-08-03:001:NEUTRAL:100600:BALANCE_ESCAPE_STARTED:104800"",""BAL:ABB:2026-08-03:001:NEUTRAL:100600:BALANCE_FORMING_STARTED:100600"",""BAL:ABB:2026-08-03:001:NEUTRAL:100600:BALANCE_LOCKED:102700"",""BAL:ABB:2026-08-03:001:NEUTRAL:100600:BALANCE_PROBABLE:101800"",""BAL:ABB:2026-08-03:002:NEUTRAL:112100:BALANCE_FORMING_STARTED:112100""],""episode_id"":""BAL:ABB:2026-08-03:002:NEUTRAL:112100"",""escape_attempt_count"":0,""escape_direction"":""UNKNOWN"",""failed_escape_count"":0,""forming_bars_observed"":3,""forming_invalid_bars"":1,""frozen_high"":null,""frozen_low"":null,""last_escape_direction"":""UNKNOWN"",""last_escape_failed_at"":null,""last_escape_started_at"":null,""last_reason_codes"":[""BALANCE_SOURCE_RANGE_RETAINED"",""BALANCE_FORMING_MEANINGFUL_UPSIDE_ESCAPE"",""BALANCE_FORMING_MEANINGFUL_ESCAPE_PROGRESS"",""BALANCE_FORMING_RETAINED""],""marginal_excursion_bars"":0,""meaningful_escape_bars"":1,""outside_close_count"":0,""range_id"":null,""rearm_bars_elapsed"":0,""rearm_inside_close_count"":0,""rearm_required"":false,""reentry_close_count"":0,""sequence"":2,""source_range_ids"":[""DYNAMIC:2026-08-03T10:54:00+05:30:2026-08-03T11:18:00+05:30""],""started_at"":""2026-08-03T11:21:00+05:30"",""state"":""FORMING"",""state_age_bars"":3,""state_started_at"":""2026-08-03T11:21:00+05:30"",""up_escape_attempt_count"":0},""directional"":{""continuation_failure_progress_bars"":0,""continuation_failure_seen"":false,""continuation_failure_seen_at"":null,""direction"":""UP"",""emitted_event_ids"":[""DIR:ABB:2026-08-03:001:DOWN:101500:DIRECTIONAL_COMPLETED:105100"",""DIR:ABB:2026-08-03:001:DOWN:101500:DIRECTIONAL_STARTED:101500"",""DIR:ABB:2026-08-03:002:UP:110000:DIRECTIONAL_MATURED:110300"",""DIR:ABB:2026-08-03:002:UP:110000:DIRECTIONAL_STARTED:110000"",""DIR:ABB:2026-08-03:002:UP:110000:REVERSAL_WATCH_STARTED:110600""],""episode_id"":""DIR:ABB:2026-08-03:002:UP:110000"",""extreme_price"":7457.0,""extreme_time"":""2026-08-03T11:27:00+05:30"",""first_adverse_bar_close"":null,""first_adverse_bar_level"":null,""first_adverse_bar_time"":null,""inactive_bars"":0,""last_close"":7450.0,""last_observation_state"":""REACCELERATION"",""last_observation_state_time"":""2026-08-03T11:27:00+05:30"",""last_reason_codes"":[""REVERSAL_WATCH_RETAINED""],""opposite_control_bars"":0,""origin_event_id"":null,""origin_price"":7407.5,""origin_source"":""OBSERVATION_CONFIRMATION"",""parent_episode_id"":null,""protection_level"":7407.0,""protection_source"":""CONFIRMED_RECOMPRESSION_BOX"",""protection_time"":""2026-08-03T11:27:00+05:30"",""rejection_seen"":false,""rejection_seen_at"":null,""reversal_confirmation_breach_closes"":0,""reversal_confirmation_level"":null,""reversal_confirmation_level_time"":null,""reversal_confirmation_source"":"""",""reversal_leg_failure_closes"":0,""reversal_leg_progress_atr"":0.0,""reversal_leg_progress_bars"":0,""reversal_watch_age_bars"":8,""sequence"":2,""start_candidate_bars"":0,""start_candidate_side"":""UNKNOWN"",""started_at"":""2026-08-03T11:00:00+05:30"",""state"":""REVERSAL_WATCH"",""state_age_bars"":8,""state_started_at"":""2026-08-03T11:06:00+05:30"",""trend_restore_bars"":0},""evidence_history"":[{""atr"":29.733804251911703,""bar"":{""body_fraction"":0.05263157894736842,""close"":7411.5,""close_position"":0.6666666666666666,""direction"":""UP"",""high"":7421.0,""low"":7392.5,""lower_wick_fraction"":0.6140350877192983,""move_atr"":0.05044763150021609,""move_points"":1.5,""open"":7410.0,""snapshot_time"":""2026-08-03T10:54:00+05:30"",""upper_wick_fraction"":0.3333333333333333,""volume"":10233.0},""close"":7411.5,""trend"":{""ema_ref"":7358.986034862774,""ema_slow"":7364.28017223793,""hma_order"":""BUY"",""hma_spread_atr"":2.7146170400432696}},{""atr"":28.324246805346583,""bar"":{""body_fraction"":0.2,""close"":7409.5,""close_position"":0.45,""direction"":""DOWN"",""high"":7415.0,""low"":7405.0,""lower_wick_fraction"":0.45,""move_atr"":-0.07061088027316839,""move_points"":-2.0,""open"":7411.5,""snapshot_time"":""2026-08-03T10:57:00+05:30"",""upper_wick_fraction"":0.35,""volume"":3818.0},""close"":7409.5,""trend"":{""ema_ref"":7359.488661381553,""ema_slow"":7365.175614371832,""hma_order"":""BUY"",""hma_spread_atr"":3.3868453953614424}},{""atr"":27.265372033536114,""bar"":{""body_fraction"":0.1111111111111111,""close"":7407.5,""close_position"":0.5925925925925926,""direction"":""DOWN"",""high"":7413.0,""low"":7399.5,""lower_wick_fraction"":0.5925925925925926,""move_atr"":-0.05501483706714202,""move_points"":-1.5,""open"":7409.0,""snapshot_time"":""2026-08-03T11:00:00+05:30"",""upper_wick_fraction"":0.2962962962962963,""volume"":3169.0},""close"":7407.5,""trend"":{""ema_ref"":7359.966386143927,""ema_slow"":7366.013721017935,""hma_order"":""BUY"",""hma_spread_atr"":3.8507515182422294}},{""atr"":26.46070260256925,""bar"":{""body_fraction"":0.03125,""close"":7407.0,""close_position"":0.65625,""direction"":""DOWN"",""high"":7412.5,""low"":7396.5,""lower_wick_fraction"":0.65625,""move_atr"":-0.018895945716552953,""move_points"":-0.5,""open"":7407.5,""snapshot_time"":""2026-08-03T11:03:00+05:30"",""upper_wick_fraction"":0.3125,""volume"":4136.0},""close"":7407.0,""trend"":{""ema_ref"":7360.434382301699,""ema_slow"":7366.825330502727,""hma_order"":""BUY"",""hma_spread_atr"":4.097286259360359}},{""atr"":25.39208098810002,""bar"":{""body_fraction"":0.08695652173913043,""close"":7406.0,""close_position"":0.8695652173913043,""direction"":""UP"",""high"":7407.5,""low"":7396.0,""lower_wick_fraction"":0.782608695652174,""move_atr"":0.03938235706118963,""move_points"":1.0,""open"":7405.0,""snapshot_time"":""2026-08-03T11:06:00+05:30"",""upper_wick_fraction"":0.13043478260869565,""volume"":7664.0},""close"":7406.0,""trend"":{""ema_ref"":7360.887771532528,""ema_slow"":7367.601066532376,""hma_order"":""BUY"",""hma_spread_atr"":4.20393668290585}},{""atr"":24.435503774664305,""bar"":{""body_fraction"":0.625,""close"":7414.0,""close_position"":0.7916666666666666,""direction"":""UP"",""high"":7416.5,""low"":7404.5,""lower_wick_fraction"":0.16666666666666666,""move_atr"":0.30693044306196365,""move_points"":7.5,""open"":7406.5,""snapshot_time"":""2026-08-03T11:09:00+05:30"",""upper_wick_fraction"":0.20833333333333337,""volume"":5387.0},""close"":7414.0,""trend"":{""ema_ref"":7361.416251417777,""ema_slow"":7368.519857294112,""hma_order"":""BUY"",""hma_spread_atr"":4.195349727093521}},{""atr"":24.54725350504543,""bar"":{""body_fraction"":0.0,""close"":7414.0,""close_position"":0.2692307692307692,""direction"":""NEUTRAL"",""high"":7433.0,""low"":7407.0,""lower_wick_fraction"":0.2692307692307692,""move_atr"":0.0,""move_points"":0.0,""open"":7414.0,""snapshot_time"":""2026-08-03T11:12:00+05:30"",""upper_wick_fraction"":0.7307692307692307,""volume"":9312.0},""close"":7414.0,""trend"":{""ema_ref"":7361.939472796705,""ema_slow"":7369.420454179376,""hma_order"":""BUY"",""hma_spread_atr"":3.941599352947174}},{""atr"":23.972449683256468,""bar"":{""body_fraction"":0.09090909090909093,""close"":7415.5,""close_position"":0.3333333333333333,""direction"":""UP"",""high"":7426.5,""low"":7410.0,""lower_wick_fraction"":0.24242424242424243,""move_atr"":0.06257182807010639,""move_points"":1.5,""open"":7414.0,""snapshot_time"":""2026-08-03T11:15:00+05:30"",""upper_wick_fraction"":0.6666666666666666,""volume"":4860.0},""close"":7415.5,""trend"":{""ema_ref"":7362.472413365892,""ema_slow"":7370.3329204332495,""hma_order"":""BUY"",""hma_spread_atr"":3.7973382434947456}},{""atr"":22.83156042016672,""bar"":{""body_fraction"":0.875,""close"":7408.5,""close_position"":0.125,""direction"":""DOWN"",""high"":7415.5,""low"":7407.5,""lower_wick_fraction"":0.125,""move_atr"":-0.30659314874584837,""move_points"":-7.0,""open"":7415.5,""snapshot_time"":""2026-08-03T11:18:00+05:30"",""upper_wick_fraction"":0.0,""volume"":2694.0},""close"":7408.5,""trend"":{""ema_ref"":7362.93039930255,""ema_slow"":7371.0887041870465,""hma_order"":""BUY"",""hma_spread_atr"":3.6956913841400345}},{""atr"":21.80787753301196,""bar"":{""body_fraction"":0.4117647058823529,""close"":7415.0,""close_position"":1.0,""direction"":""UP"",""high"":7415.0,""low"":7406.5,""lower_wick_fraction"":0.5882352941176471,""move_atr"":0.1604924640053499,""move_points"":3.5,""open"":7411.5,""snapshot_time"":""2026-08-03T11:21:00+05:30"",""upper_wick_fraction"":0.0,""volume"":3101.0},""close"":7415.0,""trend"":{""ema_ref"":7363.448504782126,""ema_slow"":7371.958234797204,""hma_order"":""BUY"",""hma_spread_atr"":3.611514268297504}},{""atr"":20.82160056636825,""bar"":{""body_fraction"":0.125,""close"":7415.0,""close_position"":0.5,""direction"":""UP"",""high"":7419.0,""low"":7411.0,""lower_wick_fraction"":0.375,""move_atr"":0.048027047527519746,""move_points"":1.0,""open"":7414.0,""snapshot_time"":""2026-08-03T11:24:00+05:30"",""upper_wick_fraction"":0.5,""volume"":4322.0},""close"":7415.0,""trend"":{""ema_ref"":7363.9614549832995,""ema_slow"":7372.810546979437,""hma_order"":""BUY"",""hma_spread_atr"":3.5486433329114297}},{""atr"":22.334343383056233,""bar"":{""body_fraction"":0.8313253012048193,""close"":7450.0,""close_position"":0.8313253012048193,""direction"":""UP"",""high"":7457.0,""low"":7415.5,""lower_wick_fraction"":0.0,""move_atr"":1.5447062583524682,""move_points"":34.5,""open"":7415.5,""snapshot_time"":""2026-08-03T11:27:00+05:30"",""upper_wick_fraction"":0.1686746987951807,""volume"":15720.0},""close"":7450.0,""trend"":{""ema_ref"":7364.817559908839,""ema_slow"":7374.339050999646,""hma_order"":""BUY"",""hma_spread_atr"":3.397442622722908}}],""last_observation_hash"":""c78084ca1ea9761abed7b958fb6c60da7d4da62cf66f6cb6b8bed9a2ec65730a"",""last_snapshot_time"":""2026-08-03T11:27:00+05:30"",""observation"":{""compression_box_high"":null,""compression_box_low"":null,""compression_candidate_bars"":0,""current_state"":""REACCELERATION"",""established_side"":""UP"",""exhaustion_active"":true,""exhaustion_age_bars"":5,""exhaustion_clear_bars"":0,""exhaustion_last_seen_at"":""2026-08-03T11:24:00+05:30"",""exhaustion_side"":""UP"",""exhaustion_started_at"":""2026-08-03T11:15:00+05:30"",""failure_breach_bars"":0,""last_close"":7450.0,""last_reason_codes"":[""FRESH_DISPLACEMENT_AFTER_CONFIRMED_TREND_PAUSE"",""OBSERVATION_TRANSITION_CONFIRMED"",""OBSERVATION_STATE_REACCELERATION""],""last_snapshot_time"":""2026-08-03T11:27:00+05:30"",""leg_age_bars"":1,""leg_anchor_price"":7407.0,""leg_anchor_time"":""2026-08-03T11:27:00+05:30"",""leg_extreme_price"":7457.0,""leg_maturity_consumed"":false,""leg_maturity_extreme_price"":null,""leg_maturity_onset_time"":null,""leg_no_progress_bars"":0,""observation_count"":45,""pending_bars"":0,""pending_state"":null,""protection_level"":7407.0,""protection_source"":""CONFIRMED_RECOMPRESSION_BOX"",""protection_time"":""2026-08-03T11:27:00+05:30"",""pullback_age_bars"":0,""pullback_candidate_bars"":0,""pullback_extreme_price"":null,""reacceleration_age_bars"":1,""recompression_age_bars"":0,""reversal_confirmation_bars"":0,""reversal_side"":""UP"",""state_age_bars"":1,""trading_day"":""2026-08-03"",""trend_anchor_price"":7355.0,""trend_candidate_bars"":5,""trend_candidate_side"":""UP"",""trend_extreme_price"":7457.0,""trend_failure_age_bars"":0,""trend_onset_time"":""2026-08-03T10:48:00+05:30""},""symbol"":""ABB"",""trading_day"":""2026-08-03""}"
restoration-v3-current-day,development,restoration-trend-control-v3,backtest-default,OK,,,,ABB,2026-08-03,2026-08-03T11:30:00+05:30,2026-08-03T11:27:00+05:30,SNAPSHOT_AUCTION_AUTHORITY_V3A,3m,True,True,7465.0,2026-08-03T11:30:00,7449.0,7469.0,7447.5,7465.0,10628.0,22.274747427123643,TRENDING_UP,BUY,candidate_has_directional_efficiency_or_displacement,RANGE_ACCEPTED,DYNAMIC:2026-08-03T10:54:00+05:30:2026-08-03T11:18:00+05:30,7392.5,7433.0,4,ok,UP_ACCELERATING,1.1223471817937587,0.6341261577134737,OK,INCREMENTAL_PREVIOUS_SNAPSHOT,AUTOTRADES_AUCTION_ENGINE,1.1.0,,,REACCELERATION,UP,UP,False,False,True,UP,False,False,False,7407.0,CONFIRMED_RECOMPRESSION_BOX,2026-08-03T11:27:00+05:30,DYNAMIC:2026-08-03T10:54:00+05:30:2026-08-03T11:18:00+05:30,7392.5,7433.0,False,1.7901234567901234,0.7846153846153846,PRICE_ACTION,0.6008720930232558,ESTABLISHED_DIRECTIONAL_CONTEXT_RETAINED|MINIMUM_DWELL_REACCELERATION_2_BARS|OBSERVATION_STATE_REACCELERATION|OBJECTIVE_ACCEPTED_RANGE_GEOMETRY_PRESENT|OBJECTIVE_TREND_PROTECTION_GEOMETRY_PRESENT,DIR:ABB:2026-08-03:002:UP:110000,REVERSAL_WATCH,REVERSAL_WATCH,UP,OBSERVATION_CONFIRMATION,,,2026-08-03T11:00:00+05:30,2026-08-03T11:06:00+05:30,9,7407.5,7469.0,2026-08-03T11:30:00+05:30,7407.0,CONFIRMED_RECOMPRESSION_BOX,,,,0,0.0,0,False,REVERSAL_WATCH_RETAINED,2,UNKNOWN,0,9,0,0,0,REACCELERATION,2026-08-03T11:30:00+05:30,REVERSAL_WATCH_RETAINED,BAL:ABB:2026-08-03:002:NEUTRAL:112100,FORMING,COMPLETED,1,,7392.5,7433.0,,,UNKNOWN,0,0,0,0,False,False,BALANCE_SOURCE_RANGE_RETAINED|BALANCE_FORMING_MEANINGFUL_UPSIDE_ESCAPE|BALANCE_FORMING_MEANINGFUL_ESCAPE_PROGRESS|BALANCE_FORMING_INVALIDATED,1,BAL:ABB:2026-08-03:002:NEUTRAL:112100:BALANCE_COMPLETED:113000,BALANCE_COMPLETED,UNKNOWN,BAL:ABB:2026-08-03:002:NEUTRAL:112100,BALANCE_COMPLETED:BALANCE_FORMING_INVALIDATED_BY_SUSTAINED_ESCAPE,0,,,,,MATCH,MATCH,MATCH,MATCH,False,0,False,False,False,True,,COHERENT,"[""event_id='BAL:ABB:2026-08-03:002:NEUTRAL:112100:BALANCE_COMPLETED:113000' event_type=<AuctionEventType.BALANCE_COMPLETED: 'BALANCE_COMPLETED'> episode_id='BAL:ABB:2026-08-03:002:NEUTRAL:112100' symbol='ABB' trading_day=datetime.date(2026, 8, 3) event_time=datetime.datetime(2026, 8, 3, 11, 30, tzinfo=TzInfo(19800)) direction=<DirectionalBias.UNKNOWN: 'UNKNOWN'> reason_codes=('BALANCE_FORMING_INVALIDATED_BY_SUSTAINED_ESCAPE',) data={'range_id': None, 'frozen_low': None, 'frozen_high': None, 'candidate_low': 7392.5, 'candidate_high': 7433.0, 'rearm_required': False, 'containment_bars': 2, 'source_range_ids': ['DYNAMIC:2026-08-03T10:54:00+05:30:2026-08-03T11:18:00+05:30'], 'containment_ratio': 0.5, 'rearm_bars_elapsed': 0, 'failed_escape_count': 0, 'escape_attempt_count': 0, 'attempt_limit_reached': False, 'candidate_merge_count': 0, 'forming_bars_observed': 4, 'last_escape_direction': 'UNKNOWN', 'last_escape_failed_at': None, 'last_escape_started_at': None, 'meaningful_escape_bars': 2, 'candidate_last_valid_at': '2026-08-03T11:24:00+05:30', 'marginal_excursion_bars': 0, 'up_escape_attempt_count': 0, 'rearm_inside_close_count': 0, 'down_escape_attempt_count': 0, 'candidate_bar_expansion_count': 0}""]",[],"{""accepted_range_breakout_eligible"":true,""accepted_range_established_at"":""2026-08-03T11:18:00+05:30"",""accepted_range_high"":7433.0,""accepted_range_id"":""DYNAMIC:2026-08-03T10:54:00+05:30:2026-08-03T11:18:00+05:30"",""accepted_range_inside"":false,""accepted_range_low"":7392.5,""accepted_range_outside_atr"":1.4366043926960113,""accepted_range_position"":1.7901234567901234,""accepted_range_provisional"":false,""atr"":22.274747427123643,""close"":7465.0,""current_leg_mature"":false,""directional_bias"":""UP"",""directional_efficiency"":0.7846153846153846,""directional_efficiency_source"":""PRICE_ACTION"",""exhausted_side"":""UP"",""exhaustion_active"":true,""extension_mature"":false,""failed_extreme_observed"":false,""high"":7469.0,""low"":7447.5,""observation_state"":""REACCELERATION"",""overlap_ratio"":0.6008720930232558,""range_width_atr"":1.8182024345058891,""rejection_observed"":false,""snapshot_time"":""2026-08-03T11:30:00+05:30"",""source_reason_codes"":[""ESTABLISHED_DIRECTIONAL_CONTEXT_RETAINED"",""MINIMUM_DWELL_REACCELERATION_2_BARS"",""OBSERVATION_STATE_REACCELERATION"",""OBJECTIVE_ACCEPTED_RANGE_GEOMETRY_PRESENT"",""OBJECTIVE_TREND_PROTECTION_GEOMETRY_PRESENT""],""structural_failure_confirmed"":false,""symbol"":""ABB"",""trading_day"":""2026-08-03"",""trend_direction"":""UP"",""trend_protection_level"":7407.0,""trend_protection_source"":""CONFIRMED_RECOMPRESSION_BOX"",""trend_protection_time"":""2026-08-03T11:27:00+05:30""}","{""continuation_failure_seen"":false,""continuation_failure_time"":null,""current_state"":""REVERSAL_WATCH"",""direction"":""UP"",""episode_id"":""DIR:ABB:2026-08-03:002:UP:110000"",""extreme_price"":7469.0,""extreme_time"":""2026-08-03T11:30:00+05:30"",""first_adverse_bar_close"":null,""first_adverse_bar_level"":null,""first_adverse_bar_time"":null,""origin_event_id"":null,""origin_price"":7407.5,""origin_source"":""OBSERVATION_CONFIRMATION"",""parent_episode_id"":null,""previous_state"":""REVERSAL_WATCH"",""protection_level"":7407.0,""protection_source"":""CONFIRMED_RECOMPRESSION_BOX"",""reason_codes"":[""REVERSAL_WATCH_RETAINED""],""rejection_seen"":false,""reversal_confirmation_breach_closes"":0,""reversal_confirmation_level"":null,""reversal_confirmation_level_time"":null,""reversal_confirmation_source"":"""",""reversal_leg_failure_closes"":0,""reversal_leg_progress_atr"":0.0,""reversal_leg_progress_bars"":0,""started_at"":""2026-08-03T11:00:00+05:30"",""state_age_bars"":9,""state_started_at"":""2026-08-03T11:06:00+05:30""}","{""attempt_limit_reached"":false,""candidate_bar_expansion_count"":0,""candidate_high"":7433.0,""candidate_last_valid_at"":""2026-08-03T11:24:00+05:30"",""candidate_low"":7392.5,""candidate_merge_count"":0,""containment_bars"":2,""containment_ratio"":0.5,""current_state"":""COMPLETED"",""down_escape_attempt_count"":0,""episode_id"":""BAL:ABB:2026-08-03:002:NEUTRAL:112100"",""escape_attempt_count"":0,""escape_direction"":""UNKNOWN"",""failed_escape_count"":0,""forming_bars_observed"":4,""forming_invalid_bars"":2,""frozen_high"":null,""frozen_low"":null,""last_escape_direction"":""UNKNOWN"",""last_escape_failed_at"":null,""last_escape_started_at"":null,""marginal_excursion_bars"":0,""meaningful_escape_bars"":2,""outside_close_count"":0,""previous_state"":""FORMING"",""range_id"":null,""rearm_bars_elapsed"":0,""rearm_inside_close_count"":0,""rearm_required"":false,""reason_codes"":[""BALANCE_SOURCE_RANGE_RETAINED"",""BALANCE_FORMING_MEANINGFUL_UPSIDE_ESCAPE"",""BALANCE_FORMING_MEANINGFUL_ESCAPE_PROGRESS"",""BALANCE_FORMING_INVALIDATED""],""reentry_close_count"":0,""source_range_ids"":[""DYNAMIC:2026-08-03T10:54:00+05:30:2026-08-03T11:18:00+05:30""],""started_at"":""2026-08-03T11:21:00+05:30"",""state_age_bars"":1,""state_started_at"":""2026-08-03T11:30:00+05:30"",""up_escape_attempt_count"":0}","{""balance_attempt_limit_reached"":false,""balance_candidate_bar_expansion_count"":0,""balance_candidate_merge_count"":0,""balance_containment_ratio"":0.5,""balance_down_escape_attempt_count"":0,""balance_escape_attempt_count"":0,""balance_failed_escape_count"":0,""balance_forming_bars_observed"":4,""balance_forming_invalid_bars"":2,""balance_last_escape_direction"":""UNKNOWN"",""balance_last_escape_failed_at"":null,""balance_last_escape_started_at"":null,""balance_marginal_excursion_bars"":0,""balance_meaningful_escape_bars"":2,""balance_rearm_bars_elapsed"":0,""balance_rearm_inside_close_count"":0,""balance_rearm_required"":false,""balance_up_escape_attempt_count"":0,""directional_origin_event_id"":null,""directional_origin_source"":""OBSERVATION_CONFIRMATION"",""directional_parent_episode_id"":null,""directional_reversal_watch_age_bars"":9,""directional_start_candidate_bars"":0,""directional_start_candidate_side"":""UNKNOWN"",""observation_accepted_range_id"":""DYNAMIC:2026-08-03T10:54:00+05:30:2026-08-03T11:18:00+05:30"",""observation_current_leg_mature"":false,""observation_directional_bias"":""UP"",""observation_exhaustion_active"":true,""observation_state"":""REACCELERATION""}","{""balance"":{""attempt_limit_reached"":false,""candidate_bar_expansion_count"":0,""candidate_high"":7433.0,""candidate_last_valid_at"":""2026-08-03T11:24:00+05:30"",""candidate_low"":7392.5,""candidate_merge_count"":0,""containment_bars"":2,""down_escape_attempt_count"":0,""emitted_event_ids"":[""BAL:ABB:2026-08-03:001:NEUTRAL:100600:BALANCE_COMPLETED:105400"",""BAL:ABB:2026-08-03:001:NEUTRAL:100600:BALANCE_ESCAPE_ACCEPTED:105100"",""BAL:ABB:2026-08-03:001:NEUTRAL:100600:BALANCE_ESCAPE_STARTED:104800"",""BAL:ABB:2026-08-03:001:NEUTRAL:100600:BALANCE_FORMING_STARTED:100600"",""BAL:ABB:2026-08-03:001:NEUTRAL:100600:BALANCE_LOCKED:102700"",""BAL:ABB:2026-08-03:001:NEUTRAL:100600:BALANCE_PROBABLE:101800"",""BAL:ABB:2026-08-03:002:NEUTRAL:112100:BALANCE_COMPLETED:113000"",""BAL:ABB:2026-08-03:002:NEUTRAL:112100:BALANCE_FORMING_STARTED:112100""],""episode_id"":""BAL:ABB:2026-08-03:002:NEUTRAL:112100"",""escape_attempt_count"":0,""escape_direction"":""UNKNOWN"",""failed_escape_count"":0,""forming_bars_observed"":4,""forming_invalid_bars"":2,""frozen_high"":null,""frozen_low"":null,""last_escape_direction"":""UNKNOWN"",""last_escape_failed_at"":null,""last_escape_started_at"":null,""last_reason_codes"":[""BALANCE_SOURCE_RANGE_RETAINED"",""BALANCE_FORMING_MEANINGFUL_UPSIDE_ESCAPE"",""BALANCE_FORMING_MEANINGFUL_ESCAPE_PROGRESS"",""BALANCE_FORMING_INVALIDATED""],""marginal_excursion_bars"":0,""meaningful_escape_bars"":2,""outside_close_count"":0,""range_id"":null,""rearm_bars_elapsed"":0,""rearm_inside_close_count"":0,""rearm_required"":false,""reentry_close_count"":0,""sequence"":2,""source_range_ids"":[""DYNAMIC:2026-08-03T10:54:00+05:30:2026-08-03T11:18:00+05:30""],""started_at"":""2026-08-03T11:21:00+05:30"",""state"":""COMPLETED"",""state_age_bars"":1,""state_started_at"":""2026-08-03T11:30:00+05:30"",""up_escape_attempt_count"":0},""directional"":{""continuation_failure_progress_bars"":0,""continuation_failure_seen"":false,""continuation_failure_seen_at"":null,""direction"":""UP"",""emitted_event_ids"":[""DIR:ABB:2026-08-03:001:DOWN:101500:DIRECTIONAL_COMPLETED:105100"",""DIR:ABB:2026-08-03:001:DOWN:101500:DIRECTIONAL_STARTED:101500"",""DIR:ABB:2026-08-03:002:UP:110000:DIRECTIONAL_MATURED:110300"",""DIR:ABB:2026-08-03:002:UP:110000:DIRECTIONAL_STARTED:110000"",""DIR:ABB:2026-08-03:002:UP:110000:REVERSAL_WATCH_STARTED:110600""],""episode_id"":""DIR:ABB:2026-08-03:002:UP:110000"",""extreme_price"":7469.0,""extreme_time"":""2026-08-03T11:30:00+05:30"",""first_adverse_bar_close"":null,""first_adverse_bar_level"":null,""first_adverse_bar_time"":null,""inactive_bars"":0,""last_close"":7465.0,""last_observation_state"":""REACCELERATION"",""last_observation_state_time"":""2026-08-03T11:30:00+05:30"",""last_reason_codes"":[""REVERSAL_WATCH_RETAINED""],""opposite_control_bars"":0,""origin_event_id"":null,""origin_price"":7407.5,""origin_source"":""OBSERVATION_CONFIRMATION"",""parent_episode_id"":null,""protection_level"":7407.0,""protection_source"":""CONFIRMED_RECOMPRESSION_BOX"",""protection_time"":""2026-08-03T11:27:00+05:30"",""rejection_seen"":false,""rejection_seen_at"":null,""reversal_confirmation_breach_closes"":0,""reversal_confirmation_level"":null,""reversal_confirmation_level_time"":null,""reversal_confirmation_source"":"""",""reversal_leg_failure_closes"":0,""reversal_leg_progress_atr"":0.0,""reversal_leg_progress_bars"":0,""reversal_watch_age_bars"":9,""sequence"":2,""start_candidate_bars"":0,""start_candidate_side"":""UNKNOWN"",""started_at"":""2026-08-03T11:00:00+05:30"",""state"":""REVERSAL_WATCH"",""state_age_bars"":9,""state_started_at"":""2026-08-03T11:06:00+05:30"",""trend_restore_bars"":0},""evidence_history"":[{""atr"":28.324246805346583,""bar"":{""body_fraction"":0.2,""close"":7409.5,""close_position"":0.45,""direction"":""DOWN"",""high"":7415.0,""low"":7405.0,""lower_wick_fraction"":0.45,""move_atr"":-0.07061088027316839,""move_points"":-2.0,""open"":7411.5,""snapshot_time"":""2026-08-03T10:57:00+05:30"",""upper_wick_fraction"":0.35,""volume"":3818.0},""close"":7409.5,""trend"":{""ema_ref"":7359.488661381553,""ema_slow"":7365.175614371832,""hma_order"":""BUY"",""hma_spread_atr"":3.3868453953614424}},{""atr"":27.265372033536114,""bar"":{""body_fraction"":0.1111111111111111,""close"":7407.5,""close_position"":0.5925925925925926,""direction"":""DOWN"",""high"":7413.0,""low"":7399.5,""lower_wick_fraction"":0.5925925925925926,""move_atr"":-0.05501483706714202,""move_points"":-1.5,""open"":7409.0,""snapshot_time"":""2026-08-03T11:00:00+05:30"",""upper_wick_fraction"":0.2962962962962963,""volume"":3169.0},""close"":7407.5,""trend"":{""ema_ref"":7359.966386143927,""ema_slow"":7366.013721017935,""hma_order"":""BUY"",""hma_spread_atr"":3.8507515182422294}},{""atr"":26.46070260256925,""bar"":{""body_fraction"":0.03125,""close"":7407.0,""close_position"":0.65625,""direction"":""DOWN"",""high"":7412.5,""low"":7396.5,""lower_wick_fraction"":0.65625,""move_atr"":-0.018895945716552953,""move_points"":-0.5,""open"":7407.5,""snapshot_time"":""2026-08-03T11:03:00+05:30"",""upper_wick_fraction"":0.3125,""volume"":4136.0},""close"":7407.0,""trend"":{""ema_ref"":7360.434382301699,""ema_slow"":7366.825330502727,""hma_order"":""BUY"",""hma_spread_atr"":4.097286259360359}},{""atr"":25.39208098810002,""bar"":{""body_fraction"":0.08695652173913043,""close"":7406.0,""close_position"":0.8695652173913043,""direction"":""UP"",""high"":7407.5,""low"":7396.0,""lower_wick_fraction"":0.782608695652174,""move_atr"":0.03938235706118963,""move_points"":1.0,""open"":7405.0,""snapshot_time"":""2026-08-03T11:06:00+05:30"",""upper_wick_fraction"":0.13043478260869565,""volume"":7664.0},""close"":7406.0,""trend"":{""ema_ref"":7360.887771532528,""ema_slow"":7367.601066532376,""hma_order"":""BUY"",""hma_spread_atr"":4.20393668290585}},{""atr"":24.435503774664305,""bar"":{""body_fraction"":0.625,""close"":7414.0,""close_position"":0.7916666666666666,""direction"":""UP"",""high"":7416.5,""low"":7404.5,""lower_wick_fraction"":0.16666666666666666,""move_atr"":0.30693044306196365,""move_points"":7.5,""open"":7406.5,""snapshot_time"":""2026-08-03T11:09:00+05:30"",""upper_wick_fraction"":0.20833333333333337,""volume"":5387.0},""close"":7414.0,""trend"":{""ema_ref"":7361.416251417777,""ema_slow"":7368.519857294112,""hma_order"":""BUY"",""hma_spread_atr"":4.195349727093521}},{""atr"":24.54725350504543,""bar"":{""body_fraction"":0.0,""close"":7414.0,""close_position"":0.2692307692307692,""direction"":""NEUTRAL"",""high"":7433.0,""low"":7407.0,""lower_wick_fraction"":0.2692307692307692,""move_atr"":0.0,""move_points"":0.0,""open"":7414.0,""snapshot_time"":""2026-08-03T11:12:00+05:30"",""upper_wick_fraction"":0.7307692307692307,""volume"":9312.0},""close"":7414.0,""trend"":{""ema_ref"":7361.939472796705,""ema_slow"":7369.420454179376,""hma_order"":""BUY"",""hma_spread_atr"":3.941599352947174}},{""atr"":23.972449683256468,""bar"":{""body_fraction"":0.09090909090909093,""close"":7415.5,""close_position"":0.3333333333333333,""direction"":""UP"",""high"":7426.5,""low"":7410.0,""lower_wick_fraction"":0.24242424242424243,""move_atr"":0.06257182807010639,""move_points"":1.5,""open"":7414.0,""snapshot_time"":""2026-08-03T11:15:00+05:30"",""upper_wick_fraction"":0.6666666666666666,""volume"":4860.0},""close"":7415.5,""trend"":{""ema_ref"":7362.472413365892,""ema_slow"":7370.3329204332495,""hma_order"":""BUY"",""hma_spread_atr"":3.7973382434947456}},{""atr"":22.83156042016672,""bar"":{""body_fraction"":0.875,""close"":7408.5,""close_position"":0.125,""direction"":""DOWN"",""high"":7415.5,""low"":7407.5,""lower_wick_fraction"":0.125,""move_atr"":-0.30659314874584837,""move_points"":-7.0,""open"":7415.5,""snapshot_time"":""2026-08-03T11:18:00+05:30"",""upper_wick_fraction"":0.0,""volume"":2694.0},""close"":7408.5,""trend"":{""ema_ref"":7362.93039930255,""ema_slow"":7371.0887041870465,""hma_order"":""BUY"",""hma_spread_atr"":3.6956913841400345}},{""atr"":21.80787753301196,""bar"":{""body_fraction"":0.4117647058823529,""close"":7415.0,""close_position"":1.0,""direction"":""UP"",""high"":7415.0,""low"":7406.5,""lower_wick_fraction"":0.5882352941176471,""move_atr"":0.1604924640053499,""move_points"":3.5,""open"":7411.5,""snapshot_time"":""2026-08-03T11:21:00+05:30"",""upper_wick_fraction"":0.0,""volume"":3101.0},""close"":7415.0,""trend"":{""ema_ref"":7363.448504782126,""ema_slow"":7371.958234797204,""hma_order"":""BUY"",""hma_spread_atr"":3.611514268297504}},{""atr"":20.82160056636825,""bar"":{""body_fraction"":0.125,""close"":7415.0,""close_position"":0.5,""direction"":""UP"",""high"":7419.0,""low"":7411.0,""lower_wick_fraction"":0.375,""move_atr"":0.048027047527519746,""move_points"":1.0,""open"":7414.0,""snapshot_time"":""2026-08-03T11:24:00+05:30"",""upper_wick_fraction"":0.5,""volume"":4322.0},""close"":7415.0,""trend"":{""ema_ref"":7363.9614549832995,""ema_slow"":7372.810546979437,""hma_order"":""BUY"",""hma_spread_atr"":3.5486433329114297}},{""atr"":22.334343383056233,""bar"":{""body_fraction"":0.8313253012048193,""close"":7450.0,""close_position"":0.8313253012048193,""direction"":""UP"",""high"":7457.0,""low"":7415.5,""lower_wick_fraction"":0.0,""move_atr"":1.5447062583524682,""move_points"":34.5,""open"":7415.5,""snapshot_time"":""2026-08-03T11:27:00+05:30"",""upper_wick_fraction"":0.1686746987951807,""volume"":15720.0},""close"":7450.0,""trend"":{""ema_ref"":7364.817559908839,""ema_slow"":7374.339050999646,""hma_order"":""BUY"",""hma_spread_atr"":3.397442622722908}},{""atr"":22.274747427123643,""bar"":{""body_fraction"":0.7441860465116279,""close"":7465.0,""close_position"":0.813953488372093,""direction"":""UP"",""high"":7469.0,""low"":7447.5,""lower_wick_fraction"":0.06976744186046512,""move_atr"":0.7183021963480056,""move_points"":16.0,""open"":7449.0,""snapshot_time"":""2026-08-03T11:30:00+05:30"",""upper_wick_fraction"":0.18604651162790695,""volume"":10628.0},""close"":7465.0,""trend"":{""ema_ref"":7365.814400108751,""ema_slow"":7376.134317316485,""hma_order"":""BUY"",""hma_spread_atr"":3.7525603249981816}}],""last_observation_hash"":""9f0c4becd5d40bbf372c81536431161f7f4e91b8a2804cc22bfebea1017de19a"",""last_snapshot_time"":""2026-08-03T11:30:00+05:30"",""observation"":{""compression_box_high"":null,""compression_box_low"":null,""compression_candidate_bars"":0,""current_state"":""REACCELERATION"",""established_side"":""UP"",""exhaustion_active"":true,""exhaustion_age_bars"":6,""exhaustion_clear_bars"":0,""exhaustion_last_seen_at"":""2026-08-03T11:24:00+05:30"",""exhaustion_side"":""UP"",""exhaustion_started_at"":""2026-08-03T11:15:00+05:30"",""failure_breach_bars"":0,""last_close"":7465.0,""last_reason_codes"":[""ESTABLISHED_DIRECTIONAL_CONTEXT_RETAINED"",""MINIMUM_DWELL_REACCELERATION_2_BARS"",""OBSERVATION_STATE_REACCELERATION""],""last_snapshot_time"":""2026-08-03T11:30:00+05:30"",""leg_age_bars"":2,""leg_anchor_price"":7407.0,""leg_anchor_time"":""2026-08-03T11:27:00+05:30"",""leg_extreme_price"":7469.0,""leg_maturity_consumed"":false,""leg_maturity_extreme_price"":null,""leg_maturity_onset_time"":null,""leg_no_progress_bars"":0,""observation_count"":46,""pending_bars"":0,""pending_state"":null,""protection_level"":7407.0,""protection_source"":""CONFIRMED_RECOMPRESSION_BOX"",""protection_time"":""2026-08-03T11:27:00+05:30"",""pullback_age_bars"":0,""pullback_candidate_bars"":0,""pullback_extreme_price"":null,""reacceleration_age_bars"":2,""recompression_age_bars"":0,""reversal_confirmation_bars"":0,""reversal_side"":""UP"",""state_age_bars"":2,""trading_day"":""2026-08-03"",""trend_anchor_price"":7355.0,""trend_candidate_bars"":6,""trend_candidate_side"":""UP"",""trend_extreme_price"":7469.0,""trend_failure_age_bars"":0,""trend_onset_time"":""2026-08-03T10:48:00+05:30""},""symbol"":""ABB"",""trading_day"":""2026-08-03""}"
restoration-v3-current-day,development,restoration-trend-control-v3,backtest-default,OK,,,,ABB,2026-08-03,2026-08-03T11:33:00+05:30,2026-08-03T11:30:00+05:30,SNAPSHOT_AUCTION_AUTHORITY_V3A,3m,True,True,7451.5,2026-08-03T11:33:00,7465.0,7473.0,7451.0,7451.5,9962.0,22.25512261090053,TRENDING_UP,BUY,candidate_has_directional_efficiency_or_displacement,RANGE_ACCEPTED,DYNAMIC:2026-08-03T10:54:00+05:30:2026-08-03T11:18:00+05:30,7392.5,7433.0,5,ok,UP_SLOWING,0.03370010640303779,0.41001796123695977,OK,INCREMENTAL_PREVIOUS_SNAPSHOT,AUTOTRADES_AUCTION_ENGINE,1.1.0,,,ORDERLY_UPTREND,UP,UP,False,False,True,UP,False,False,False,7407.0,CONFIRMED_RECOMPRESSION_BOX,2026-08-03T11:27:00+05:30,DYNAMIC:2026-08-03T10:54:00+05:30:2026-08-03T11:18:00+05:30,7392.5,7433.0,False,1.4567901234567902,0.4777070063694267,PRICE_ACTION,0.6308139534883721,ESTABLISHED_DIRECTIONAL_CONTEXT_RETAINED|OBSERVATION_TRANSITION_CONFIRMED|OBSERVATION_STATE_ORDERLY_UPTREND|OBJECTIVE_ACCEPTED_RANGE_GEOMETRY_PRESENT|OBJECTIVE_TREND_PROTECTION_GEOMETRY_PRESENT,DIR:ABB:2026-08-03:002:UP:110000,REVERSAL_WATCH,REVERSAL_WATCH,UP,OBSERVATION_CONFIRMATION,,,2026-08-03T11:00:00+05:30,2026-08-03T11:06:00+05:30,10,7407.5,7473.0,2026-08-03T11:33:00+05:30,7407.0,CONFIRMED_RECOMPRESSION_BOX,7451.0,EPISODE_PRICE_ACTION_FIRST_ADVERSE_BAR:BAR_LOW,2026-08-03T11:33:00+05:30,0,0.0,0,True,REVERSAL_WATCH_RETAINED,2,UNKNOWN,0,10,1,0,0,ORDERLY_UPTREND,2026-08-03T11:33:00+05:30,REVERSAL_WATCH_RETAINED,,COMPLETED,NONE,0,,,,,,UNKNOWN,0,0,0,0,False,False,NO_QUALIFIED_ACCEPTED_RANGE,0,,,,,,0,,,,,MATCH,MATCH,MATCH,MATCH,False,0,False,False,False,True,,COHERENT,[],[],"{""accepted_range_breakout_eligible"":true,""accepted_range_established_at"":""2026-08-03T11:18:00+05:30"",""accepted_range_high"":7433.0,""accepted_range_id"":""DYNAMIC:2026-08-03T10:54:00+05:30:2026-08-03T11:18:00+05:30"",""accepted_range_inside"":false,""accepted_range_low"":7392.5,""accepted_range_outside_atr"":0.8312692912749322,""accepted_range_position"":1.4567901234567902,""accepted_range_provisional"":false,""atr"":22.25512261090053,""close"":7451.5,""current_leg_mature"":false,""directional_bias"":""UP"",""directional_efficiency"":0.4777070063694267,""directional_efficiency_source"":""PRICE_ACTION"",""exhausted_side"":""UP"",""exhaustion_active"":true,""extension_mature"":false,""failed_extreme_observed"":false,""high"":7473.0,""low"":7451.0,""observation_state"":""ORDERLY_UPTREND"",""overlap_ratio"":0.6308139534883721,""range_width_atr"":1.8198057457640409,""rejection_observed"":false,""snapshot_time"":""2026-08-03T11:33:00+05:30"",""source_reason_codes"":[""ESTABLISHED_DIRECTIONAL_CONTEXT_RETAINED"",""OBSERVATION_TRANSITION_CONFIRMED"",""OBSERVATION_STATE_ORDERLY_UPTREND"",""OBJECTIVE_ACCEPTED_RANGE_GEOMETRY_PRESENT"",""OBJECTIVE_TREND_PROTECTION_GEOMETRY_PRESENT""],""structural_failure_confirmed"":false,""symbol"":""ABB"",""trading_day"":""2026-08-03"",""trend_direction"":""UP"",""trend_protection_level"":7407.0,""trend_protection_source"":""CONFIRMED_RECOMPRESSION_BOX"",""trend_protection_time"":""2026-08-03T11:27:00+05:30""}","{""continuation_failure_seen"":true,""continuation_failure_time"":""2026-08-03T11:33:00+05:30"",""current_state"":""REVERSAL_WATCH"",""direction"":""UP"",""episode_id"":""DIR:ABB:2026-08-03:002:UP:110000"",""extreme_price"":7473.0,""extreme_time"":""2026-08-03T11:33:00+05:30"",""first_adverse_bar_close"":7451.5,""first_adverse_bar_level"":7451.0,""first_adverse_bar_time"":""2026-08-03T11:33:00+05:30"",""origin_event_id"":null,""origin_price"":7407.5,""origin_source"":""OBSERVATION_CONFIRMATION"",""parent_episode_id"":null,""previous_state"":""REVERSAL_WATCH"",""protection_level"":7407.0,""protection_source"":""CONFIRMED_RECOMPRESSION_BOX"",""reason_codes"":[""REVERSAL_WATCH_RETAINED""],""rejection_seen"":true,""reversal_confirmation_breach_closes"":0,""reversal_confirmation_level"":7451.0,""reversal_confirmation_level_time"":""2026-08-03T11:33:00+05:30"",""reversal_confirmation_source"":""EPISODE_PRICE_ACTION_FIRST_ADVERSE_BAR:BAR_LOW"",""reversal_leg_failure_closes"":0,""reversal_leg_progress_atr"":0.0,""reversal_leg_progress_bars"":0,""started_at"":""2026-08-03T11:00:00+05:30"",""state_age_bars"":10,""state_started_at"":""2026-08-03T11:06:00+05:30""}","{""attempt_limit_reached"":false,""candidate_bar_expansion_count"":0,""candidate_high"":null,""candidate_last_valid_at"":null,""candidate_low"":null,""candidate_merge_count"":0,""containment_bars"":0,""containment_ratio"":0.0,""current_state"":""NONE"",""down_escape_attempt_count"":0,""episode_id"":null,""escape_attempt_count"":0,""escape_direction"":""UNKNOWN"",""failed_escape_count"":0,""forming_bars_observed"":0,""forming_invalid_bars"":0,""frozen_high"":null,""frozen_low"":null,""last_escape_direction"":""UNKNOWN"",""last_escape_failed_at"":null,""last_escape_started_at"":null,""marginal_excursion_bars"":0,""meaningful_escape_bars"":0,""outside_close_count"":0,""previous_state"":""COMPLETED"",""range_id"":null,""rearm_bars_elapsed"":0,""rearm_inside_close_count"":0,""rearm_required"":false,""reason_codes"":[""NO_QUALIFIED_ACCEPTED_RANGE""],""reentry_close_count"":0,""source_range_ids"":[],""started_at"":null,""state_age_bars"":0,""state_started_at"":null,""up_escape_attempt_count"":0}","{""balance_attempt_limit_reached"":false,""balance_candidate_bar_expansion_count"":0,""balance_candidate_merge_count"":0,""balance_containment_ratio"":0.0,""balance_down_escape_attempt_count"":0,""balance_escape_attempt_count"":0,""balance_failed_escape_count"":0,""balance_forming_bars_observed"":0,""balance_forming_invalid_bars"":0,""balance_last_escape_direction"":""UNKNOWN"",""balance_last_escape_failed_at"":null,""balance_last_escape_started_at"":null,""balance_marginal_excursion_bars"":0,""balance_meaningful_escape_bars"":0,""balance_rearm_bars_elapsed"":0,""balance_rearm_inside_close_count"":0,""balance_rearm_required"":false,""balance_up_escape_attempt_count"":0,""directional_origin_event_id"":null,""directional_origin_source"":""OBSERVATION_CONFIRMATION"",""directional_parent_episode_id"":null,""directional_reversal_watch_age_bars"":10,""directional_start_candidate_bars"":0,""directional_start_candidate_side"":""UNKNOWN"",""observation_accepted_range_id"":""DYNAMIC:2026-08-03T10:54:00+05:30:2026-08-03T11:18:00+05:30"",""observation_current_leg_mature"":false,""observation_directional_bias"":""UP"",""observation_exhaustion_active"":true,""observation_state"":""ORDERLY_UPTREND""}","{""balance"":{""attempt_limit_reached"":false,""candidate_bar_expansion_count"":0,""candidate_high"":null,""candidate_last_valid_at"":null,""candidate_low"":null,""candidate_merge_count"":0,""containment_bars"":0,""down_escape_attempt_count"":0,""emitted_event_ids"":[""BAL:ABB:2026-08-03:001:NEUTRAL:100600:BALANCE_COMPLETED:105400"",""BAL:ABB:2026-08-03:001:NEUTRAL:100600:BALANCE_ESCAPE_ACCEPTED:105100"",""BAL:ABB:2026-08-03:001:NEUTRAL:100600:BALANCE_ESCAPE_STARTED:104800"",""BAL:ABB:2026-08-03:001:NEUTRAL:100600:BALANCE_FORMING_STARTED:100600"",""BAL:ABB:2026-08-03:001:NEUTRAL:100600:BALANCE_LOCKED:102700"",""BAL:ABB:2026-08-03:001:NEUTRAL:100600:BALANCE_PROBABLE:101800"",""BAL:ABB:2026-08-03:002:NEUTRAL:112100:BALANCE_COMPLETED:113000"",""BAL:ABB:2026-08-03:002:NEUTRAL:112100:BALANCE_FORMING_STARTED:112100""],""episode_id"":null,""escape_attempt_count"":0,""escape_direction"":""UNKNOWN"",""failed_escape_count"":0,""forming_bars_observed"":0,""forming_invalid_bars"":0,""frozen_high"":null,""frozen_low"":null,""last_escape_direction"":""UNKNOWN"",""last_escape_failed_at"":null,""last_escape_started_at"":null,""last_reason_codes"":[""NO_QUALIFIED_ACCEPTED_RANGE""],""marginal_excursion_bars"":0,""meaningful_escape_bars"":0,""outside_close_count"":0,""range_id"":null,""rearm_bars_elapsed"":0,""rearm_inside_close_count"":0,""rearm_required"":false,""reentry_close_count"":0,""sequence"":2,""source_range_ids"":[],""started_at"":null,""state"":""NONE"",""state_age_bars"":0,""state_started_at"":null,""up_escape_attempt_count"":0},""directional"":{""continuation_failure_progress_bars"":1,""continuation_failure_seen"":true,""continuation_failure_seen_at"":""2026-08-03T11:33:00+05:30"",""direction"":""UP"",""emitted_event_ids"":[""DIR:ABB:2026-08-03:001:DOWN:101500:DIRECTIONAL_COMPLETED:105100"",""DIR:ABB:2026-08-03:001:DOWN:101500:DIRECTIONAL_STARTED:101500"",""DIR:ABB:2026-08-03:002:UP:110000:DIRECTIONAL_MATURED:110300"",""DIR:ABB:2026-08-03:002:UP:110000:DIRECTIONAL_STARTED:110000"",""DIR:ABB:2026-08-03:002:UP:110000:REVERSAL_WATCH_STARTED:110600""],""episode_id"":""DIR:ABB:2026-08-03:002:UP:110000"",""extreme_price"":7473.0,""extreme_time"":""2026-08-03T11:33:00+05:30"",""first_adverse_bar_close"":7451.5,""first_adverse_bar_level"":7451.0,""first_adverse_bar_time"":""2026-08-03T11:33:00+05:30"",""inactive_bars"":0,""last_close"":7451.5,""last_observation_state"":""ORDERLY_UPTREND"",""last_observation_state_time"":""2026-08-03T11:33:00+05:30"",""last_reason_codes"":[""REVERSAL_WATCH_RETAINED""],""opposite_control_bars"":0,""origin_event_id"":null,""origin_price"":7407.5,""origin_source"":""OBSERVATION_CONFIRMATION"",""parent_episode_id"":null,""protection_level"":7407.0,""protection_source"":""CONFIRMED_RECOMPRESSION_BOX"",""protection_time"":""2026-08-03T11:27:00+05:30"",""rejection_seen"":true,""rejection_seen_at"":""2026-08-03T11:33:00+05:30"",""reversal_confirmation_breach_closes"":0,""reversal_confirmation_level"":7451.0,""reversal_confirmation_level_time"":""2026-08-03T11:33:00+05:30"",""reversal_confirmation_source"":""EPISODE_PRICE_ACTION_FIRST_ADVERSE_BAR:BAR_LOW"",""reversal_leg_failure_closes"":0,""reversal_leg_progress_atr"":0.0,""reversal_leg_progress_bars"":0,""reversal_watch_age_bars"":10,""sequence"":2,""start_candidate_bars"":0,""start_candidate_side"":""UNKNOWN"",""started_at"":""2026-08-03T11:00:00+05:30"",""state"":""REVERSAL_WATCH"",""state_age_bars"":10,""state_started_at"":""2026-08-03T11:06:00+05:30"",""trend_restore_bars"":1},""evidence_history"":[{""atr"":27.265372033536114,""bar"":{""body_fraction"":0.1111111111111111,""close"":7407.5,""close_position"":0.5925925925925926,""direction"":""DOWN"",""high"":7413.0,""low"":7399.5,""lower_wick_fraction"":0.5925925925925926,""move_atr"":-0.05501483706714202,""move_points"":-1.5,""open"":7409.0,""snapshot_time"":""2026-08-03T11:00:00+05:30"",""upper_wick_fraction"":0.2962962962962963,""volume"":3169.0},""close"":7407.5,""trend"":{""ema_ref"":7359.966386143927,""ema_slow"":7366.013721017935,""hma_order"":""BUY"",""hma_spread_atr"":3.8507515182422294}},{""atr"":26.46070260256925,""bar"":{""body_fraction"":0.03125,""close"":7407.0,""close_position"":0.65625,""direction"":""DOWN"",""high"":7412.5,""low"":7396.5,""lower_wick_fraction"":0.65625,""move_atr"":-0.018895945716552953,""move_points"":-0.5,""open"":7407.5,""snapshot_time"":""2026-08-03T11:03:00+05:30"",""upper_wick_fraction"":0.3125,""volume"":4136.0},""close"":7407.0,""trend"":{""ema_ref"":7360.434382301699,""ema_slow"":7366.825330502727,""hma_order"":""BUY"",""hma_spread_atr"":4.097286259360359}},{""atr"":25.39208098810002,""bar"":{""body_fraction"":0.08695652173913043,""close"":7406.0,""close_position"":0.8695652173913043,""direction"":""UP"",""high"":7407.5,""low"":7396.0,""lower_wick_fraction"":0.782608695652174,""move_atr"":0.03938235706118963,""move_points"":1.0,""open"":7405.0,""snapshot_time"":""2026-08-03T11:06:00+05:30"",""upper_wick_fraction"":0.13043478260869565,""volume"":7664.0},""close"":7406.0,""trend"":{""ema_ref"":7360.887771532528,""ema_slow"":7367.601066532376,""hma_order"":""BUY"",""hma_spread_atr"":4.20393668290585}},{""atr"":24.435503774664305,""bar"":{""body_fraction"":0.625,""close"":7414.0,""close_position"":0.7916666666666666,""direction"":""UP"",""high"":7416.5,""low"":7404.5,""lower_wick_fraction"":0.16666666666666666,""move_atr"":0.30693044306196365,""move_points"":7.5,""open"":7406.5,""snapshot_time"":""2026-08-03T11:09:00+05:30"",""upper_wick_fraction"":0.20833333333333337,""volume"":5387.0},""close"":7414.0,""trend"":{""ema_ref"":7361.416251417777,""ema_slow"":7368.519857294112,""hma_order"":""BUY"",""hma_spread_atr"":4.195349727093521}},{""atr"":24.54725350504543,""bar"":{""body_fraction"":0.0,""close"":7414.0,""close_position"":0.2692307692307692,""direction"":""NEUTRAL"",""high"":7433.0,""low"":7407.0,""lower_wick_fraction"":0.2692307692307692,""move_atr"":0.0,""move_points"":0.0,""open"":7414.0,""snapshot_time"":""2026-08-03T11:12:00+05:30"",""upper_wick_fraction"":0.7307692307692307,""volume"":9312.0},""close"":7414.0,""trend"":{""ema_ref"":7361.939472796705,""ema_slow"":7369.420454179376,""hma_order"":""BUY"",""hma_spread_atr"":3.941599352947174}},{""atr"":23.972449683256468,""bar"":{""body_fraction"":0.09090909090909093,""close"":7415.5,""close_position"":0.3333333333333333,""direction"":""UP"",""high"":7426.5,""low"":7410.0,""lower_wick_fraction"":0.24242424242424243,""move_atr"":0.06257182807010639,""move_points"":1.5,""open"":7414.0,""snapshot_time"":""2026-08-03T11:15:00+05:30"",""upper_wick_fraction"":0.6666666666666666,""volume"":4860.0},""close"":7415.5,""trend"":{""ema_ref"":7362.472413365892,""ema_slow"":7370.3329204332495,""hma_order"":""BUY"",""hma_spread_atr"":3.7973382434947456}},{""atr"":22.83156042016672,""bar"":{""body_fraction"":0.875,""close"":7408.5,""close_position"":0.125,""direction"":""DOWN"",""high"":7415.5,""low"":7407.5,""lower_wick_fraction"":0.125,""move_atr"":-0.30659314874584837,""move_points"":-7.0,""open"":7415.5,""snapshot_time"":""2026-08-03T11:18:00+05:30"",""upper_wick_fraction"":0.0,""volume"":2694.0},""close"":7408.5,""trend"":{""ema_ref"":7362.93039930255,""ema_slow"":7371.0887041870465,""hma_order"":""BUY"",""hma_spread_atr"":3.6956913841400345}},{""atr"":21.80787753301196,""bar"":{""body_fraction"":0.4117647058823529,""close"":7415.0,""close_position"":1.0,""direction"":""UP"",""high"":7415.0,""low"":7406.5,""lower_wick_fraction"":0.5882352941176471,""move_atr"":0.1604924640053499,""move_points"":3.5,""open"":7411.5,""snapshot_time"":""2026-08-03T11:21:00+05:30"",""upper_wick_fraction"":0.0,""volume"":3101.0},""close"":7415.0,""trend"":{""ema_ref"":7363.448504782126,""ema_slow"":7371.958234797204,""hma_order"":""BUY"",""hma_spread_atr"":3.611514268297504}},{""atr"":20.82160056636825,""bar"":{""body_fraction"":0.125,""close"":7415.0,""close_position"":0.5,""direction"":""UP"",""high"":7419.0,""low"":7411.0,""lower_wick_fraction"":0.375,""move_atr"":0.048027047527519746,""move_points"":1.0,""open"":7414.0,""snapshot_time"":""2026-08-03T11:24:00+05:30"",""upper_wick_fraction"":0.5,""volume"":4322.0},""close"":7415.0,""trend"":{""ema_ref"":7363.9614549832995,""ema_slow"":7372.810546979437,""hma_order"":""BUY"",""hma_spread_atr"":3.5486433329114297}},{""atr"":22.334343383056233,""bar"":{""body_fraction"":0.8313253012048193,""close"":7450.0,""close_position"":0.8313253012048193,""direction"":""UP"",""high"":7457.0,""low"":7415.5,""lower_wick_fraction"":0.0,""move_atr"":1.5447062583524682,""move_points"":34.5,""open"":7415.5,""snapshot_time"":""2026-08-03T11:27:00+05:30"",""upper_wick_fraction"":0.1686746987951807,""volume"":15720.0},""close"":7450.0,""trend"":{""ema_ref"":7364.817559908839,""ema_slow"":7374.339050999646,""hma_order"":""BUY"",""hma_spread_atr"":3.397442622722908}},{""atr"":22.274747427123643,""bar"":{""body_fraction"":0.7441860465116279,""close"":7465.0,""close_position"":0.813953488372093,""direction"":""UP"",""high"":7469.0,""low"":7447.5,""lower_wick_fraction"":0.06976744186046512,""move_atr"":0.7183021963480056,""move_points"":16.0,""open"":7449.0,""snapshot_time"":""2026-08-03T11:30:00+05:30"",""upper_wick_fraction"":0.18604651162790695,""volume"":10628.0},""close"":7465.0,""trend"":{""ema_ref"":7365.814400108751,""ema_slow"":7376.134317316485,""hma_order"":""BUY"",""hma_spread_atr"":3.7525603249981816}},{""atr"":22.25512261090053,""bar"":{""body_fraction"":0.6136363636363636,""close"":7451.5,""close_position"":0.022727272727272728,""direction"":""DOWN"",""high"":7473.0,""low"":7451.0,""lower_wick_fraction"":0.022727272727272728,""move_atr"":-0.6066019152546802,""move_points"":-13.5,""open"":7465.0,""snapshot_time"":""2026-08-03T11:33:00+05:30"",""upper_wick_fraction"":0.3636363636363637,""volume"":9962.0},""close"":7451.5,""trend"":{""ema_ref"":7366.666993142496,""ema_slow"":7377.626707072594,""hma_order"":""BUY"",""hma_spread_atr"":4.0658622436245535}}],""last_observation_hash"":""00d41bf8b5cd45947f393083cc137495078bdc0f3e4a1e0ad955231f3c3a464d"",""last_snapshot_time"":""2026-08-03T11:33:00+05:30"",""observation"":{""compression_box_high"":null,""compression_box_low"":null,""compression_candidate_bars"":0,""current_state"":""ORDERLY_UPTREND"",""established_side"":""UP"",""exhaustion_active"":true,""exhaustion_age_bars"":7,""exhaustion_clear_bars"":0,""exhaustion_last_seen_at"":""2026-08-03T11:24:00+05:30"",""exhaustion_side"":""UP"",""exhaustion_started_at"":""2026-08-03T11:15:00+05:30"",""failure_breach_bars"":0,""last_close"":7451.5,""last_reason_codes"":[""ESTABLISHED_DIRECTIONAL_CONTEXT_RETAINED"",""OBSERVATION_TRANSITION_CONFIRMED"",""OBSERVATION_STATE_ORDERLY_UPTREND""],""last_snapshot_time"":""2026-08-03T11:33:00+05:30"",""leg_age_bars"":3,""leg_anchor_price"":7407.0,""leg_anchor_time"":""2026-08-03T11:27:00+05:30"",""leg_extreme_price"":7473.0,""leg_maturity_consumed"":false,""leg_maturity_extreme_price"":null,""leg_maturity_onset_time"":null,""leg_no_progress_bars"":0,""observation_count"":47,""pending_bars"":0,""pending_state"":null,""protection_level"":7407.0,""protection_source"":""CONFIRMED_RECOMPRESSION_BOX"",""protection_time"":""2026-08-03T11:27:00+05:30"",""pullback_age_bars"":0,""pullback_candidate_bars"":1,""pullback_extreme_price"":null,""reacceleration_age_bars"":2,""recompression_age_bars"":0,""reversal_confirmation_bars"":0,""reversal_side"":""UP"",""state_age_bars"":1,""trading_day"":""2026-08-03"",""trend_anchor_price"":7355.0,""trend_candidate_bars"":7,""trend_candidate_side"":""UP"",""trend_extreme_price"":7473.0,""trend_failure_age_bars"":0,""trend_onset_time"":""2026-08-03T10:48:00+05:30""},""symbol"":""ABB"",""trading_day"":""2026-08-03""}"
restoration-v3-current-day,development,restoration-trend-control-v3,backtest-default,OK,,,,ABB,2026-08-03,2026-08-03T11:36:00+05:30,2026-08-03T11:33:00+05:30,SNAPSHOT_AUCTION_AUTHORITY_V3A,3m,True,True,7453.0,2026-08-03T11:36:00,7451.5,7459.0,7445.0,7453.0,3596.0,21.66547099583621,TRENDING_UP,BUY,candidate_has_directional_efficiency_or_displacement,RANGE_ACCEPTED,DYNAMIC:2026-08-03T10:54:00+05:30:2026-08-03T11:18:00+05:30,7392.5,7433.0,6,ok,TURNING_DOWN,-0.2769383597131636,0.438485736212509,OK,INCREMENTAL_PREVIOUS_SNAPSHOT,AUTOTRADES_AUCTION_ENGINE,1.1.0,,,ORDERLY_UPTREND,UP,UP,False,True,True,UP,True,False,False,7407.0,CONFIRMED_RECOMPRESSION_BOX,2026-08-03T11:27:00+05:30,DYNAMIC:2026-08-03T10:54:00+05:30:2026-08-03T11:18:00+05:30,7392.5,7433.0,False,1.4938271604938271,0.4777070063694267,PRICE_ACTION,0.5575996677740864,ESTABLISHED_DIRECTIONAL_CONTEXT_RETAINED|OBSERVATION_PROPOSAL_MATCHED_CURRENT|OBSERVATION_STATE_ORDERLY_UPTREND|OBJECTIVE_REJECTION_OBSERVED|OBJECTIVE_ACCEPTED_RANGE_GEOMETRY_PRESENT|OBJECTIVE_TREND_PROTECTION_GEOMETRY_PRESENT,DIR:ABB:2026-08-03:002:UP:110000,REVERSAL_WATCH,REVERSAL_WATCH,UP,OBSERVATION_CONFIRMATION,,,2026-08-03T11:00:00+05:30,2026-08-03T11:06:00+05:30,11,7407.5,7473.0,2026-08-03T11:33:00+05:30,7407.0,CONFIRMED_RECOMPRESSION_BOX,7451.0,EPISODE_PRICE_ACTION_FIRST_ADVERSE_BAR:BAR_LOW,2026-08-03T11:33:00+05:30,0,0.0,0,True,REVERSAL_WATCH_RETAINED,2,UNKNOWN,0,11,0,0,0,ORDERLY_UPTREND,2026-08-03T11:36:00+05:30,REVERSAL_WATCH_RETAINED,,NONE,NONE,0,,,,,,UNKNOWN,0,0,0,0,False,False,NO_QUALIFIED_ACCEPTED_RANGE,0,,,,,,0,,,,,MATCH,MATCH,CONFLICT,MATCH,False,0,False,False,False,True,EPISODE_SLOPE_CONFLICT,TRANSITIONAL_CONFLICT,[],[],"{""accepted_range_breakout_eligible"":true,""accepted_range_established_at"":""2026-08-03T11:18:00+05:30"",""accepted_range_high"":7433.0,""accepted_range_id"":""DYNAMIC:2026-08-03T10:54:00+05:30:2026-08-03T11:18:00+05:30"",""accepted_range_inside"":false,""accepted_range_low"":7392.5,""accepted_range_outside_atr"":0.9231278657105454,""accepted_range_position"":1.4938271604938271,""accepted_range_provisional"":false,""atr"":21.66547099583621,""close"":7453.0,""current_leg_mature"":false,""directional_bias"":""UP"",""directional_efficiency"":0.4777070063694267,""directional_efficiency_source"":""PRICE_ACTION"",""exhausted_side"":""UP"",""exhaustion_active"":true,""extension_mature"":true,""failed_extreme_observed"":false,""high"":7459.0,""low"":7445.0,""observation_state"":""ORDERLY_UPTREND"",""overlap_ratio"":0.5575996677740864,""range_width_atr"":1.8693339280638543,""rejection_observed"":true,""snapshot_time"":""2026-08-03T11:36:00+05:30"",""source_reason_codes"":[""ESTABLISHED_DIRECTIONAL_CONTEXT_RETAINED"",""OBSERVATION_PROPOSAL_MATCHED_CURRENT"",""OBSERVATION_STATE_ORDERLY_UPTREND"",""OBJECTIVE_REJECTION_OBSERVED"",""OBJECTIVE_ACCEPTED_RANGE_GEOMETRY_PRESENT"",""OBJECTIVE_TREND_PROTECTION_GEOMETRY_PRESENT""],""structural_failure_confirmed"":false,""symbol"":""ABB"",""trading_day"":""2026-08-03"",""trend_direction"":""UP"",""trend_protection_level"":7407.0,""trend_protection_source"":""CONFIRMED_RECOMPRESSION_BOX"",""trend_protection_time"":""2026-08-03T11:27:00+05:30""}","{""continuation_failure_seen"":true,""continuation_failure_time"":""2026-08-03T11:33:00+05:30"",""current_state"":""REVERSAL_WATCH"",""direction"":""UP"",""episode_id"":""DIR:ABB:2026-08-03:002:UP:110000"",""extreme_price"":7473.0,""extreme_time"":""2026-08-03T11:33:00+05:30"",""first_adverse_bar_close"":7451.5,""first_adverse_bar_level"":7451.0,""first_adverse_bar_time"":""2026-08-03T11:33:00+05:30"",""origin_event_id"":null,""origin_price"":7407.5,""origin_source"":""OBSERVATION_CONFIRMATION"",""parent_episode_id"":null,""previous_state"":""REVERSAL_WATCH"",""protection_level"":7407.0,""protection_source"":""CONFIRMED_RECOMPRESSION_BOX"",""reason_codes"":[""REVERSAL_WATCH_RETAINED""],""rejection_seen"":true,""reversal_confirmation_breach_closes"":0,""reversal_confirmation_level"":7451.0,""reversal_confirmation_level_time"":""2026-08-03T11:33:00+05:30"",""reversal_confirmation_source"":""EPISODE_PRICE_ACTION_FIRST_ADVERSE_BAR:BAR_LOW"",""reversal_leg_failure_closes"":0,""reversal_leg_progress_atr"":0.0,""reversal_leg_progress_bars"":0,""started_at"":""2026-08-03T11:00:00+05:30"",""state_age_bars"":11,""state_started_at"":""2026-08-03T11:06:00+05:30""}","{""attempt_limit_reached"":false,""candidate_bar_expansion_count"":0,""candidate_high"":null,""candidate_last_valid_at"":null,""candidate_low"":null,""candidate_merge_count"":0,""containment_bars"":0,""containment_ratio"":0.0,""current_state"":""NONE"",""down_escape_attempt_count"":0,""episode_id"":null,""escape_attempt_count"":0,""escape_direction"":""UNKNOWN"",""failed_escape_count"":0,""forming_bars_observed"":0,""forming_invalid_bars"":0,""frozen_high"":null,""frozen_low"":null,""last_escape_direction"":""UNKNOWN"",""last_escape_failed_at"":null,""last_escape_started_at"":null,""marginal_excursion_bars"":0,""meaningful_escape_bars"":0,""outside_close_count"":0,""previous_state"":""NONE"",""range_id"":null,""rearm_bars_elapsed"":0,""rearm_inside_close_count"":0,""rearm_required"":false,""reason_codes"":[""NO_QUALIFIED_ACCEPTED_RANGE""],""reentry_close_count"":0,""source_range_ids"":[],""started_at"":null,""state_age_bars"":0,""state_started_at"":null,""up_escape_attempt_count"":0}","{""balance_attempt_limit_reached"":false,""balance_candidate_bar_expansion_count"":0,""balance_candidate_merge_count"":0,""balance_containment_ratio"":0.0,""balance_down_escape_attempt_count"":0,""balance_escape_attempt_count"":0,""balance_failed_escape_count"":0,""balance_forming_bars_observed"":0,""balance_forming_invalid_bars"":0,""balance_last_escape_direction"":""UNKNOWN"",""balance_last_escape_failed_at"":null,""balance_last_escape_started_at"":null,""balance_marginal_excursion_bars"":0,""balance_meaningful_escape_bars"":0,""balance_rearm_bars_elapsed"":0,""balance_rearm_inside_close_count"":0,""balance_rearm_required"":false,""balance_up_escape_attempt_count"":0,""directional_origin_event_id"":null,""directional_origin_source"":""OBSERVATION_CONFIRMATION"",""directional_parent_episode_id"":null,""directional_reversal_watch_age_bars"":11,""directional_start_candidate_bars"":0,""directional_start_candidate_side"":""UNKNOWN"",""observation_accepted_range_id"":""DYNAMIC:2026-08-03T10:54:00+05:30:2026-08-03T11:18:00+05:30"",""observation_current_leg_mature"":false,""observation_directional_bias"":""UP"",""observation_exhaustion_active"":true,""observation_state"":""ORDERLY_UPTREND""}","{""balance"":{""attempt_limit_reached"":false,""candidate_bar_expansion_count"":0,""candidate_high"":null,""candidate_last_valid_at"":null,""candidate_low"":null,""candidate_merge_count"":0,""containment_bars"":0,""down_escape_attempt_count"":0,""emitted_event_ids"":[""BAL:ABB:2026-08-03:001:NEUTRAL:100600:BALANCE_COMPLETED:105400"",""BAL:ABB:2026-08-03:001:NEUTRAL:100600:BALANCE_ESCAPE_ACCEPTED:105100"",""BAL:ABB:2026-08-03:001:NEUTRAL:100600:BALANCE_ESCAPE_STARTED:104800"",""BAL:ABB:2026-08-03:001:NEUTRAL:100600:BALANCE_FORMING_STARTED:100600"",""BAL:ABB:2026-08-03:001:NEUTRAL:100600:BALANCE_LOCKED:102700"",""BAL:ABB:2026-08-03:001:NEUTRAL:100600:BALANCE_PROBABLE:101800"",""BAL:ABB:2026-08-03:002:NEUTRAL:112100:BALANCE_COMPLETED:113000"",""BAL:ABB:2026-08-03:002:NEUTRAL:112100:BALANCE_FORMING_STARTED:112100""],""episode_id"":null,""escape_attempt_count"":0,""escape_direction"":""UNKNOWN"",""failed_escape_count"":0,""forming_bars_observed"":0,""forming_invalid_bars"":0,""frozen_high"":null,""frozen_low"":null,""last_escape_direction"":""UNKNOWN"",""last_escape_failed_at"":null,""last_escape_started_at"":null,""last_reason_codes"":[""NO_QUALIFIED_ACCEPTED_RANGE""],""marginal_excursion_bars"":0,""meaningful_escape_bars"":0,""outside_close_count"":0,""range_id"":null,""rearm_bars_elapsed"":0,""rearm_inside_close_count"":0,""rearm_required"":false,""reentry_close_count"":0,""sequence"":2,""source_range_ids"":[],""started_at"":null,""state"":""NONE"",""state_age_bars"":0,""state_started_at"":null,""up_escape_attempt_count"":0},""directional"":{""continuation_failure_progress_bars"":1,""continuation_failure_seen"":true,""continuation_failure_seen_at"":""2026-08-03T11:33:00+05:30"",""direction"":""UP"",""emitted_event_ids"":[""DIR:ABB:2026-08-03:001:DOWN:101500:DIRECTIONAL_COMPLETED:105100"",""DIR:ABB:2026-08-03:001:DOWN:101500:DIRECTIONAL_STARTED:101500"",""DIR:ABB:2026-08-03:002:UP:110000:DIRECTIONAL_MATURED:110300"",""DIR:ABB:2026-08-03:002:UP:110000:DIRECTIONAL_STARTED:110000"",""DIR:ABB:2026-08-03:002:UP:110000:REVERSAL_WATCH_STARTED:110600""],""episode_id"":""DIR:ABB:2026-08-03:002:UP:110000"",""extreme_price"":7473.0,""extreme_time"":""2026-08-03T11:33:00+05:30"",""first_adverse_bar_close"":7451.5,""first_adverse_bar_level"":7451.0,""first_adverse_bar_time"":""2026-08-03T11:33:00+05:30"",""inactive_bars"":0,""last_close"":7453.0,""last_observation_state"":""ORDERLY_UPTREND"",""last_observation_state_time"":""2026-08-03T11:36:00+05:30"",""last_reason_codes"":[""REVERSAL_WATCH_RETAINED""],""opposite_control_bars"":0,""origin_event_id"":null,""origin_price"":7407.5,""origin_source"":""OBSERVATION_CONFIRMATION"",""parent_episode_id"":null,""protection_level"":7407.0,""protection_source"":""CONFIRMED_RECOMPRESSION_BOX"",""protection_time"":""2026-08-03T11:27:00+05:30"",""rejection_seen"":true,""rejection_seen_at"":""2026-08-03T11:33:00+05:30"",""reversal_confirmation_breach_closes"":0,""reversal_confirmation_level"":7451.0,""reversal_confirmation_level_time"":""2026-08-03T11:33:00+05:30"",""reversal_confirmation_source"":""EPISODE_PRICE_ACTION_FIRST_ADVERSE_BAR:BAR_LOW"",""reversal_leg_failure_closes"":0,""reversal_leg_progress_atr"":0.0,""reversal_leg_progress_bars"":0,""reversal_watch_age_bars"":11,""sequence"":2,""start_candidate_bars"":0,""start_candidate_side"":""UNKNOWN"",""started_at"":""2026-08-03T11:00:00+05:30"",""state"":""REVERSAL_WATCH"",""state_age_bars"":11,""state_started_at"":""2026-08-03T11:06:00+05:30"",""trend_restore_bars"":0},""evidence_history"":[{""atr"":26.46070260256925,""bar"":{""body_fraction"":0.03125,""close"":7407.0,""close_position"":0.65625,""direction"":""DOWN"",""high"":7412.5,""low"":7396.5,""lower_wick_fraction"":0.65625,""move_atr"":-0.018895945716552953,""move_points"":-0.5,""open"":7407.5,""snapshot_time"":""2026-08-03T11:03:00+05:30"",""upper_wick_fraction"":0.3125,""volume"":4136.0},""close"":7407.0,""trend"":{""ema_ref"":7360.434382301699,""ema_slow"":7366.825330502727,""hma_order"":""BUY"",""hma_spread_atr"":4.097286259360359}},{""atr"":25.39208098810002,""bar"":{""body_fraction"":0.08695652173913043,""close"":7406.0,""close_position"":0.8695652173913043,""direction"":""UP"",""high"":7407.5,""low"":7396.0,""lower_wick_fraction"":0.782608695652174,""move_atr"":0.03938235706118963,""move_points"":1.0,""open"":7405.0,""snapshot_time"":""2026-08-03T11:06:00+05:30"",""upper_wick_fraction"":0.13043478260869565,""volume"":7664.0},""close"":7406.0,""trend"":{""ema_ref"":7360.887771532528,""ema_slow"":7367.601066532376,""hma_order"":""BUY"",""hma_spread_atr"":4.20393668290585}},{""atr"":24.435503774664305,""bar"":{""body_fraction"":0.625,""close"":7414.0,""close_position"":0.7916666666666666,""direction"":""UP"",""high"":7416.5,""low"":7404.5,""lower_wick_fraction"":0.16666666666666666,""move_atr"":0.30693044306196365,""move_points"":7.5,""open"":7406.5,""snapshot_time"":""2026-08-03T11:09:00+05:30"",""upper_wick_fraction"":0.20833333333333337,""volume"":5387.0},""close"":7414.0,""trend"":{""ema_ref"":7361.416251417777,""ema_slow"":7368.519857294112,""hma_order"":""BUY"",""hma_spread_atr"":4.195349727093521}},{""atr"":24.54725350504543,""bar"":{""body_fraction"":0.0,""close"":7414.0,""close_position"":0.2692307692307692,""direction"":""NEUTRAL"",""high"":7433.0,""low"":7407.0,""lower_wick_fraction"":0.2692307692307692,""move_atr"":0.0,""move_points"":0.0,""open"":7414.0,""snapshot_time"":""2026-08-03T11:12:00+05:30"",""upper_wick_fraction"":0.7307692307692307,""volume"":9312.0},""close"":7414.0,""trend"":{""ema_ref"":7361.939472796705,""ema_slow"":7369.420454179376,""hma_order"":""BUY"",""hma_spread_atr"":3.941599352947174}},{""atr"":23.972449683256468,""bar"":{""body_fraction"":0.09090909090909093,""close"":7415.5,""close_position"":0.3333333333333333,""direction"":""UP"",""high"":7426.5,""low"":7410.0,""lower_wick_fraction"":0.24242424242424243,""move_atr"":0.06257182807010639,""move_points"":1.5,""open"":7414.0,""snapshot_time"":""2026-08-03T11:15:00+05:30"",""upper_wick_fraction"":0.6666666666666666,""volume"":4860.0},""close"":7415.5,""trend"":{""ema_ref"":7362.472413365892,""ema_slow"":7370.3329204332495,""hma_order"":""BUY"",""hma_spread_atr"":3.7973382434947456}},{""atr"":22.83156042016672,""bar"":{""body_fraction"":0.875,""close"":7408.5,""close_position"":0.125,""direction"":""DOWN"",""high"":7415.5,""low"":7407.5,""lower_wick_fraction"":0.125,""move_atr"":-0.30659314874584837,""move_points"":-7.0,""open"":7415.5,""snapshot_time"":""2026-08-03T11:18:00+05:30"",""upper_wick_fraction"":0.0,""volume"":2694.0},""close"":7408.5,""trend"":{""ema_ref"":7362.93039930255,""ema_slow"":7371.0887041870465,""hma_order"":""BUY"",""hma_spread_atr"":3.6956913841400345}},{""atr"":21.80787753301196,""bar"":{""body_fraction"":0.4117647058823529,""close"":7415.0,""close_position"":1.0,""direction"":""UP"",""high"":7415.0,""low"":7406.5,""lower_wick_fraction"":0.5882352941176471,""move_atr"":0.1604924640053499,""move_points"":3.5,""open"":7411.5,""snapshot_time"":""2026-08-03T11:21:00+05:30"",""upper_wick_fraction"":0.0,""volume"":3101.0},""close"":7415.0,""trend"":{""ema_ref"":7363.448504782126,""ema_slow"":7371.958234797204,""hma_order"":""BUY"",""hma_spread_atr"":3.611514268297504}},{""atr"":20.82160056636825,""bar"":{""body_fraction"":0.125,""close"":7415.0,""close_position"":0.5,""direction"":""UP"",""high"":7419.0,""low"":7411.0,""lower_wick_fraction"":0.375,""move_atr"":0.048027047527519746,""move_points"":1.0,""open"":7414.0,""snapshot_time"":""2026-08-03T11:24:00+05:30"",""upper_wick_fraction"":0.5,""volume"":4322.0},""close"":7415.0,""trend"":{""ema_ref"":7363.9614549832995,""ema_slow"":7372.810546979437,""hma_order"":""BUY"",""hma_spread_atr"":3.5486433329114297}},{""atr"":22.334343383056233,""bar"":{""body_fraction"":0.8313253012048193,""close"":7450.0,""close_position"":0.8313253012048193,""direction"":""UP"",""high"":7457.0,""low"":7415.5,""lower_wick_fraction"":0.0,""move_atr"":1.5447062583524682,""move_points"":34.5,""open"":7415.5,""snapshot_time"":""2026-08-03T11:27:00+05:30"",""upper_wick_fraction"":0.1686746987951807,""volume"":15720.0},""close"":7450.0,""trend"":{""ema_ref"":7364.817559908839,""ema_slow"":7374.339050999646,""hma_order"":""BUY"",""hma_spread_atr"":3.397442622722908}},{""atr"":22.274747427123643,""bar"":{""body_fraction"":0.7441860465116279,""close"":7465.0,""close_position"":0.813953488372093,""direction"":""UP"",""high"":7469.0,""low"":7447.5,""lower_wick_fraction"":0.06976744186046512,""move_atr"":0.7183021963480056,""move_points"":16.0,""open"":7449.0,""snapshot_time"":""2026-08-03T11:30:00+05:30"",""upper_wick_fraction"":0.18604651162790695,""volume"":10628.0},""close"":7465.0,""trend"":{""ema_ref"":7365.814400108751,""ema_slow"":7376.134317316485,""hma_order"":""BUY"",""hma_spread_atr"":3.7525603249981816}},{""atr"":22.25512261090053,""bar"":{""body_fraction"":0.6136363636363636,""close"":7451.5,""close_position"":0.022727272727272728,""direction"":""DOWN"",""high"":7473.0,""low"":7451.0,""lower_wick_fraction"":0.022727272727272728,""move_atr"":-0.6066019152546802,""move_points"":-13.5,""open"":7465.0,""snapshot_time"":""2026-08-03T11:33:00+05:30"",""upper_wick_fraction"":0.3636363636363637,""volume"":9962.0},""close"":7451.5,""trend"":{""ema_ref"":7366.666993142496,""ema_slow"":7377.626707072594,""hma_order"":""BUY"",""hma_spread_atr"":4.0658622436245535}},{""atr"":21.66547099583621,""bar"":{""body_fraction"":0.10714285714285714,""close"":7453.0,""close_position"":0.5714285714285714,""direction"":""UP"",""high"":7459.0,""low"":7445.0,""lower_wick_fraction"":0.4642857142857143,""move_atr"":0.0692345899282909,""move_points"":1.5,""open"":7451.5,""snapshot_time"":""2026-08-03T11:36:00+05:30"",""upper_wick_fraction"":0.42857142857142855,""volume"":3596.0},""close"":7453.0,""trend"":{""ema_ref"":7367.526028036601,""ema_slow"":7379.119247526603,""hma_order"":""BUY"",""hma_spread_atr"":4.388034859484658}}],""last_observation_hash"":""7dcc686bf78aea54d8e94fd7f6b67703f9416a5c2d142d7e6bb5e19c8e467110"",""last_snapshot_time"":""2026-08-03T11:36:00+05:30"",""observation"":{""compression_box_high"":null,""compression_box_low"":null,""compression_candidate_bars"":0,""current_state"":""ORDERLY_UPTREND"",""established_side"":""UP"",""exhaustion_active"":true,""exhaustion_age_bars"":1,""exhaustion_clear_bars"":0,""exhaustion_last_seen_at"":""2026-08-03T11:36:00+05:30"",""exhaustion_side"":""UP"",""exhaustion_started_at"":""2026-08-03T11:36:00+05:30"",""failure_breach_bars"":0,""last_close"":7453.0,""last_reason_codes"":[""ESTABLISHED_DIRECTIONAL_CONTEXT_RETAINED"",""OBSERVATION_PROPOSAL_MATCHED_CURRENT"",""OBSERVATION_STATE_ORDERLY_UPTREND""],""last_snapshot_time"":""2026-08-03T11:36:00+05:30"",""leg_age_bars"":4,""leg_anchor_price"":7407.0,""leg_anchor_time"":""2026-08-03T11:27:00+05:30"",""leg_extreme_price"":7473.0,""leg_maturity_consumed"":false,""leg_maturity_extreme_price"":null,""leg_maturity_onset_time"":null,""leg_no_progress_bars"":1,""observation_count"":48,""pending_bars"":0,""pending_state"":null,""protection_level"":7407.0,""protection_source"":""CONFIRMED_RECOMPRESSION_BOX"",""protection_time"":""2026-08-03T11:27:00+05:30"",""pullback_age_bars"":0,""pullback_candidate_bars"":0,""pullback_extreme_price"":null,""reacceleration_age_bars"":2,""recompression_age_bars"":0,""reversal_confirmation_bars"":0,""reversal_side"":""UP"",""state_age_bars"":2,""trading_day"":""2026-08-03"",""trend_anchor_price"":7355.0,""trend_candidate_bars"":8,""trend_candidate_side"":""UP"",""trend_extreme_price"":7473.0,""trend_failure_age_bars"":0,""trend_onset_time"":""2026-08-03T10:48:00+05:30""},""symbol"":""ABB"",""trading_day"":""2026-08-03""}"
restoration-v3-current-day,development,restoration-trend-control-v3,backtest-default,OK,,,,ABB,2026-08-03,2026-08-03T11:39:00+05:30,2026-08-03T11:36:00+05:30,SNAPSHOT_AUCTION_AUTHORITY_V3A,3m,True,True,7447.0,2026-08-03T11:39:00,7451.0,7455.0,7444.0,7447.0,2934.0,20.903651638990763,TRENDING_UP,BUY,candidate_has_directional_efficiency_or_displacement,RANGE_ACCEPTED,DYNAMIC:2026-08-03T10:54:00+05:30:2026-08-03T11:18:00+05:30,7392.5,7433.0,7,ok,DOWN_ACCELERATING,-0.10763669615519056,-0.035878898718396855,OK,INCREMENTAL_PREVIOUS_SNAPSHOT,AUTOTRADES_AUCTION_ENGINE,1.1.0,,,ORDERLY_UPTREND,UP,UP,False,False,True,UP,False,False,False,7407.0,CONFIRMED_RECOMPRESSION_BOX,2026-08-03T11:27:00+05:30,DYNAMIC:2026-08-03T10:54:00+05:30:2026-08-03T11:18:00+05:30,7392.5,7433.0,False,1.345679012345679,0.4967741935483871,PRICE_ACTION,0.6394178495922682,ESTABLISHED_DIRECTIONAL_CONTEXT_RETAINED|OBSERVATION_PROPOSAL_MATCHED_CURRENT|OBSERVATION_STATE_ORDERLY_UPTREND|OBJECTIVE_ACCEPTED_RANGE_GEOMETRY_PRESENT|OBJECTIVE_TREND_PROTECTION_GEOMETRY_PRESENT,DIR:ABB:2026-08-03:003:DOWN:113900,REVERSAL_WATCH,REVERSAL_LEG,DOWN,REVERSAL_EVENT_HANDOFF,DIR:ABB:2026-08-03:002:UP:110000,DIR:ABB:2026-08-03:002:UP:110000:DIRECTIONAL_REVERSAL_CONFIRMED:113900,2026-08-03T11:39:00+05:30,2026-08-03T11:39:00+05:30,1,7447.0,7444.0,2026-08-03T11:39:00+05:30,,,7451.0,EPISODE_PRICE_ACTION_FIRST_ADVERSE_BAR:BAR_LOW,2026-08-03T11:33:00+05:30,0,0.0,0,False,DIRECTIONAL_REVERSAL_EVENT_EMITTED|REVERSAL_LEG_HANDOFF_STARTED|HANDOFF_FROM_UP_TO_DOWN,3,UNKNOWN,0,0,0,0,0,ORDERLY_UPTREND,2026-08-03T11:39:00+05:30,DIRECTIONAL_REVERSAL_EVENT_EMITTED|REVERSAL_LEG_HANDOFF_STARTED|HANDOFF_FROM_UP_TO_DOWN,,NONE,NONE,0,,,,,,UNKNOWN,0,0,0,0,False,False,NO_QUALIFIED_ACCEPTED_RANGE,3,DIR:ABB:2026-08-03:002:UP:110000:DIRECTIONAL_REVERSAL_CONFIRMED:113900|DIR:ABB:2026-08-03:002:UP:110000:DIRECTIONAL_COMPLETED:113900|DIR:ABB:2026-08-03:003:DOWN:113900:DIRECTIONAL_REVERSAL_LEG_STARTED:113900,DIRECTIONAL_REVERSAL_CONFIRMED|DIRECTIONAL_COMPLETED|DIRECTIONAL_REVERSAL_LEG_STARTED,DOWN|UP|DOWN,DIR:ABB:2026-08-03:002:UP:110000|DIR:ABB:2026-08-03:002:UP:110000|DIR:ABB:2026-08-03:003:DOWN:113900,"DIRECTIONAL_REVERSAL_CONFIRMED:FIRST_ADVERSE_STAGE_RETAINED,CONTINUATION_FAILURE_STAGE_RETAINED,EPISODE_REVERSAL_CONFIRMATION_LEVEL_BREACHED|DIRECTIONAL_COMPLETED:REVERSAL_EVENT_COMPLETED_ORIGINAL_DIRECTIONAL_EPISODE|DIRECTIONAL_REVERSAL_LEG_STARTED:REVERSAL_EVENT_CREATED_TRANSITIONAL_LEG,PARENT_EPISODE:DIR:ABB:2026-08-03:002:UP:110000",1,REVERSAL,WAIT,DIR:ABB:2026-08-03:002:UP:110000:DIRECTIONAL_REVERSAL_CONFIRMED:113900,REVERSAL:EVENT_DIRECTIONAL_REVERSAL_CONFIRMED_WAIT,CONFLICT,CONFLICT,MATCH,MATCH,False,0,True,True,True,True,EPISODE_TREND_CONFLICT|EPISODE_RAW_STRUCTURE_CONFLICT,TRANSITIONAL_CONFLICT,"[""event_id='DIR:ABB:2026-08-03:002:UP:110000:DIRECTIONAL_REVERSAL_CONFIRMED:113900' event_type=<AuctionEventType.DIRECTIONAL_REVERSAL_CONFIRMED: 'DIRECTIONAL_REVERSAL_CONFIRMED'> episode_id='DIR:ABB:2026-08-03:002:UP:110000' symbol='ABB' trading_day=datetime.date(2026, 8, 3) event_time=datetime.datetime(2026, 8, 3, 11, 39, tzinfo=TzInfo(19800)) direction=<DirectionalBias.DOWN: 'DOWN'> reason_codes=('FIRST_ADVERSE_STAGE_RETAINED', 'CONTINUATION_FAILURE_STAGE_RETAINED', 'EPISODE_REVERSAL_CONFIRMATION_LEVEL_BREACHED') data={'origin_price': 7407.5, 'extreme_price': 7473.0, 'origin_source': 'OBSERVATION_CONFIRMATION', 'origin_event_id': None, 'protection_level': 7407.0, 'parent_episode_id': None, 'protection_source': 'CONFIRMED_RECOMPRESSION_BOX', 'first_adverse_bar_time': '2026-08-03T11:33:00+05:30', 'first_adverse_bar_close': 7451.5, 'first_adverse_bar_level': 7451.0, 'continuation_failure_time': '2026-08-03T11:33:00+05:30', 'reversal_leg_progress_atr': 0.0, 'reversal_leg_progress_bars': 0, 'reversal_confirmation_level': 7451.0, 'reversal_leg_failure_closes': 0, 'reversal_confirmation_source': 'EPISODE_PRICE_ACTION_FIRST_ADVERSE_BAR:BAR_LOW', 'reversal_confirmation_level_time': '2026-08-03T11:33:00+05:30'}"",""event_id='DIR:ABB:2026-08-03:002:UP:110000:DIRECTIONAL_COMPLETED:113900' event_type=<AuctionEventType.DIRECTIONAL_COMPLETED: 'DIRECTIONAL_COMPLETED'> episode_id='DIR:ABB:2026-08-03:002:UP:110000' symbol='ABB' trading_day=datetime.date(2026, 8, 3) event_time=datetime.datetime(2026, 8, 3, 11, 39, tzinfo=TzInfo(19800)) direction=<DirectionalBias.UP: 'UP'> reason_codes=('REVERSAL_EVENT_COMPLETED_ORIGINAL_DIRECTIONAL_EPISODE',) data={'origin_price': 7407.5, 'extreme_price': 7473.0, 'origin_source': 'OBSERVATION_CONFIRMATION', 'origin_event_id': None, 'protection_level': 7407.0, 'parent_episode_id': None, 'protection_source': 'CONFIRMED_RECOMPRESSION_BOX', 'first_adverse_bar_time': '2026-08-03T11:33:00+05:30', 'first_adverse_bar_close': 7451.5, 'first_adverse_bar_level': 7451.0, 'continuation_failure_time': '2026-08-03T11:33:00+05:30', 'reversal_leg_progress_atr': 0.0, 'reversal_leg_progress_bars': 0, 'reversal_confirmation_level': 7451.0, 'reversal_leg_failure_closes': 0, 'reversal_confirmation_source': 'EPISODE_PRICE_ACTION_FIRST_ADVERSE_BAR:BAR_LOW', 'reversal_confirmation_level_time': '2026-08-03T11:33:00+05:30'}"",""event_id='DIR:ABB:2026-08-03:003:DOWN:113900:DIRECTIONAL_REVERSAL_LEG_STARTED:113900' event_type=<AuctionEventType.DIRECTIONAL_REVERSAL_LEG_STARTED: 'DIRECTIONAL_REVERSAL_LEG_STARTED'> episode_id='DIR:ABB:2026-08-03:003:DOWN:113900' symbol='ABB' trading_day=datetime.date(2026, 8, 3) event_time=datetime.datetime(2026, 8, 3, 11, 39, tzinfo=TzInfo(19800)) direction=<DirectionalBias.DOWN: 'DOWN'> reason_codes=('REVERSAL_EVENT_CREATED_TRANSITIONAL_LEG', 'PARENT_EPISODE:DIR:ABB:2026-08-03:002:UP:110000') data={'origin_price': 7447.0, 'extreme_price': 7444.0, 'origin_source': 'REVERSAL_EVENT_HANDOFF', 'origin_event_id': 'DIR:ABB:2026-08-03:002:UP:110000:DIRECTIONAL_REVERSAL_CONFIRMED:113900', 'protection_level': None, 'parent_episode_id': 'DIR:ABB:2026-08-03:002:UP:110000', 'protection_source': '', 'first_adverse_bar_time': None, 'first_adverse_bar_close': None, 'first_adverse_bar_level': None, 'continuation_failure_time': None, 'reversal_leg_progress_atr': 0.0, 'reversal_leg_progress_bars': 0, 'reversal_confirmation_level': 7451.0, 'reversal_leg_failure_closes': 0, 'reversal_confirmation_source': 'EPISODE_PRICE_ACTION_FIRST_ADVERSE_BAR:BAR_LOW', 'reversal_confirmation_level_time': '2026-08-03T11:33:00+05:30'}""]","[""setup_family=<SetupFamily.REVERSAL: 'REVERSAL'> result=<StructuralPermissionResult.WAIT: 'WAIT'> source_event_ids=('DIR:ABB:2026-08-03:002:UP:110000:DIRECTIONAL_REVERSAL_CONFIRMED:113900',) source_event_types=(<AuctionEventType.DIRECTIONAL_REVERSAL_CONFIRMED: 'DIRECTIONAL_REVERSAL_CONFIRMED'>,) balance_state=<BalanceEpisodeState.NONE: 'NONE'> reason_codes=('EVENT_DIRECTIONAL_REVERSAL_CONFIRMED_WAIT',)""]","{""accepted_range_breakout_eligible"":true,""accepted_range_established_at"":""2026-08-03T11:18:00+05:30"",""accepted_range_high"":7433.0,""accepted_range_id"":""DYNAMIC:2026-08-03T10:54:00+05:30:2026-08-03T11:18:00+05:30"",""accepted_range_inside"":false,""accepted_range_low"":7392.5,""accepted_range_outside_atr"":0.669739442743408,""accepted_range_position"":1.345679012345679,""accepted_range_provisional"":false,""atr"":20.903651638990763,""close"":7447.0,""current_leg_mature"":false,""directional_bias"":""UP"",""directional_efficiency"":0.4967741935483871,""directional_efficiency_source"":""PRICE_ACTION"",""exhausted_side"":""UP"",""exhaustion_active"":true,""extension_mature"":false,""failed_extreme_observed"":false,""high"":7455.0,""low"":7444.0,""observation_state"":""ORDERLY_UPTREND"",""overlap_ratio"":0.6394178495922682,""range_width_atr"":1.9374605307934305,""rejection_observed"":false,""snapshot_time"":""2026-08-03T11:39:00+05:30"",""source_reason_codes"":[""ESTABLISHED_DIRECTIONAL_CONTEXT_RETAINED"",""OBSERVATION_PROPOSAL_MATCHED_CURRENT"",""OBSERVATION_STATE_ORDERLY_UPTREND"",""OBJECTIVE_ACCEPTED_RANGE_GEOMETRY_PRESENT"",""OBJECTIVE_TREND_PROTECTION_GEOMETRY_PRESENT""],""structural_failure_confirmed"":false,""symbol"":""ABB"",""trading_day"":""2026-08-03"",""trend_direction"":""UP"",""trend_protection_level"":7407.0,""trend_protection_source"":""CONFIRMED_RECOMPRESSION_BOX"",""trend_protection_time"":""2026-08-03T11:27:00+05:30""}","{""continuation_failure_seen"":false,""continuation_failure_time"":null,""current_state"":""REVERSAL_LEG"",""direction"":""DOWN"",""episode_id"":""DIR:ABB:2026-08-03:003:DOWN:113900"",""extreme_price"":7444.0,""extreme_time"":""2026-08-03T11:39:00+05:30"",""first_adverse_bar_close"":null,""first_adverse_bar_level"":null,""first_adverse_bar_time"":null,""origin_event_id"":""DIR:ABB:2026-08-03:002:UP:110000:DIRECTIONAL_REVERSAL_CONFIRMED:113900"",""origin_price"":7447.0,""origin_source"":""REVERSAL_EVENT_HANDOFF"",""parent_episode_id"":""DIR:ABB:2026-08-03:002:UP:110000"",""previous_state"":""REVERSAL_WATCH"",""protection_level"":null,""protection_source"":"""",""reason_codes"":[""DIRECTIONAL_REVERSAL_EVENT_EMITTED"",""REVERSAL_LEG_HANDOFF_STARTED"",""HANDOFF_FROM_UP_TO_DOWN""],""rejection_seen"":false,""reversal_confirmation_breach_closes"":0,""reversal_confirmation_level"":7451.0,""reversal_confirmation_level_time"":""2026-08-03T11:33:00+05:30"",""reversal_confirmation_source"":""EPISODE_PRICE_ACTION_FIRST_ADVERSE_BAR:BAR_LOW"",""reversal_leg_failure_closes"":0,""reversal_leg_progress_atr"":0.0,""reversal_leg_progress_bars"":0,""started_at"":""2026-08-03T11:39:00+05:30"",""state_age_bars"":1,""state_started_at"":""2026-08-03T11:39:00+05:30""}","{""attempt_limit_reached"":false,""candidate_bar_expansion_count"":0,""candidate_high"":null,""candidate_last_valid_at"":null,""candidate_low"":null,""candidate_merge_count"":0,""containment_bars"":0,""containment_ratio"":0.0,""current_state"":""NONE"",""down_escape_attempt_count"":0,""episode_id"":null,""escape_attempt_count"":0,""escape_direction"":""UNKNOWN"",""failed_escape_count"":0,""forming_bars_observed"":0,""forming_invalid_bars"":0,""frozen_high"":null,""frozen_low"":null,""last_escape_direction"":""UNKNOWN"",""last_escape_failed_at"":null,""last_escape_started_at"":null,""marginal_excursion_bars"":0,""meaningful_escape_bars"":0,""outside_close_count"":0,""previous_state"":""NONE"",""range_id"":null,""rearm_bars_elapsed"":0,""rearm_inside_close_count"":0,""rearm_required"":false,""reason_codes"":[""NO_QUALIFIED_ACCEPTED_RANGE""],""reentry_close_count"":0,""source_range_ids"":[],""started_at"":null,""state_age_bars"":0,""state_started_at"":null,""up_escape_attempt_count"":0}","{""balance_attempt_limit_reached"":false,""balance_candidate_bar_expansion_count"":0,""balance_candidate_merge_count"":0,""balance_containment_ratio"":0.0,""balance_down_escape_attempt_count"":0,""balance_escape_attempt_count"":0,""balance_failed_escape_count"":0,""balance_forming_bars_observed"":0,""balance_forming_invalid_bars"":0,""balance_last_escape_direction"":""UNKNOWN"",""balance_last_escape_failed_at"":null,""balance_last_escape_started_at"":null,""balance_marginal_excursion_bars"":0,""balance_meaningful_escape_bars"":0,""balance_rearm_bars_elapsed"":0,""balance_rearm_inside_close_count"":0,""balance_rearm_required"":false,""balance_up_escape_attempt_count"":0,""directional_origin_event_id"":""DIR:ABB:2026-08-03:002:UP:110000:DIRECTIONAL_REVERSAL_CONFIRMED:113900"",""directional_origin_source"":""REVERSAL_EVENT_HANDOFF"",""directional_parent_episode_id"":""DIR:ABB:2026-08-03:002:UP:110000"",""directional_reversal_watch_age_bars"":0,""directional_start_candidate_bars"":0,""directional_start_candidate_side"":""UNKNOWN"",""observation_accepted_range_id"":""DYNAMIC:2026-08-03T10:54:00+05:30:2026-08-03T11:18:00+05:30"",""observation_current_leg_mature"":false,""observation_directional_bias"":""UP"",""observation_exhaustion_active"":true,""observation_state"":""ORDERLY_UPTREND""}","{""balance"":{""attempt_limit_reached"":false,""candidate_bar_expansion_count"":0,""candidate_high"":null,""candidate_last_valid_at"":null,""candidate_low"":null,""candidate_merge_count"":0,""containment_bars"":0,""down_escape_attempt_count"":0,""emitted_event_ids"":[""BAL:ABB:2026-08-03:001:NEUTRAL:100600:BALANCE_COMPLETED:105400"",""BAL:ABB:2026-08-03:001:NEUTRAL:100600:BALANCE_ESCAPE_ACCEPTED:105100"",""BAL:ABB:2026-08-03:001:NEUTRAL:100600:BALANCE_ESCAPE_STARTED:104800"",""BAL:ABB:2026-08-03:001:NEUTRAL:100600:BALANCE_FORMING_STARTED:100600"",""BAL:ABB:2026-08-03:001:NEUTRAL:100600:BALANCE_LOCKED:102700"",""BAL:ABB:2026-08-03:001:NEUTRAL:100600:BALANCE_PROBABLE:101800"",""BAL:ABB:2026-08-03:002:NEUTRAL:112100:BALANCE_COMPLETED:113000"",""BAL:ABB:2026-08-03:002:NEUTRAL:112100:BALANCE_FORMING_STARTED:112100""],""episode_id"":null,""escape_attempt_count"":0,""escape_direction"":""UNKNOWN"",""failed_escape_count"":0,""forming_bars_observed"":0,""forming_invalid_bars"":0,""frozen_high"":null,""frozen_low"":null,""last_escape_direction"":""UNKNOWN"",""last_escape_failed_at"":null,""last_escape_started_at"":null,""last_reason_codes"":[""NO_QUALIFIED_ACCEPTED_RANGE""],""marginal_excursion_bars"":0,""meaningful_escape_bars"":0,""outside_close_count"":0,""range_id"":null,""rearm_bars_elapsed"":0,""rearm_inside_close_count"":0,""rearm_required"":false,""reentry_close_count"":0,""sequence"":2,""source_range_ids"":[],""started_at"":null,""state"":""NONE"",""state_age_bars"":0,""state_started_at"":null,""up_escape_attempt_count"":0},""directional"":{""continuation_failure_progress_bars"":0,""continuation_failure_seen"":false,""continuation_failure_seen_at"":null,""direction"":""DOWN"",""emitted_event_ids"":[""DIR:ABB:2026-08-03:001:DOWN:101500:DIRECTIONAL_COMPLETED:105100"",""DIR:ABB:2026-08-03:001:DOWN:101500:DIRECTIONAL_STARTED:101500"",""DIR:ABB:2026-08-03:002:UP:110000:DIRECTIONAL_COMPLETED:113900"",""DIR:ABB:2026-08-03:002:UP:110000:DIRECTIONAL_MATURED:110300"",""DIR:ABB:2026-08-03:002:UP:110000:DIRECTIONAL_REVERSAL_CONFIRMED:113900"",""DIR:ABB:2026-08-03:002:UP:110000:DIRECTIONAL_STARTED:110000"",""DIR:ABB:2026-08-03:002:UP:110000:REVERSAL_WATCH_STARTED:110600"",""DIR:ABB:2026-08-03:003:DOWN:113900:DIRECTIONAL_REVERSAL_LEG_STARTED:113900""],""episode_id"":""DIR:ABB:2026-08-03:003:DOWN:113900"",""extreme_price"":7444.0,""extreme_time"":""2026-08-03T11:39:00+05:30"",""first_adverse_bar_close"":null,""first_adverse_bar_level"":null,""first_adverse_bar_time"":null,""inactive_bars"":0,""last_close"":7447.0,""last_observation_state"":""ORDERLY_UPTREND"",""last_observation_state_time"":""2026-08-03T11:39:00+05:30"",""last_reason_codes"":[""DIRECTIONAL_REVERSAL_EVENT_EMITTED"",""REVERSAL_LEG_HANDOFF_STARTED"",""HANDOFF_FROM_UP_TO_DOWN""],""opposite_control_bars"":0,""origin_event_id"":""DIR:ABB:2026-08-03:002:UP:110000:DIRECTIONAL_REVERSAL_CONFIRMED:113900"",""origin_price"":7447.0,""origin_source"":""REVERSAL_EVENT_HANDOFF"",""parent_episode_id"":""DIR:ABB:2026-08-03:002:UP:110000"",""protection_level"":null,""protection_source"":"""",""protection_time"":null,""rejection_seen"":false,""rejection_seen_at"":null,""reversal_confirmation_breach_closes"":0,""reversal_confirmation_level"":7451.0,""reversal_confirmation_level_time"":""2026-08-03T11:33:00+05:30"",""reversal_confirmation_source"":""EPISODE_PRICE_ACTION_FIRST_ADVERSE_BAR:BAR_LOW"",""reversal_leg_failure_closes"":0,""reversal_leg_progress_atr"":0.0,""reversal_leg_progress_bars"":0,""reversal_watch_age_bars"":0,""sequence"":3,""start_candidate_bars"":0,""start_candidate_side"":""UNKNOWN"",""started_at"":""2026-08-03T11:39:00+05:30"",""state"":""REVERSAL_LEG"",""state_age_bars"":1,""state_started_at"":""2026-08-03T11:39:00+05:30"",""trend_restore_bars"":0},""evidence_history"":[{""atr"":25.39208098810002,""bar"":{""body_fraction"":0.08695652173913043,""close"":7406.0,""close_position"":0.8695652173913043,""direction"":""UP"",""high"":7407.5,""low"":7396.0,""lower_wick_fraction"":0.782608695652174,""move_atr"":0.03938235706118963,""move_points"":1.0,""open"":7405.0,""snapshot_time"":""2026-08-03T11:06:00+05:30"",""upper_wick_fraction"":0.13043478260869565,""volume"":7664.0},""close"":7406.0,""trend"":{""ema_ref"":7360.887771532528,""ema_slow"":7367.601066532376,""hma_order"":""BUY"",""hma_spread_atr"":4.20393668290585}},{""atr"":24.435503774664305,""bar"":{""body_fraction"":0.625,""close"":7414.0,""close_position"":0.7916666666666666,""direction"":""UP"",""high"":7416.5,""low"":7404.5,""lower_wick_fraction"":0.16666666666666666,""move_atr"":0.30693044306196365,""move_points"":7.5,""open"":7406.5,""snapshot_time"":""2026-08-03T11:09:00+05:30"",""upper_wick_fraction"":0.20833333333333337,""volume"":5387.0},""close"":7414.0,""trend"":{""ema_ref"":7361.416251417777,""ema_slow"":7368.519857294112,""hma_order"":""BUY"",""hma_spread_atr"":4.195349727093521}},{""atr"":24.54725350504543,""bar"":{""body_fraction"":0.0,""close"":7414.0,""close_position"":0.2692307692307692,""direction"":""NEUTRAL"",""high"":7433.0,""low"":7407.0,""lower_wick_fraction"":0.2692307692307692,""move_atr"":0.0,""move_points"":0.0,""open"":7414.0,""snapshot_time"":""2026-08-03T11:12:00+05:30"",""upper_wick_fraction"":0.7307692307692307,""volume"":9312.0},""close"":7414.0,""trend"":{""ema_ref"":7361.939472796705,""ema_slow"":7369.420454179376,""hma_order"":""BUY"",""hma_spread_atr"":3.941599352947174}},{""atr"":23.972449683256468,""bar"":{""body_fraction"":0.09090909090909093,""close"":7415.5,""close_position"":0.3333333333333333,""direction"":""UP"",""high"":7426.5,""low"":7410.0,""lower_wick_fraction"":0.24242424242424243,""move_atr"":0.06257182807010639,""move_points"":1.5,""open"":7414.0,""snapshot_time"":""2026-08-03T11:15:00+05:30"",""upper_wick_fraction"":0.6666666666666666,""volume"":4860.0},""close"":7415.5,""trend"":{""ema_ref"":7362.472413365892,""ema_slow"":7370.3329204332495,""hma_order"":""BUY"",""hma_spread_atr"":3.7973382434947456}},{""atr"":22.83156042016672,""bar"":{""body_fraction"":0.875,""close"":7408.5,""close_position"":0.125,""direction"":""DOWN"",""high"":7415.5,""low"":7407.5,""lower_wick_fraction"":0.125,""move_atr"":-0.30659314874584837,""move_points"":-7.0,""open"":7415.5,""snapshot_time"":""2026-08-03T11:18:00+05:30"",""upper_wick_fraction"":0.0,""volume"":2694.0},""close"":7408.5,""trend"":{""ema_ref"":7362.93039930255,""ema_slow"":7371.0887041870465,""hma_order"":""BUY"",""hma_spread_atr"":3.6956913841400345}},{""atr"":21.80787753301196,""bar"":{""body_fraction"":0.4117647058823529,""close"":7415.0,""close_position"":1.0,""direction"":""UP"",""high"":7415.0,""low"":7406.5,""lower_wick_fraction"":0.5882352941176471,""move_atr"":0.1604924640053499,""move_points"":3.5,""open"":7411.5,""snapshot_time"":""2026-08-03T11:21:00+05:30"",""upper_wick_fraction"":0.0,""volume"":3101.0},""close"":7415.0,""trend"":{""ema_ref"":7363.448504782126,""ema_slow"":7371.958234797204,""hma_order"":""BUY"",""hma_spread_atr"":3.611514268297504}},{""atr"":20.82160056636825,""bar"":{""body_fraction"":0.125,""close"":7415.0,""close_position"":0.5,""direction"":""UP"",""high"":7419.0,""low"":7411.0,""lower_wick_fraction"":0.375,""move_atr"":0.048027047527519746,""move_points"":1.0,""open"":7414.0,""snapshot_time"":""2026-08-03T11:24:00+05:30"",""upper_wick_fraction"":0.5,""volume"":4322.0},""close"":7415.0,""trend"":{""ema_ref"":7363.9614549832995,""ema_slow"":7372.810546979437,""hma_order"":""BUY"",""hma_spread_atr"":3.5486433329114297}},{""atr"":22.334343383056233,""bar"":{""body_fraction"":0.8313253012048193,""close"":7450.0,""close_position"":0.8313253012048193,""direction"":""UP"",""high"":7457.0,""low"":7415.5,""lower_wick_fraction"":0.0,""move_atr"":1.5447062583524682,""move_points"":34.5,""open"":7415.5,""snapshot_time"":""2026-08-03T11:27:00+05:30"",""upper_wick_fraction"":0.1686746987951807,""volume"":15720.0},""close"":7450.0,""trend"":{""ema_ref"":7364.817559908839,""ema_slow"":7374.339050999646,""hma_order"":""BUY"",""hma_spread_atr"":3.397442622722908}},{""atr"":22.274747427123643,""bar"":{""body_fraction"":0.7441860465116279,""close"":7465.0,""close_position"":0.813953488372093,""direction"":""UP"",""high"":7469.0,""low"":7447.5,""lower_wick_fraction"":0.06976744186046512,""move_atr"":0.7183021963480056,""move_points"":16.0,""open"":7449.0,""snapshot_time"":""2026-08-03T11:30:00+05:30"",""upper_wick_fraction"":0.18604651162790695,""volume"":10628.0},""close"":7465.0,""trend"":{""ema_ref"":7365.814400108751,""ema_slow"":7376.134317316485,""hma_order"":""BUY"",""hma_spread_atr"":3.7525603249981816}},{""atr"":22.25512261090053,""bar"":{""body_fraction"":0.6136363636363636,""close"":7451.5,""close_position"":0.022727272727272728,""direction"":""DOWN"",""high"":7473.0,""low"":7451.0,""lower_wick_fraction"":0.022727272727272728,""move_atr"":-0.6066019152546802,""move_points"":-13.5,""open"":7465.0,""snapshot_time"":""2026-08-03T11:33:00+05:30"",""upper_wick_fraction"":0.3636363636363637,""volume"":9962.0},""close"":7451.5,""trend"":{""ema_ref"":7366.666993142496,""ema_slow"":7377.626707072594,""hma_order"":""BUY"",""hma_spread_atr"":4.0658622436245535}},{""atr"":21.66547099583621,""bar"":{""body_fraction"":0.10714285714285714,""close"":7453.0,""close_position"":0.5714285714285714,""direction"":""UP"",""high"":7459.0,""low"":7445.0,""lower_wick_fraction"":0.4642857142857143,""move_atr"":0.0692345899282909,""move_points"":1.5,""open"":7451.5,""snapshot_time"":""2026-08-03T11:36:00+05:30"",""upper_wick_fraction"":0.42857142857142855,""volume"":3596.0},""close"":7453.0,""trend"":{""ema_ref"":7367.526028036601,""ema_slow"":7379.119247526603,""hma_order"":""BUY"",""hma_spread_atr"":4.388034859484658}},{""atr"":20.903651638990763,""bar"":{""body_fraction"":0.3636363636363637,""close"":7447.0,""close_position"":0.2727272727272727,""direction"":""DOWN"",""high"":7455.0,""low"":7444.0,""lower_wick_fraction"":0.2727272727272727,""move_atr"":-0.19135412649811656,""move_points"":-4.0,""open"":7451.0,""snapshot_time"":""2026-08-03T11:39:00+05:30"",""upper_wick_fraction"":0.3636363636363637,""volume"":2934.0},""close"":7447.0,""trend"":{""ema_ref"":7368.316813827281,""ema_slow"":7380.463420842908,""hma_order"":""BUY"",""hma_spread_atr"":4.7234168905678295}}],""last_observation_hash"":""ca8b63e6d481d898887ab945b76bdcbfe951d152cd2a4e6e27bee7bb0f438228"",""last_snapshot_time"":""2026-08-03T11:39:00+05:30"",""observation"":{""compression_box_high"":null,""compression_box_low"":null,""compression_candidate_bars"":0,""current_state"":""ORDERLY_UPTREND"",""established_side"":""UP"",""exhaustion_active"":true,""exhaustion_age_bars"":2,""exhaustion_clear_bars"":0,""exhaustion_last_seen_at"":""2026-08-03T11:39:00+05:30"",""exhaustion_side"":""UP"",""exhaustion_started_at"":""2026-08-03T11:36:00+05:30"",""failure_breach_bars"":0,""last_close"":7447.0,""last_reason_codes"":[""ESTABLISHED_DIRECTIONAL_CONTEXT_RETAINED"",""OBSERVATION_PROPOSAL_MATCHED_CURRENT"",""OBSERVATION_STATE_ORDERLY_UPTREND""],""last_snapshot_time"":""2026-08-03T11:39:00+05:30"",""leg_age_bars"":5,""leg_anchor_price"":7407.0,""leg_anchor_time"":""2026-08-03T11:27:00+05:30"",""leg_extreme_price"":7473.0,""leg_maturity_consumed"":false,""leg_maturity_extreme_price"":null,""leg_maturity_onset_time"":null,""leg_no_progress_bars"":2,""observation_count"":49,""pending_bars"":0,""pending_state"":null,""protection_level"":7407.0,""protection_source"":""CONFIRMED_RECOMPRESSION_BOX"",""protection_time"":""2026-08-03T11:27:00+05:30"",""pullback_age_bars"":0,""pullback_candidate_bars"":1,""pullback_extreme_price"":null,""reacceleration_age_bars"":2,""recompression_age_bars"":0,""reversal_confirmation_bars"":0,""reversal_side"":""UP"",""state_age_bars"":3,""trading_day"":""2026-08-03"",""trend_anchor_price"":7355.0,""trend_candidate_bars"":9,""trend_candidate_side"":""UP"",""trend_extreme_price"":7473.0,""trend_failure_age_bars"":0,""trend_onset_time"":""2026-08-03T10:48:00+05:30""},""symbol"":""ABB"",""trading_day"":""2026-08-03""}"
restoration-v3-current-day,development,restoration-trend-control-v3,backtest-default,OK,,,,ABB,2026-08-03,2026-08-03T11:42:00+05:30,2026-08-03T11:39:00+05:30,SNAPSHOT_AUCTION_AUTHORITY_V3A,3m,True,True,7449.5,2026-08-03T11:42:00,7444.0,7452.0,7442.0,7449.5,3347.0,20.124819379062853,TRENDING_UP,BUY,candidate_has_directional_efficiency_or_displacement,RANGE_ACCEPTED,DYNAMIC:2026-08-03T10:54:00+05:30:2026-08-03T11:18:00+05:30,7392.5,7433.0,8,ok,DOWN_SLOWING,-0.08695730217686515,-0.19254831196305852,OK,INCREMENTAL_PREVIOUS_SNAPSHOT,AUTOTRADES_AUCTION_ENGINE,1.1.0,,,ORDERLY_UPTREND,UP,UP,False,True,True,UP,False,False,False,7407.0,CONFIRMED_RECOMPRESSION_BOX,2026-08-03T11:27:00+05:30,DYNAMIC:2026-08-03T10:54:00+05:30:2026-08-03T11:18:00+05:30,7392.5,7433.0,False,1.4074074074074074,0.4693877551020408,PRICE_ACTION,0.7119178495922682,ESTABLISHED_DIRECTIONAL_CONTEXT_RETAINED|OBSERVATION_PROPOSAL_MATCHED_CURRENT|OBSERVATION_STATE_ORDERLY_UPTREND|OBJECTIVE_ACCEPTED_RANGE_GEOMETRY_PRESENT|OBJECTIVE_TREND_PROTECTION_GEOMETRY_PRESENT,DIR:ABB:2026-08-03:003:DOWN:113900,REVERSAL_LEG,REVERSAL_LEG,DOWN,REVERSAL_EVENT_HANDOFF,DIR:ABB:2026-08-03:002:UP:110000,DIR:ABB:2026-08-03:002:UP:110000:DIRECTIONAL_REVERSAL_CONFIRMED:113900,2026-08-03T11:39:00+05:30,2026-08-03T11:39:00+05:30,2,7447.0,7442.0,2026-08-03T11:42:00+05:30,,,7451.0,EPISODE_PRICE_ACTION_FIRST_ADVERSE_BAR:BAR_LOW,2026-08-03T11:33:00+05:30,0,0.0,1,False,REVERSAL_LEG_FAILURE_PROGRESS,3,UNKNOWN,0,0,0,0,0,ORDERLY_UPTREND,2026-08-03T11:42:00+05:30,REVERSAL_LEG_FAILURE_PROGRESS,,NONE,NONE,0,,,,,,UNKNOWN,0,0,0,0,False,False,NO_QUALIFIED_ACCEPTED_RANGE,0,,,,,,0,,,,,CONFLICT,CONFLICT,MATCH,MATCH,False,0,False,False,False,True,EPISODE_TREND_CONFLICT|EPISODE_RAW_STRUCTURE_CONFLICT,TRANSITIONAL_CONFLICT,[],[],"{""accepted_range_breakout_eligible"":true,""accepted_range_established_at"":""2026-08-03T11:18:00+05:30"",""accepted_range_high"":7433.0,""accepted_range_id"":""DYNAMIC:2026-08-03T10:54:00+05:30:2026-08-03T11:18:00+05:30"",""accepted_range_inside"":false,""accepted_range_low"":7392.5,""accepted_range_outside_atr"":0.8198831348104427,""accepted_range_position"":1.4074074074074074,""accepted_range_provisional"":false,""atr"":20.124819379062853,""close"":7449.5,""current_leg_mature"":false,""directional_bias"":""UP"",""directional_efficiency"":0.4693877551020408,""directional_efficiency_source"":""PRICE_ACTION"",""exhausted_side"":""UP"",""exhaustion_active"":true,""extension_mature"":true,""failed_extreme_observed"":false,""high"":7452.0,""low"":7442.0,""observation_state"":""ORDERLY_UPTREND"",""overlap_ratio"":0.7119178495922682,""range_width_atr"":2.0124404218074505,""rejection_observed"":false,""snapshot_time"":""2026-08-03T11:42:00+05:30"",""source_reason_codes"":[""ESTABLISHED_DIRECTIONAL_CONTEXT_RETAINED"",""OBSERVATION_PROPOSAL_MATCHED_CURRENT"",""OBSERVATION_STATE_ORDERLY_UPTREND"",""OBJECTIVE_ACCEPTED_RANGE_GEOMETRY_PRESENT"",""OBJECTIVE_TREND_PROTECTION_GEOMETRY_PRESENT""],""structural_failure_confirmed"":false,""symbol"":""ABB"",""trading_day"":""2026-08-03"",""trend_direction"":""UP"",""trend_protection_level"":7407.0,""trend_protection_source"":""CONFIRMED_RECOMPRESSION_BOX"",""trend_protection_time"":""2026-08-03T11:27:00+05:30""}","{""continuation_failure_seen"":false,""continuation_failure_time"":null,""current_state"":""REVERSAL_LEG"",""direction"":""DOWN"",""episode_id"":""DIR:ABB:2026-08-03:003:DOWN:113900"",""extreme_price"":7442.0,""extreme_time"":""2026-08-03T11:42:00+05:30"",""first_adverse_bar_close"":null,""first_adverse_bar_level"":null,""first_adverse_bar_time"":null,""origin_event_id"":""DIR:ABB:2026-08-03:002:UP:110000:DIRECTIONAL_REVERSAL_CONFIRMED:113900"",""origin_price"":7447.0,""origin_source"":""REVERSAL_EVENT_HANDOFF"",""parent_episode_id"":""DIR:ABB:2026-08-03:002:UP:110000"",""previous_state"":""REVERSAL_LEG"",""protection_level"":null,""protection_source"":"""",""reason_codes"":[""REVERSAL_LEG_FAILURE_PROGRESS""],""rejection_seen"":false,""reversal_confirmation_breach_closes"":0,""reversal_confirmation_level"":7451.0,""reversal_confirmation_level_time"":""2026-08-03T11:33:00+05:30"",""reversal_confirmation_source"":""EPISODE_PRICE_ACTION_FIRST_ADVERSE_BAR:BAR_LOW"",""reversal_leg_failure_closes"":1,""reversal_leg_progress_atr"":0.0,""reversal_leg_progress_bars"":0,""started_at"":""2026-08-03T11:39:00+05:30"",""state_age_bars"":2,""state_started_at"":""2026-08-03T11:39:00+05:30""}","{""attempt_limit_reached"":false,""candidate_bar_expansion_count"":0,""candidate_high"":null,""candidate_last_valid_at"":null,""candidate_low"":null,""candidate_merge_count"":0,""containment_bars"":0,""containment_ratio"":0.0,""current_state"":""NONE"",""down_escape_attempt_count"":0,""episode_id"":null,""escape_attempt_count"":0,""escape_direction"":""UNKNOWN"",""failed_escape_count"":0,""forming_bars_observed"":0,""forming_invalid_bars"":0,""frozen_high"":null,""frozen_low"":null,""last_escape_direction"":""UNKNOWN"",""last_escape_failed_at"":null,""last_escape_started_at"":null,""marginal_excursion_bars"":0,""meaningful_escape_bars"":0,""outside_close_count"":0,""previous_state"":""NONE"",""range_id"":null,""rearm_bars_elapsed"":0,""rearm_inside_close_count"":0,""rearm_required"":false,""reason_codes"":[""NO_QUALIFIED_ACCEPTED_RANGE""],""reentry_close_count"":0,""source_range_ids"":[],""started_at"":null,""state_age_bars"":0,""state_started_at"":null,""up_escape_attempt_count"":0}","{""balance_attempt_limit_reached"":false,""balance_candidate_bar_expansion_count"":0,""balance_candidate_merge_count"":0,""balance_containment_ratio"":0.0,""balance_down_escape_attempt_count"":0,""balance_escape_attempt_count"":0,""balance_failed_escape_count"":0,""balance_forming_bars_observed"":0,""balance_forming_invalid_bars"":0,""balance_last_escape_direction"":""UNKNOWN"",""balance_last_escape_failed_at"":null,""balance_last_escape_started_at"":null,""balance_marginal_excursion_bars"":0,""balance_meaningful_escape_bars"":0,""balance_rearm_bars_elapsed"":0,""balance_rearm_inside_close_count"":0,""balance_rearm_required"":false,""balance_up_escape_attempt_count"":0,""directional_origin_event_id"":""DIR:ABB:2026-08-03:002:UP:110000:DIRECTIONAL_REVERSAL_CONFIRMED:113900"",""directional_origin_source"":""REVERSAL_EVENT_HANDOFF"",""directional_parent_episode_id"":""DIR:ABB:2026-08-03:002:UP:110000"",""directional_reversal_watch_age_bars"":0,""directional_start_candidate_bars"":0,""directional_start_candidate_side"":""UNKNOWN"",""observation_accepted_range_id"":""DYNAMIC:2026-08-03T10:54:00+05:30:2026-08-03T11:18:00+05:30"",""observation_current_leg_mature"":false,""observation_directional_bias"":""UP"",""observation_exhaustion_active"":true,""observation_state"":""ORDERLY_UPTREND""}","{""balance"":{""attempt_limit_reached"":false,""candidate_bar_expansion_count"":0,""candidate_high"":null,""candidate_last_valid_at"":null,""candidate_low"":null,""candidate_merge_count"":0,""containment_bars"":0,""down_escape_attempt_count"":0,""emitted_event_ids"":[""BAL:ABB:2026-08-03:001:NEUTRAL:100600:BALANCE_COMPLETED:105400"",""BAL:ABB:2026-08-03:001:NEUTRAL:100600:BALANCE_ESCAPE_ACCEPTED:105100"",""BAL:ABB:2026-08-03:001:NEUTRAL:100600:BALANCE_ESCAPE_STARTED:104800"",""BAL:ABB:2026-08-03:001:NEUTRAL:100600:BALANCE_FORMING_STARTED:100600"",""BAL:ABB:2026-08-03:001:NEUTRAL:100600:BALANCE_LOCKED:102700"",""BAL:ABB:2026-08-03:001:NEUTRAL:100600:BALANCE_PROBABLE:101800"",""BAL:ABB:2026-08-03:002:NEUTRAL:112100:BALANCE_COMPLETED:113000"",""BAL:ABB:2026-08-03:002:NEUTRAL:112100:BALANCE_FORMING_STARTED:112100""],""episode_id"":null,""escape_attempt_count"":0,""escape_direction"":""UNKNOWN"",""failed_escape_count"":0,""forming_bars_observed"":0,""forming_invalid_bars"":0,""frozen_high"":null,""frozen_low"":null,""last_escape_direction"":""UNKNOWN"",""last_escape_failed_at"":null,""last_escape_started_at"":null,""last_reason_codes"":[""NO_QUALIFIED_ACCEPTED_RANGE""],""marginal_excursion_bars"":0,""meaningful_escape_bars"":0,""outside_close_count"":0,""range_id"":null,""rearm_bars_elapsed"":0,""rearm_inside_close_count"":0,""rearm_required"":false,""reentry_close_count"":0,""sequence"":2,""source_range_ids"":[],""started_at"":null,""state"":""NONE"",""state_age_bars"":0,""state_started_at"":null,""up_escape_attempt_count"":0},""directional"":{""continuation_failure_progress_bars"":0,""continuation_failure_seen"":false,""continuation_failure_seen_at"":null,""direction"":""DOWN"",""emitted_event_ids"":[""DIR:ABB:2026-08-03:001:DOWN:101500:DIRECTIONAL_COMPLETED:105100"",""DIR:ABB:2026-08-03:001:DOWN:101500:DIRECTIONAL_STARTED:101500"",""DIR:ABB:2026-08-03:002:UP:110000:DIRECTIONAL_COMPLETED:113900"",""DIR:ABB:2026-08-03:002:UP:110000:DIRECTIONAL_MATURED:110300"",""DIR:ABB:2026-08-03:002:UP:110000:DIRECTIONAL_REVERSAL_CONFIRMED:113900"",""DIR:ABB:2026-08-03:002:UP:110000:DIRECTIONAL_STARTED:110000"",""DIR:ABB:2026-08-03:002:UP:110000:REVERSAL_WATCH_STARTED:110600"",""DIR:ABB:2026-08-03:003:DOWN:113900:DIRECTIONAL_REVERSAL_LEG_STARTED:113900""],""episode_id"":""DIR:ABB:2026-08-03:003:DOWN:113900"",""extreme_price"":7442.0,""extreme_time"":""2026-08-03T11:42:00+05:30"",""first_adverse_bar_close"":null,""first_adverse_bar_level"":null,""first_adverse_bar_time"":null,""inactive_bars"":0,""last_close"":7449.5,""last_observation_state"":""ORDERLY_UPTREND"",""last_observation_state_time"":""2026-08-03T11:42:00+05:30"",""last_reason_codes"":[""REVERSAL_LEG_FAILURE_PROGRESS""],""opposite_control_bars"":0,""origin_event_id"":""DIR:ABB:2026-08-03:002:UP:110000:DIRECTIONAL_REVERSAL_CONFIRMED:113900"",""origin_price"":7447.0,""origin_source"":""REVERSAL_EVENT_HANDOFF"",""parent_episode_id"":""DIR:ABB:2026-08-03:002:UP:110000"",""protection_level"":null,""protection_source"":"""",""protection_time"":null,""rejection_seen"":false,""rejection_seen_at"":null,""reversal_confirmation_breach_closes"":0,""reversal_confirmation_level"":7451.0,""reversal_confirmation_level_time"":""2026-08-03T11:33:00+05:30"",""reversal_confirmation_source"":""EPISODE_PRICE_ACTION_FIRST_ADVERSE_BAR:BAR_LOW"",""reversal_leg_failure_closes"":1,""reversal_leg_progress_atr"":0.0,""reversal_leg_progress_bars"":0,""reversal_watch_age_bars"":0,""sequence"":3,""start_candidate_bars"":0,""start_candidate_side"":""UNKNOWN"",""started_at"":""2026-08-03T11:39:00+05:30"",""state"":""REVERSAL_LEG"",""state_age_bars"":2,""state_started_at"":""2026-08-03T11:39:00+05:30"",""trend_restore_bars"":0},""evidence_history"":[{""atr"":24.435503774664305,""bar"":{""body_fraction"":0.625,""close"":7414.0,""close_position"":0.7916666666666666,""direction"":""UP"",""high"":7416.5,""low"":7404.5,""lower_wick_fraction"":0.16666666666666666,""move_atr"":0.30693044306196365,""move_points"":7.5,""open"":7406.5,""snapshot_time"":""2026-08-03T11:09:00+05:30"",""upper_wick_fraction"":0.20833333333333337,""volume"":5387.0},""close"":7414.0,""trend"":{""ema_ref"":7361.416251417777,""ema_slow"":7368.519857294112,""hma_order"":""BUY"",""hma_spread_atr"":4.195349727093521}},{""atr"":24.54725350504543,""bar"":{""body_fraction"":0.0,""close"":7414.0,""close_position"":0.2692307692307692,""direction"":""NEUTRAL"",""high"":7433.0,""low"":7407.0,""lower_wick_fraction"":0.2692307692307692,""move_atr"":0.0,""move_points"":0.0,""open"":7414.0,""snapshot_time"":""2026-08-03T11:12:00+05:30"",""upper_wick_fraction"":0.7307692307692307,""volume"":9312.0},""close"":7414.0,""trend"":{""ema_ref"":7361.939472796705,""ema_slow"":7369.420454179376,""hma_order"":""BUY"",""hma_spread_atr"":3.941599352947174}},{""atr"":23.972449683256468,""bar"":{""body_fraction"":0.09090909090909093,""close"":7415.5,""close_position"":0.3333333333333333,""direction"":""UP"",""high"":7426.5,""low"":7410.0,""lower_wick_fraction"":0.24242424242424243,""move_atr"":0.06257182807010639,""move_points"":1.5,""open"":7414.0,""snapshot_time"":""2026-08-03T11:15:00+05:30"",""upper_wick_fraction"":0.6666666666666666,""volume"":4860.0},""close"":7415.5,""trend"":{""ema_ref"":7362.472413365892,""ema_slow"":7370.3329204332495,""hma_order"":""BUY"",""hma_spread_atr"":3.7973382434947456}},{""atr"":22.83156042016672,""bar"":{""body_fraction"":0.875,""close"":7408.5,""close_position"":0.125,""direction"":""DOWN"",""high"":7415.5,""low"":7407.5,""lower_wick_fraction"":0.125,""move_atr"":-0.30659314874584837,""move_points"":-7.0,""open"":7415.5,""snapshot_time"":""2026-08-03T11:18:00+05:30"",""upper_wick_fraction"":0.0,""volume"":2694.0},""close"":7408.5,""trend"":{""ema_ref"":7362.93039930255,""ema_slow"":7371.0887041870465,""hma_order"":""BUY"",""hma_spread_atr"":3.6956913841400345}},{""atr"":21.80787753301196,""bar"":{""body_fraction"":0.4117647058823529,""close"":7415.0,""close_position"":1.0,""direction"":""UP"",""high"":7415.0,""low"":7406.5,""lower_wick_fraction"":0.5882352941176471,""move_atr"":0.1604924640053499,""move_points"":3.5,""open"":7411.5,""snapshot_time"":""2026-08-03T11:21:00+05:30"",""upper_wick_fraction"":0.0,""volume"":3101.0},""close"":7415.0,""trend"":{""ema_ref"":7363.448504782126,""ema_slow"":7371.958234797204,""hma_order"":""BUY"",""hma_spread_atr"":3.611514268297504}},{""atr"":20.82160056636825,""bar"":{""body_fraction"":0.125,""close"":7415.0,""close_position"":0.5,""direction"":""UP"",""high"":7419.0,""low"":7411.0,""lower_wick_fraction"":0.375,""move_atr"":0.048027047527519746,""move_points"":1.0,""open"":7414.0,""snapshot_time"":""2026-08-03T11:24:00+05:30"",""upper_wick_fraction"":0.5,""volume"":4322.0},""close"":7415.0,""trend"":{""ema_ref"":7363.9614549832995,""ema_slow"":7372.810546979437,""hma_order"":""BUY"",""hma_spread_atr"":3.5486433329114297}},{""atr"":22.334343383056233,""bar"":{""body_fraction"":0.8313253012048193,""close"":7450.0,""close_position"":0.8313253012048193,""direction"":""UP"",""high"":7457.0,""low"":7415.5,""lower_wick_fraction"":0.0,""move_atr"":1.5447062583524682,""move_points"":34.5,""open"":7415.5,""snapshot_time"":""2026-08-03T11:27:00+05:30"",""upper_wick_fraction"":0.1686746987951807,""volume"":15720.0},""close"":7450.0,""trend"":{""ema_ref"":7364.817559908839,""ema_slow"":7374.339050999646,""hma_order"":""BUY"",""hma_spread_atr"":3.397442622722908}},{""atr"":22.274747427123643,""bar"":{""body_fraction"":0.7441860465116279,""close"":7465.0,""close_position"":0.813953488372093,""direction"":""UP"",""high"":7469.0,""low"":7447.5,""lower_wick_fraction"":0.06976744186046512,""move_atr"":0.7183021963480056,""move_points"":16.0,""open"":7449.0,""snapshot_time"":""2026-08-03T11:30:00+05:30"",""upper_wick_fraction"":0.18604651162790695,""volume"":10628.0},""close"":7465.0,""trend"":{""ema_ref"":7365.814400108751,""ema_slow"":7376.134317316485,""hma_order"":""BUY"",""hma_spread_atr"":3.7525603249981816}},{""atr"":22.25512261090053,""bar"":{""body_fraction"":0.6136363636363636,""close"":7451.5,""close_position"":0.022727272727272728,""direction"":""DOWN"",""high"":7473.0,""low"":7451.0,""lower_wick_fraction"":0.022727272727272728,""move_atr"":-0.6066019152546802,""move_points"":-13.5,""open"":7465.0,""snapshot_time"":""2026-08-03T11:33:00+05:30"",""upper_wick_fraction"":0.3636363636363637,""volume"":9962.0},""close"":7451.5,""trend"":{""ema_ref"":7366.666993142496,""ema_slow"":7377.626707072594,""hma_order"":""BUY"",""hma_spread_atr"":4.0658622436245535}},{""atr"":21.66547099583621,""bar"":{""body_fraction"":0.10714285714285714,""close"":7453.0,""close_position"":0.5714285714285714,""direction"":""UP"",""high"":7459.0,""low"":7445.0,""lower_wick_fraction"":0.4642857142857143,""move_atr"":0.0692345899282909,""move_points"":1.5,""open"":7451.5,""snapshot_time"":""2026-08-03T11:36:00+05:30"",""upper_wick_fraction"":0.42857142857142855,""volume"":3596.0},""close"":7453.0,""trend"":{""ema_ref"":7367.526028036601,""ema_slow"":7379.119247526603,""hma_order"":""BUY"",""hma_spread_atr"":4.388034859484658}},{""atr"":20.903651638990763,""bar"":{""body_fraction"":0.3636363636363637,""close"":7447.0,""close_position"":0.2727272727272727,""direction"":""DOWN"",""high"":7455.0,""low"":7444.0,""lower_wick_fraction"":0.2727272727272727,""move_atr"":-0.19135412649811656,""move_points"":-4.0,""open"":7451.0,""snapshot_time"":""2026-08-03T11:39:00+05:30"",""upper_wick_fraction"":0.3636363636363637,""volume"":2934.0},""close"":7447.0,""trend"":{""ema_ref"":7368.316813827281,""ema_slow"":7380.463420842908,""hma_order"":""BUY"",""hma_spread_atr"":4.7234168905678295}},{""atr"":20.124819379062853,""bar"":{""body_fraction"":0.55,""close"":7449.5,""close_position"":0.75,""direction"":""UP"",""high"":7452.0,""low"":7442.0,""lower_wick_fraction"":0.2,""move_atr"":0.2732943782701476,""move_points"":5.5,""open"":7444.0,""snapshot_time"":""2026-08-03T11:42:00+05:30"",""upper_wick_fraction"":0.25,""volume"":3347.0},""close"":7449.5,""trend"":{""ema_ref"":7369.124606724523,""ema_slow"":7381.830481816316,""hma_order"":""BUY"",""hma_spread_atr"":4.957592117345721}}],""last_observation_hash"":""d8a0e5308ccfea80706c8e29419f8c4a1254e7931f26b4cd0b3b8283db3a0eb9"",""last_snapshot_time"":""2026-08-03T11:42:00+05:30"",""observation"":{""compression_box_high"":null,""compression_box_low"":null,""compression_candidate_bars"":0,""current_state"":""ORDERLY_UPTREND"",""established_side"":""UP"",""exhaustion_active"":true,""exhaustion_age_bars"":3,""exhaustion_clear_bars"":0,""exhaustion_last_seen_at"":""2026-08-03T11:42:00+05:30"",""exhaustion_side"":""UP"",""exhaustion_started_at"":""2026-08-03T11:36:00+05:30"",""failure_breach_bars"":0,""last_close"":7449.5,""last_reason_codes"":[""ESTABLISHED_DIRECTIONAL_CONTEXT_RETAINED"",""OBSERVATION_PROPOSAL_MATCHED_CURRENT"",""OBSERVATION_STATE_ORDERLY_UPTREND""],""last_snapshot_time"":""2026-08-03T11:42:00+05:30"",""leg_age_bars"":6,""leg_anchor_price"":7407.0,""leg_anchor_time"":""2026-08-03T11:27:00+05:30"",""leg_extreme_price"":7473.0,""leg_maturity_consumed"":false,""leg_maturity_extreme_price"":null,""leg_maturity_onset_time"":null,""leg_no_progress_bars"":3,""observation_count"":50,""pending_bars"":0,""pending_state"":null,""protection_level"":7407.0,""protection_source"":""CONFIRMED_RECOMPRESSION_BOX"",""protection_time"":""2026-08-03T11:27:00+05:30"",""pullback_age_bars"":0,""pullback_candidate_bars"":0,""pullback_extreme_price"":null,""reacceleration_age_bars"":2,""recompression_age_bars"":0,""reversal_confirmation_bars"":0,""reversal_side"":""UP"",""state_age_bars"":4,""trading_day"":""2026-08-03"",""trend_anchor_price"":7355.0,""trend_candidate_bars"":10,""trend_candidate_side"":""UP"",""trend_extreme_price"":7473.0,""trend_failure_age_bars"":0,""trend_onset_time"":""2026-08-03T10:48:00+05:30""},""symbol"":""ABB"",""trading_day"":""2026-08-03""}"
restoration-v3-current-day,development,restoration-trend-control-v3,backtest-default,OK,,,,ABB,2026-08-03,2026-08-03T11:45:00+05:30,2026-08-03T11:42:00+05:30,SNAPSHOT_AUCTION_AUTHORITY_V3A,3m,True,True,7440.0,2026-08-03T11:45:00,7449.5,7450.5,7435.0,7440.0,4576.0,19.794475137701223,EXPANDING_RANGE,SELL,candidate_boundaries_or_midpoint_still_drifting,RANGE_ACCEPTED,DYNAMIC:2026-08-03T10:54:00+05:30:2026-08-03T11:18:00+05:30,7392.5,7433.0,9,ok,DOWN_ACCELERATING,-0.17681701462918722,-0.14524254773111808,OK,INCREMENTAL_PREVIOUS_SNAPSHOT,AUTOTRADES_AUCTION_ENGINE,1.1.0,,,ORDERLY_UPTREND,UP,UP,False,False,True,UP,False,False,False,7407.0,CONFIRMED_RECOMPRESSION_BOX,2026-08-03T11:27:00+05:30,DYNAMIC:2026-08-03T10:54:00+05:30:2026-08-03T11:18:00+05:30,7392.5,7433.0,False,1.1728395061728396,0.30120481927710846,PRICE_ACTION,0.7935457565690125,ESTABLISHED_DIRECTIONAL_CONTEXT_RETAINED|OBSERVATION_PROPOSAL_MATCHED_CURRENT|OBSERVATION_STATE_ORDERLY_UPTREND|OBJECTIVE_ACCEPTED_RANGE_GEOMETRY_PRESENT|OBJECTIVE_TREND_PROTECTION_GEOMETRY_PRESENT,DIR:ABB:2026-08-03:003:DOWN:113900,REVERSAL_LEG,REVERSAL_LEG,DOWN,REVERSAL_EVENT_HANDOFF,DIR:ABB:2026-08-03:002:UP:110000,DIR:ABB:2026-08-03:002:UP:110000:DIRECTIONAL_REVERSAL_CONFIRMED:113900,2026-08-03T11:39:00+05:30,2026-08-03T11:39:00+05:30,3,7447.0,7435.0,2026-08-03T11:45:00+05:30,,,7451.0,EPISODE_PRICE_ACTION_FIRST_ADVERSE_BAR:BAR_LOW,2026-08-03T11:33:00+05:30,0,0.35363402925837445,0,False,REVERSAL_LEG_DIRECTIONAL_PROGRESS,3,UNKNOWN,0,0,0,0,0,ORDERLY_UPTREND,2026-08-03T11:45:00+05:30,REVERSAL_LEG_DIRECTIONAL_PROGRESS,,NONE,NONE,0,,,,,,UNKNOWN,0,0,0,0,False,False,NO_QUALIFIED_ACCEPTED_RANGE,0,,,,,,0,,,,,CONFLICT,MATCH,MATCH,CONFLICT,False,0,False,False,False,True,EPISODE_TREND_CONFLICT,TRANSITIONAL_CONFLICT,[],[],"{""accepted_range_breakout_eligible"":true,""accepted_range_established_at"":""2026-08-03T11:18:00+05:30"",""accepted_range_high"":7433.0,""accepted_range_id"":""DYNAMIC:2026-08-03T10:54:00+05:30:2026-08-03T11:18:00+05:30"",""accepted_range_inside"":false,""accepted_range_low"":7392.5,""accepted_range_outside_atr"":0.35363402925837445,""accepted_range_position"":1.1728395061728396,""accepted_range_provisional"":false,""atr"":19.794475137701223,""close"":7440.0,""current_leg_mature"":false,""directional_bias"":""UP"",""directional_efficiency"":0.30120481927710846,""directional_efficiency_source"":""PRICE_ACTION"",""exhausted_side"":""UP"",""exhaustion_active"":true,""extension_mature"":false,""failed_extreme_observed"":false,""high"":7450.5,""low"":7435.0,""observation_state"":""ORDERLY_UPTREND"",""overlap_ratio"":0.7935457565690125,""range_width_atr"":2.0460254549948806,""rejection_observed"":false,""snapshot_time"":""2026-08-03T11:45:00+05:30"",""source_reason_codes"":[""ESTABLISHED_DIRECTIONAL_CONTEXT_RETAINED"",""OBSERVATION_PROPOSAL_MATCHED_CURRENT"",""OBSERVATION_STATE_ORDERLY_UPTREND"",""OBJECTIVE_ACCEPTED_RANGE_GEOMETRY_PRESENT"",""OBJECTIVE_TREND_PROTECTION_GEOMETRY_PRESENT""],""structural_failure_confirmed"":false,""symbol"":""ABB"",""trading_day"":""2026-08-03"",""trend_direction"":""UP"",""trend_protection_level"":7407.0,""trend_protection_source"":""CONFIRMED_RECOMPRESSION_BOX"",""trend_protection_time"":""2026-08-03T11:27:00+05:30""}","{""continuation_failure_seen"":false,""continuation_failure_time"":null,""current_state"":""REVERSAL_LEG"",""direction"":""DOWN"",""episode_id"":""DIR:ABB:2026-08-03:003:DOWN:113900"",""extreme_price"":7435.0,""extreme_time"":""2026-08-03T11:45:00+05:30"",""first_adverse_bar_close"":null,""first_adverse_bar_level"":null,""first_adverse_bar_time"":null,""origin_event_id"":""DIR:ABB:2026-08-03:002:UP:110000:DIRECTIONAL_REVERSAL_CONFIRMED:113900"",""origin_price"":7447.0,""origin_source"":""REVERSAL_EVENT_HANDOFF"",""parent_episode_id"":""DIR:ABB:2026-08-03:002:UP:110000"",""previous_state"":""REVERSAL_LEG"",""protection_level"":null,""protection_source"":"""",""reason_codes"":[""REVERSAL_LEG_DIRECTIONAL_PROGRESS""],""rejection_seen"":false,""reversal_confirmation_breach_closes"":0,""reversal_confirmation_level"":7451.0,""reversal_confirmation_level_time"":""2026-08-03T11:33:00+05:30"",""reversal_confirmation_source"":""EPISODE_PRICE_ACTION_FIRST_ADVERSE_BAR:BAR_LOW"",""reversal_leg_failure_closes"":0,""reversal_leg_progress_atr"":0.35363402925837445,""reversal_leg_progress_bars"":0,""started_at"":""2026-08-03T11:39:00+05:30"",""state_age_bars"":3,""state_started_at"":""2026-08-03T11:39:00+05:30""}","{""attempt_limit_reached"":false,""candidate_bar_expansion_count"":0,""candidate_high"":null,""candidate_last_valid_at"":null,""candidate_low"":null,""candidate_merge_count"":0,""containment_bars"":0,""containment_ratio"":0.0,""current_state"":""NONE"",""down_escape_attempt_count"":0,""episode_id"":null,""escape_attempt_count"":0,""escape_direction"":""UNKNOWN"",""failed_escape_count"":0,""forming_bars_observed"":0,""forming_invalid_bars"":0,""frozen_high"":null,""frozen_low"":null,""last_escape_direction"":""UNKNOWN"",""last_escape_failed_at"":null,""last_escape_started_at"":null,""marginal_excursion_bars"":0,""meaningful_escape_bars"":0,""outside_close_count"":0,""previous_state"":""NONE"",""range_id"":null,""rearm_bars_elapsed"":0,""rearm_inside_close_count"":0,""rearm_required"":false,""reason_codes"":[""NO_QUALIFIED_ACCEPTED_RANGE""],""reentry_close_count"":0,""source_range_ids"":[],""started_at"":null,""state_age_bars"":0,""state_started_at"":null,""up_escape_attempt_count"":0}","{""balance_attempt_limit_reached"":false,""balance_candidate_bar_expansion_count"":0,""balance_candidate_merge_count"":0,""balance_containment_ratio"":0.0,""balance_down_escape_attempt_count"":0,""balance_escape_attempt_count"":0,""balance_failed_escape_count"":0,""balance_forming_bars_observed"":0,""balance_forming_invalid_bars"":0,""balance_last_escape_direction"":""UNKNOWN"",""balance_last_escape_failed_at"":null,""balance_last_escape_started_at"":null,""balance_marginal_excursion_bars"":0,""balance_meaningful_escape_bars"":0,""balance_rearm_bars_elapsed"":0,""balance_rearm_inside_close_count"":0,""balance_rearm_required"":false,""balance_up_escape_attempt_count"":0,""directional_origin_event_id"":""DIR:ABB:2026-08-03:002:UP:110000:DIRECTIONAL_REVERSAL_CONFIRMED:113900"",""directional_origin_source"":""REVERSAL_EVENT_HANDOFF"",""directional_parent_episode_id"":""DIR:ABB:2026-08-03:002:UP:110000"",""directional_reversal_watch_age_bars"":0,""directional_start_candidate_bars"":0,""directional_start_candidate_side"":""UNKNOWN"",""observation_accepted_range_id"":""DYNAMIC:2026-08-03T10:54:00+05:30:2026-08-03T11:18:00+05:30"",""observation_current_leg_mature"":false,""observation_directional_bias"":""UP"",""observation_exhaustion_active"":true,""observation_state"":""ORDERLY_UPTREND""}","{""balance"":{""attempt_limit_reached"":false,""candidate_bar_expansion_count"":0,""candidate_high"":null,""candidate_last_valid_at"":null,""candidate_low"":null,""candidate_merge_count"":0,""containment_bars"":0,""down_escape_attempt_count"":0,""emitted_event_ids"":[""BAL:ABB:2026-08-03:001:NEUTRAL:100600:BALANCE_COMPLETED:105400"",""BAL:ABB:2026-08-03:001:NEUTRAL:100600:BALANCE_ESCAPE_ACCEPTED:105100"",""BAL:ABB:2026-08-03:001:NEUTRAL:100600:BALANCE_ESCAPE_STARTED:104800"",""BAL:ABB:2026-08-03:001:NEUTRAL:100600:BALANCE_FORMING_STARTED:100600"",""BAL:ABB:2026-08-03:001:NEUTRAL:100600:BALANCE_LOCKED:102700"",""BAL:ABB:2026-08-03:001:NEUTRAL:100600:BALANCE_PROBABLE:101800"",""BAL:ABB:2026-08-03:002:NEUTRAL:112100:BALANCE_COMPLETED:113000"",""BAL:ABB:2026-08-03:002:NEUTRAL:112100:BALANCE_FORMING_STARTED:112100""],""episode_id"":null,""escape_attempt_count"":0,""escape_direction"":""UNKNOWN"",""failed_escape_count"":0,""forming_bars_observed"":0,""forming_invalid_bars"":0,""frozen_high"":null,""frozen_low"":null,""last_escape_direction"":""UNKNOWN"",""last_escape_failed_at"":null,""last_escape_started_at"":null,""last_reason_codes"":[""NO_QUALIFIED_ACCEPTED_RANGE""],""marginal_excursion_bars"":0,""meaningful_escape_bars"":0,""outside_close_count"":0,""range_id"":null,""rearm_bars_elapsed"":0,""rearm_inside_close_count"":0,""rearm_required"":false,""reentry_close_count"":0,""sequence"":2,""source_range_ids"":[],""started_at"":null,""state"":""NONE"",""state_age_bars"":0,""state_started_at"":null,""up_escape_attempt_count"":0},""directional"":{""continuation_failure_progress_bars"":0,""continuation_failure_seen"":false,""continuation_failure_seen_at"":null,""direction"":""DOWN"",""emitted_event_ids"":[""DIR:ABB:2026-08-03:001:DOWN:101500:DIRECTIONAL_COMPLETED:105100"",""DIR:ABB:2026-08-03:001:DOWN:101500:DIRECTIONAL_STARTED:101500"",""DIR:ABB:2026-08-03:002:UP:110000:DIRECTIONAL_COMPLETED:113900"",""DIR:ABB:2026-08-03:002:UP:110000:DIRECTIONAL_MATURED:110300"",""DIR:ABB:2026-08-03:002:UP:110000:DIRECTIONAL_REVERSAL_CONFIRMED:113900"",""DIR:ABB:2026-08-03:002:UP:110000:DIRECTIONAL_STARTED:110000"",""DIR:ABB:2026-08-03:002:UP:110000:REVERSAL_WATCH_STARTED:110600"",""DIR:ABB:2026-08-03:003:DOWN:113900:DIRECTIONAL_REVERSAL_LEG_STARTED:113900""],""episode_id"":""DIR:ABB:2026-08-03:003:DOWN:113900"",""extreme_price"":7435.0,""extreme_time"":""2026-08-03T11:45:00+05:30"",""first_adverse_bar_close"":null,""first_adverse_bar_level"":null,""first_adverse_bar_time"":null,""inactive_bars"":0,""last_close"":7440.0,""last_observation_state"":""ORDERLY_UPTREND"",""last_observation_state_time"":""2026-08-03T11:45:00+05:30"",""last_reason_codes"":[""REVERSAL_LEG_DIRECTIONAL_PROGRESS""],""opposite_control_bars"":0,""origin_event_id"":""DIR:ABB:2026-08-03:002:UP:110000:DIRECTIONAL_REVERSAL_CONFIRMED:113900"",""origin_price"":7447.0,""origin_source"":""REVERSAL_EVENT_HANDOFF"",""parent_episode_id"":""DIR:ABB:2026-08-03:002:UP:110000"",""protection_level"":null,""protection_source"":"""",""protection_time"":null,""rejection_seen"":false,""rejection_seen_at"":null,""reversal_confirmation_breach_closes"":0,""reversal_confirmation_level"":7451.0,""reversal_confirmation_level_time"":""2026-08-03T11:33:00+05:30"",""reversal_confirmation_source"":""EPISODE_PRICE_ACTION_FIRST_ADVERSE_BAR:BAR_LOW"",""reversal_leg_failure_closes"":0,""reversal_leg_progress_atr"":0.35363402925837445,""reversal_leg_progress_bars"":0,""reversal_watch_age_bars"":0,""sequence"":3,""start_candidate_bars"":0,""start_candidate_side"":""UNKNOWN"",""started_at"":""2026-08-03T11:39:00+05:30"",""state"":""REVERSAL_LEG"",""state_age_bars"":3,""state_started_at"":""2026-08-03T11:39:00+05:30"",""trend_restore_bars"":0},""evidence_history"":[{""atr"":24.54725350504543,""bar"":{""body_fraction"":0.0,""close"":7414.0,""close_position"":0.2692307692307692,""direction"":""NEUTRAL"",""high"":7433.0,""low"":7407.0,""lower_wick_fraction"":0.2692307692307692,""move_atr"":0.0,""move_points"":0.0,""open"":7414.0,""snapshot_time"":""2026-08-03T11:12:00+05:30"",""upper_wick_fraction"":0.7307692307692307,""volume"":9312.0},""close"":7414.0,""trend"":{""ema_ref"":7361.939472796705,""ema_slow"":7369.420454179376,""hma_order"":""BUY"",""hma_spread_atr"":3.941599352947174}},{""atr"":23.972449683256468,""bar"":{""body_fraction"":0.09090909090909093,""close"":7415.5,""close_position"":0.3333333333333333,""direction"":""UP"",""high"":7426.5,""low"":7410.0,""lower_wick_fraction"":0.24242424242424243,""move_atr"":0.06257182807010639,""move_points"":1.5,""open"":7414.0,""snapshot_time"":""2026-08-03T11:15:00+05:30"",""upper_wick_fraction"":0.6666666666666666,""volume"":4860.0},""close"":7415.5,""trend"":{""ema_ref"":7362.472413365892,""ema_slow"":7370.3329204332495,""hma_order"":""BUY"",""hma_spread_atr"":3.7973382434947456}},{""atr"":22.83156042016672,""bar"":{""body_fraction"":0.875,""close"":7408.5,""close_position"":0.125,""direction"":""DOWN"",""high"":7415.5,""low"":7407.5,""lower_wick_fraction"":0.125,""move_atr"":-0.30659314874584837,""move_points"":-7.0,""open"":7415.5,""snapshot_time"":""2026-08-03T11:18:00+05:30"",""upper_wick_fraction"":0.0,""volume"":2694.0},""close"":7408.5,""trend"":{""ema_ref"":7362.93039930255,""ema_slow"":7371.0887041870465,""hma_order"":""BUY"",""hma_spread_atr"":3.6956913841400345}},{""atr"":21.80787753301196,""bar"":{""body_fraction"":0.4117647058823529,""close"":7415.0,""close_position"":1.0,""direction"":""UP"",""high"":7415.0,""low"":7406.5,""lower_wick_fraction"":0.5882352941176471,""move_atr"":0.1604924640053499,""move_points"":3.5,""open"":7411.5,""snapshot_time"":""2026-08-03T11:21:00+05:30"",""upper_wick_fraction"":0.0,""volume"":3101.0},""close"":7415.0,""trend"":{""ema_ref"":7363.448504782126,""ema_slow"":7371.958234797204,""hma_order"":""BUY"",""hma_spread_atr"":3.611514268297504}},{""atr"":20.82160056636825,""bar"":{""body_fraction"":0.125,""close"":7415.0,""close_position"":0.5,""direction"":""UP"",""high"":7419.0,""low"":7411.0,""lower_wick_fraction"":0.375,""move_atr"":0.048027047527519746,""move_points"":1.0,""open"":7414.0,""snapshot_time"":""2026-08-03T11:24:00+05:30"",""upper_wick_fraction"":0.5,""volume"":4322.0},""close"":7415.0,""trend"":{""ema_ref"":7363.9614549832995,""ema_slow"":7372.810546979437,""hma_order"":""BUY"",""hma_spread_atr"":3.5486433329114297}},{""atr"":22.334343383056233,""bar"":{""body_fraction"":0.8313253012048193,""close"":7450.0,""close_position"":0.8313253012048193,""direction"":""UP"",""high"":7457.0,""low"":7415.5,""lower_wick_fraction"":0.0,""move_atr"":1.5447062583524682,""move_points"":34.5,""open"":7415.5,""snapshot_time"":""2026-08-03T11:27:00+05:30"",""upper_wick_fraction"":0.1686746987951807,""volume"":15720.0},""close"":7450.0,""trend"":{""ema_ref"":7364.817559908839,""ema_slow"":7374.339050999646,""hma_order"":""BUY"",""hma_spread_atr"":3.397442622722908}},{""atr"":22.274747427123643,""bar"":{""body_fraction"":0.7441860465116279,""close"":7465.0,""close_position"":0.813953488372093,""direction"":""UP"",""high"":7469.0,""low"":7447.5,""lower_wick_fraction"":0.06976744186046512,""move_atr"":0.7183021963480056,""move_points"":16.0,""open"":7449.0,""snapshot_time"":""2026-08-03T11:30:00+05:30"",""upper_wick_fraction"":0.18604651162790695,""volume"":10628.0},""close"":7465.0,""trend"":{""ema_ref"":7365.814400108751,""ema_slow"":7376.134317316485,""hma_order"":""BUY"",""hma_spread_atr"":3.7525603249981816}},{""atr"":22.25512261090053,""bar"":{""body_fraction"":0.6136363636363636,""close"":7451.5,""close_position"":0.022727272727272728,""direction"":""DOWN"",""high"":7473.0,""low"":7451.0,""lower_wick_fraction"":0.022727272727272728,""move_atr"":-0.6066019152546802,""move_points"":-13.5,""open"":7465.0,""snapshot_time"":""2026-08-03T11:33:00+05:30"",""upper_wick_fraction"":0.3636363636363637,""volume"":9962.0},""close"":7451.5,""trend"":{""ema_ref"":7366.666993142496,""ema_slow"":7377.626707072594,""hma_order"":""BUY"",""hma_spread_atr"":4.0658622436245535}},{""atr"":21.66547099583621,""bar"":{""body_fraction"":0.10714285714285714,""close"":7453.0,""close_position"":0.5714285714285714,""direction"":""UP"",""high"":7459.0,""low"":7445.0,""lower_wick_fraction"":0.4642857142857143,""move_atr"":0.0692345899282909,""move_points"":1.5,""open"":7451.5,""snapshot_time"":""2026-08-03T11:36:00+05:30"",""upper_wick_fraction"":0.42857142857142855,""volume"":3596.0},""close"":7453.0,""trend"":{""ema_ref"":7367.526028036601,""ema_slow"":7379.119247526603,""hma_order"":""BUY"",""hma_spread_atr"":4.388034859484658}},{""atr"":20.903651638990763,""bar"":{""body_fraction"":0.3636363636363637,""close"":7447.0,""close_position"":0.2727272727272727,""direction"":""DOWN"",""high"":7455.0,""low"":7444.0,""lower_wick_fraction"":0.2727272727272727,""move_atr"":-0.19135412649811656,""move_points"":-4.0,""open"":7451.0,""snapshot_time"":""2026-08-03T11:39:00+05:30"",""upper_wick_fraction"":0.3636363636363637,""volume"":2934.0},""close"":7447.0,""trend"":{""ema_ref"":7368.316813827281,""ema_slow"":7380.463420842908,""hma_order"":""BUY"",""hma_spread_atr"":4.7234168905678295}},{""atr"":20.124819379062853,""bar"":{""body_fraction"":0.55,""close"":7449.5,""close_position"":0.75,""direction"":""UP"",""high"":7452.0,""low"":7442.0,""lower_wick_fraction"":0.2,""move_atr"":0.2732943782701476,""move_points"":5.5,""open"":7444.0,""snapshot_time"":""2026-08-03T11:42:00+05:30"",""upper_wick_fraction"":0.25,""volume"":3347.0},""close"":7449.5,""trend"":{""ema_ref"":7369.124606724523,""ema_slow"":7381.830481816316,""hma_order"":""BUY"",""hma_spread_atr"":4.957592117345721}},{""atr"":19.794475137701223,""bar"":{""body_fraction"":0.6129032258064516,""close"":7440.0,""close_position"":0.3225806451612903,""direction"":""DOWN"",""high"":7450.5,""low"":7435.0,""lower_wick_fraction"":0.3225806451612903,""move_atr"":-0.479931896850651,""move_points"":-9.5,""open"":7449.5,""snapshot_time"":""2026-08-03T11:45:00+05:30"",""upper_wick_fraction"":0.06451612903225806,""volume"":4576.0},""close"":7440.0,""trend"":{""ema_ref"":7369.829834518309,""ema_slow"":7382.982353463518,""hma_order"":""BUY"",""hma_spread_atr"":4.88222068537548}}],""last_observation_hash"":""27b40db3b0be0c9f263d2cae524b8539b8a511dbe03611092efead9ce11ff908"",""last_snapshot_time"":""2026-08-03T11:45:00+05:30"",""observation"":{""compression_box_high"":null,""compression_box_low"":null,""compression_candidate_bars"":0,""current_state"":""ORDERLY_UPTREND"",""established_side"":""UP"",""exhaustion_active"":true,""exhaustion_age_bars"":4,""exhaustion_clear_bars"":0,""exhaustion_last_seen_at"":""2026-08-03T11:45:00+05:30"",""exhaustion_side"":""UP"",""exhaustion_started_at"":""2026-08-03T11:36:00+05:30"",""failure_breach_bars"":0,""last_close"":7440.0,""last_reason_codes"":[""ESTABLISHED_DIRECTIONAL_CONTEXT_RETAINED"",""OBSERVATION_PROPOSAL_MATCHED_CURRENT"",""OBSERVATION_STATE_ORDERLY_UPTREND""],""last_snapshot_time"":""2026-08-03T11:45:00+05:30"",""leg_age_bars"":7,""leg_anchor_price"":7407.0,""leg_anchor_time"":""2026-08-03T11:27:00+05:30"",""leg_extreme_price"":7473.0,""leg_maturity_consumed"":false,""leg_maturity_extreme_price"":null,""leg_maturity_onset_time"":null,""leg_no_progress_bars"":4,""observation_count"":51,""pending_bars"":0,""pending_state"":null,""protection_level"":7407.0,""protection_source"":""CONFIRMED_RECOMPRESSION_BOX"",""protection_time"":""2026-08-03T11:27:00+05:30"",""pullback_age_bars"":0,""pullback_candidate_bars"":0,""pullback_extreme_price"":null,""reacceleration_age_bars"":2,""recompression_age_bars"":0,""reversal_confirmation_bars"":0,""reversal_side"":""UP"",""state_age_bars"":5,""trading_day"":""2026-08-03"",""trend_anchor_price"":7355.0,""trend_candidate_bars"":9,""trend_candidate_side"":""UP"",""trend_extreme_price"":7473.0,""trend_failure_age_bars"":0,""trend_onset_time"":""2026-08-03T10:48:00+05:30""},""symbol"":""ABB"",""trading_day"":""2026-08-03""}"
restoration-v3-current-day,development,restoration-trend-control-v3,backtest-default,OK,,,,ABB,2026-08-03,2026-08-03T11:48:00+05:30,2026-08-03T11:45:00+05:30,SNAPSHOT_AUCTION_AUTHORITY_V3A,3m,True,True,7431.5,2026-08-03T11:48:00,7440.0,7441.5,7427.0,7431.5,4196.0,19.416298342151137,EXPANDING_RANGE,SELL,candidate_boundaries_or_midpoint_still_drifting,RANGE_ACCEPTED,DYNAMIC:2026-08-03T10:54:00+05:30:2026-08-03T11:18:00+05:30,7392.5,7433.0,10,ok,DOWN_ACCELERATING,-0.463528106202497,-0.2768292856487135,OK,INCREMENTAL_PREVIOUS_SNAPSHOT,AUTOTRADES_AUCTION_ENGINE,1.1.0,,,ORDERLY_UPTREND,UP,UP,False,False,True,UP,False,False,False,7407.0,CONFIRMED_RECOMPRESSION_BOX,2026-08-03T11:27:00+05:30,DYNAMIC:2026-08-03T10:54:00+05:30:2026-08-03T11:18:00+05:30,7392.5,7433.0,True,0.9629629629629628,0.3274336283185841,PRICE_ACTION,0.7157590685176892,ESTABLISHED_DIRECTIONAL_CONTEXT_RETAINED|OBSERVATION_PROPOSAL_MATCHED_CURRENT|OBSERVATION_STATE_ORDERLY_UPTREND|OBJECTIVE_ACCEPTED_RANGE_GEOMETRY_PRESENT|OBJECTIVE_TREND_PROTECTION_GEOMETRY_PRESENT,DIR:ABB:2026-08-03:003:DOWN:113900,REVERSAL_LEG,REVERSAL_LEG,DOWN,REVERSAL_EVENT_HANDOFF,DIR:ABB:2026-08-03:002:UP:110000,DIR:ABB:2026-08-03:002:UP:110000:DIRECTIONAL_REVERSAL_CONFIRMED:113900,2026-08-03T11:39:00+05:30,2026-08-03T11:39:00+05:30,4,7447.0,7427.0,2026-08-03T11:48:00+05:30,,,7451.0,EPISODE_PRICE_ACTION_FIRST_ADVERSE_BAR:BAR_LOW,2026-08-03T11:33:00+05:30,1,0.7982984051265227,0,False,REVERSAL_LEG_DIRECTIONAL_PROGRESS,3,UNKNOWN,0,0,0,0,0,ORDERLY_UPTREND,2026-08-03T11:48:00+05:30,REVERSAL_LEG_DIRECTIONAL_PROGRESS,BAL:ABB:2026-08-03:003:NEUTRAL:114800,NONE,FORMING,1,,7392.5,7433.0,,,UNKNOWN,0,0,0,0,False,False,BALANCE_FORMING_STARTED,1,BAL:ABB:2026-08-03:003:NEUTRAL:114800:BALANCE_FORMING_STARTED:114800,BALANCE_FORMING_STARTED,UNKNOWN,BAL:ABB:2026-08-03:003:NEUTRAL:114800,BALANCE_FORMING_STARTED:QUALIFIED_ACCEPTED_RANGE_OBSERVED,0,,,,,CONFLICT,MATCH,MATCH,CONFLICT,False,0,False,False,False,True,EPISODE_TREND_CONFLICT,TRANSITIONAL_CONFLICT,"[""event_id='BAL:ABB:2026-08-03:003:NEUTRAL:114800:BALANCE_FORMING_STARTED:114800' event_type=<AuctionEventType.BALANCE_FORMING_STARTED: 'BALANCE_FORMING_STARTED'> episode_id='BAL:ABB:2026-08-03:003:NEUTRAL:114800' symbol='ABB' trading_day=datetime.date(2026, 8, 3) event_time=datetime.datetime(2026, 8, 3, 11, 48, tzinfo=TzInfo(19800)) direction=<DirectionalBias.UNKNOWN: 'UNKNOWN'> reason_codes=('QUALIFIED_ACCEPTED_RANGE_OBSERVED',) data={'range_id': None, 'frozen_low': None, 'frozen_high': None, 'candidate_low': 7392.5, 'candidate_high': 7433.0, 'rearm_required': False, 'containment_bars': 1, 'source_range_ids': ['DYNAMIC:2026-08-03T10:54:00+05:30:2026-08-03T11:18:00+05:30'], 'containment_ratio': 1.0, 'rearm_bars_elapsed': 0, 'failed_escape_count': 0, 'escape_attempt_count': 0, 'attempt_limit_reached': False, 'candidate_merge_count': 0, 'forming_bars_observed': 1, 'last_escape_direction': 'UNKNOWN', 'last_escape_failed_at': None, 'last_escape_started_at': None, 'meaningful_escape_bars': 0, 'candidate_last_valid_at': '2026-08-03T11:48:00+05:30', 'marginal_excursion_bars': 0, 'up_escape_attempt_count': 0, 'rearm_inside_close_count': 0, 'down_escape_attempt_count': 0, 'candidate_bar_expansion_count': 0}""]",[],"{""accepted_range_breakout_eligible"":true,""accepted_range_established_at"":""2026-08-03T11:18:00+05:30"",""accepted_range_high"":7433.0,""accepted_range_id"":""DYNAMIC:2026-08-03T10:54:00+05:30:2026-08-03T11:18:00+05:30"",""accepted_range_inside"":true,""accepted_range_low"":7392.5,""accepted_range_outside_atr"":0.0,""accepted_range_position"":0.9629629629629628,""accepted_range_provisional"":false,""atr"":19.416298342151137,""close"":7431.5,""current_leg_mature"":false,""directional_bias"":""UP"",""directional_efficiency"":0.3274336283185841,""directional_efficiency_source"":""PRICE_ACTION"",""exhausted_side"":""UP"",""exhaustion_active"":true,""extension_mature"":false,""failed_extreme_observed"":false,""high"":7441.5,""low"":7427.0,""observation_state"":""ORDERLY_UPTREND"",""overlap_ratio"":0.7157590685176892,""range_width_atr"":2.0858764779112366,""rejection_observed"":false,""snapshot_time"":""2026-08-03T11:48:00+05:30"",""source_reason_codes"":[""ESTABLISHED_DIRECTIONAL_CONTEXT_RETAINED"",""OBSERVATION_PROPOSAL_MATCHED_CURRENT"",""OBSERVATION_STATE_ORDERLY_UPTREND"",""OBJECTIVE_ACCEPTED_RANGE_GEOMETRY_PRESENT"",""OBJECTIVE_TREND_PROTECTION_GEOMETRY_PRESENT""],""structural_failure_confirmed"":false,""symbol"":""ABB"",""trading_day"":""2026-08-03"",""trend_direction"":""UP"",""trend_protection_level"":7407.0,""trend_protection_source"":""CONFIRMED_RECOMPRESSION_BOX"",""trend_protection_time"":""2026-08-03T11:27:00+05:30""}","{""continuation_failure_seen"":false,""continuation_failure_time"":null,""current_state"":""REVERSAL_LEG"",""direction"":""DOWN"",""episode_id"":""DIR:ABB:2026-08-03:003:DOWN:113900"",""extreme_price"":7427.0,""extreme_time"":""2026-08-03T11:48:00+05:30"",""first_adverse_bar_close"":null,""first_adverse_bar_level"":null,""first_adverse_bar_time"":null,""origin_event_id"":""DIR:ABB:2026-08-03:002:UP:110000:DIRECTIONAL_REVERSAL_CONFIRMED:113900"",""origin_price"":7447.0,""origin_source"":""REVERSAL_EVENT_HANDOFF"",""parent_episode_id"":""DIR:ABB:2026-08-03:002:UP:110000"",""previous_state"":""REVERSAL_LEG"",""protection_level"":null,""protection_source"":"""",""reason_codes"":[""REVERSAL_LEG_DIRECTIONAL_PROGRESS""],""rejection_seen"":false,""reversal_confirmation_breach_closes"":0,""reversal_confirmation_level"":7451.0,""reversal_confirmation_level_time"":""2026-08-03T11:33:00+05:30"",""reversal_confirmation_source"":""EPISODE_PRICE_ACTION_FIRST_ADVERSE_BAR:BAR_LOW"",""reversal_leg_failure_closes"":0,""reversal_leg_progress_atr"":0.7982984051265227,""reversal_leg_progress_bars"":1,""started_at"":""2026-08-03T11:39:00+05:30"",""state_age_bars"":4,""state_started_at"":""2026-08-03T11:39:00+05:30""}","{""attempt_limit_reached"":false,""candidate_bar_expansion_count"":0,""candidate_high"":7433.0,""candidate_last_valid_at"":""2026-08-03T11:48:00+05:30"",""candidate_low"":7392.5,""candidate_merge_count"":0,""containment_bars"":1,""containment_ratio"":1.0,""current_state"":""FORMING"",""down_escape_attempt_count"":0,""episode_id"":""BAL:ABB:2026-08-03:003:NEUTRAL:114800"",""escape_attempt_count"":0,""escape_direction"":""UNKNOWN"",""failed_escape_count"":0,""forming_bars_observed"":1,""forming_invalid_bars"":0,""frozen_high"":null,""frozen_low"":null,""last_escape_direction"":""UNKNOWN"",""last_escape_failed_at"":null,""last_escape_started_at"":null,""marginal_excursion_bars"":0,""meaningful_escape_bars"":0,""outside_close_count"":0,""previous_state"":""NONE"",""range_id"":null,""rearm_bars_elapsed"":0,""rearm_inside_close_count"":0,""rearm_required"":false,""reason_codes"":[""BALANCE_FORMING_STARTED""],""reentry_close_count"":0,""source_range_ids"":[""DYNAMIC:2026-08-03T10:54:00+05:30:2026-08-03T11:18:00+05:30""],""started_at"":""2026-08-03T11:48:00+05:30"",""state_age_bars"":1,""state_started_at"":""2026-08-03T11:48:00+05:30"",""up_escape_attempt_count"":0}","{""balance_attempt_limit_reached"":false,""balance_candidate_bar_expansion_count"":0,""balance_candidate_merge_count"":0,""balance_containment_ratio"":1.0,""balance_down_escape_attempt_count"":0,""balance_escape_attempt_count"":0,""balance_failed_escape_count"":0,""balance_forming_bars_observed"":1,""balance_forming_invalid_bars"":0,""balance_last_escape_direction"":""UNKNOWN"",""balance_last_escape_failed_at"":null,""balance_last_escape_started_at"":null,""balance_marginal_excursion_bars"":0,""balance_meaningful_escape_bars"":0,""balance_rearm_bars_elapsed"":0,""balance_rearm_inside_close_count"":0,""balance_rearm_required"":false,""balance_up_escape_attempt_count"":0,""directional_origin_event_id"":""DIR:ABB:2026-08-03:002:UP:110000:DIRECTIONAL_REVERSAL_CONFIRMED:113900"",""directional_origin_source"":""REVERSAL_EVENT_HANDOFF"",""directional_parent_episode_id"":""DIR:ABB:2026-08-03:002:UP:110000"",""directional_reversal_watch_age_bars"":0,""directional_start_candidate_bars"":0,""directional_start_candidate_side"":""UNKNOWN"",""observation_accepted_range_id"":""DYNAMIC:2026-08-03T10:54:00+05:30:2026-08-03T11:18:00+05:30"",""observation_current_leg_mature"":false,""observation_directional_bias"":""UP"",""observation_exhaustion_active"":true,""observation_state"":""ORDERLY_UPTREND""}","{""balance"":{""attempt_limit_reached"":false,""candidate_bar_expansion_count"":0,""candidate_high"":7433.0,""candidate_last_valid_at"":""2026-08-03T11:48:00+05:30"",""candidate_low"":7392.5,""candidate_merge_count"":0,""containment_bars"":1,""down_escape_attempt_count"":0,""emitted_event_ids"":[""BAL:ABB:2026-08-03:001:NEUTRAL:100600:BALANCE_COMPLETED:105400"",""BAL:ABB:2026-08-03:001:NEUTRAL:100600:BALANCE_ESCAPE_ACCEPTED:105100"",""BAL:ABB:2026-08-03:001:NEUTRAL:100600:BALANCE_ESCAPE_STARTED:104800"",""BAL:ABB:2026-08-03:001:NEUTRAL:100600:BALANCE_FORMING_STARTED:100600"",""BAL:ABB:2026-08-03:001:NEUTRAL:100600:BALANCE_LOCKED:102700"",""BAL:ABB:2026-08-03:001:NEUTRAL:100600:BALANCE_PROBABLE:101800"",""BAL:ABB:2026-08-03:002:NEUTRAL:112100:BALANCE_COMPLETED:113000"",""BAL:ABB:2026-08-03:002:NEUTRAL:112100:BALANCE_FORMING_STARTED:112100"",""BAL:ABB:2026-08-03:003:NEUTRAL:114800:BALANCE_FORMING_STARTED:114800""],""episode_id"":""BAL:ABB:2026-08-03:003:NEUTRAL:114800"",""escape_attempt_count"":0,""escape_direction"":""UNKNOWN"",""failed_escape_count"":0,""forming_bars_observed"":1,""forming_invalid_bars"":0,""frozen_high"":null,""frozen_low"":null,""last_escape_direction"":""UNKNOWN"",""last_escape_failed_at"":null,""last_escape_started_at"":null,""last_reason_codes"":[""BALANCE_FORMING_STARTED""],""marginal_excursion_bars"":0,""meaningful_escape_bars"":0,""outside_close_count"":0,""range_id"":null,""rearm_bars_elapsed"":0,""rearm_inside_close_count"":0,""rearm_required"":false,""reentry_close_count"":0,""sequence"":3,""source_range_ids"":[""DYNAMIC:2026-08-03T10:54:00+05:30:2026-08-03T11:18:00+05:30""],""started_at"":""2026-08-03T11:48:00+05:30"",""state"":""FORMING"",""state_age_bars"":1,""state_started_at"":""2026-08-03T11:48:00+05:30"",""up_escape_attempt_count"":0},""directional"":{""continuation_failure_progress_bars"":0,""continuation_failure_seen"":false,""continuation_failure_seen_at"":null,""direction"":""DOWN"",""emitted_event_ids"":[""DIR:ABB:2026-08-03:001:DOWN:101500:DIRECTIONAL_COMPLETED:105100"",""DIR:ABB:2026-08-03:001:DOWN:101500:DIRECTIONAL_STARTED:101500"",""DIR:ABB:2026-08-03:002:UP:110000:DIRECTIONAL_COMPLETED:113900"",""DIR:ABB:2026-08-03:002:UP:110000:DIRECTIONAL_MATURED:110300"",""DIR:ABB:2026-08-03:002:UP:110000:DIRECTIONAL_REVERSAL_CONFIRMED:113900"",""DIR:ABB:2026-08-03:002:UP:110000:DIRECTIONAL_STARTED:110000"",""DIR:ABB:2026-08-03:002:UP:110000:REVERSAL_WATCH_STARTED:110600"",""DIR:ABB:2026-08-03:003:DOWN:113900:DIRECTIONAL_REVERSAL_LEG_STARTED:113900""],""episode_id"":""DIR:ABB:2026-08-03:003:DOWN:113900"",""extreme_price"":7427.0,""extreme_time"":""2026-08-03T11:48:00+05:30"",""first_adverse_bar_close"":null,""first_adverse_bar_level"":null,""first_adverse_bar_time"":null,""inactive_bars"":0,""last_close"":7431.5,""last_observation_state"":""ORDERLY_UPTREND"",""last_observation_state_time"":""2026-08-03T11:48:00+05:30"",""last_reason_codes"":[""REVERSAL_LEG_DIRECTIONAL_PROGRESS""],""opposite_control_bars"":0,""origin_event_id"":""DIR:ABB:2026-08-03:002:UP:110000:DIRECTIONAL_REVERSAL_CONFIRMED:113900"",""origin_price"":7447.0,""origin_source"":""REVERSAL_EVENT_HANDOFF"",""parent_episode_id"":""DIR:ABB:2026-08-03:002:UP:110000"",""protection_level"":null,""protection_source"":"""",""protection_time"":null,""rejection_seen"":false,""rejection_seen_at"":null,""reversal_confirmation_breach_closes"":0,""reversal_confirmation_level"":7451.0,""reversal_confirmation_level_time"":""2026-08-03T11:33:00+05:30"",""reversal_confirmation_source"":""EPISODE_PRICE_ACTION_FIRST_ADVERSE_BAR:BAR_LOW"",""reversal_leg_failure_closes"":0,""reversal_leg_progress_atr"":0.7982984051265227,""reversal_leg_progress_bars"":1,""reversal_watch_age_bars"":0,""sequence"":3,""start_candidate_bars"":0,""start_candidate_side"":""UNKNOWN"",""started_at"":""2026-08-03T11:39:00+05:30"",""state"":""REVERSAL_LEG"",""state_age_bars"":4,""state_started_at"":""2026-08-03T11:39:00+05:30"",""trend_restore_bars"":0},""evidence_history"":[{""atr"":23.972449683256468,""bar"":{""body_fraction"":0.09090909090909093,""close"":7415.5,""close_position"":0.3333333333333333,""direction"":""UP"",""high"":7426.5,""low"":7410.0,""lower_wick_fraction"":0.24242424242424243,""move_atr"":0.06257182807010639,""move_points"":1.5,""open"":7414.0,""snapshot_time"":""2026-08-03T11:15:00+05:30"",""upper_wick_fraction"":0.6666666666666666,""volume"":4860.0},""close"":7415.5,""trend"":{""ema_ref"":7362.472413365892,""ema_slow"":7370.3329204332495,""hma_order"":""BUY"",""hma_spread_atr"":3.7973382434947456}},{""atr"":22.83156042016672,""bar"":{""body_fraction"":0.875,""close"":7408.5,""close_position"":0.125,""direction"":""DOWN"",""high"":7415.5,""low"":7407.5,""lower_wick_fraction"":0.125,""move_atr"":-0.30659314874584837,""move_points"":-7.0,""open"":7415.5,""snapshot_time"":""2026-08-03T11:18:00+05:30"",""upper_wick_fraction"":0.0,""volume"":2694.0},""close"":7408.5,""trend"":{""ema_ref"":7362.93039930255,""ema_slow"":7371.0887041870465,""hma_order"":""BUY"",""hma_spread_atr"":3.6956913841400345}},{""atr"":21.80787753301196,""bar"":{""body_fraction"":0.4117647058823529,""close"":7415.0,""close_position"":1.0,""direction"":""UP"",""high"":7415.0,""low"":7406.5,""lower_wick_fraction"":0.5882352941176471,""move_atr"":0.1604924640053499,""move_points"":3.5,""open"":7411.5,""snapshot_time"":""2026-08-03T11:21:00+05:30"",""upper_wick_fraction"":0.0,""volume"":3101.0},""close"":7415.0,""trend"":{""ema_ref"":7363.448504782126,""ema_slow"":7371.958234797204,""hma_order"":""BUY"",""hma_spread_atr"":3.611514268297504}},{""atr"":20.82160056636825,""bar"":{""body_fraction"":0.125,""close"":7415.0,""close_position"":0.5,""direction"":""UP"",""high"":7419.0,""low"":7411.0,""lower_wick_fraction"":0.375,""move_atr"":0.048027047527519746,""move_points"":1.0,""open"":7414.0,""snapshot_time"":""2026-08-03T11:24:00+05:30"",""upper_wick_fraction"":0.5,""volume"":4322.0},""close"":7415.0,""trend"":{""ema_ref"":7363.9614549832995,""ema_slow"":7372.810546979437,""hma_order"":""BUY"",""hma_spread_atr"":3.5486433329114297}},{""atr"":22.334343383056233,""bar"":{""body_fraction"":0.8313253012048193,""close"":7450.0,""close_position"":0.8313253012048193,""direction"":""UP"",""high"":7457.0,""low"":7415.5,""lower_wick_fraction"":0.0,""move_atr"":1.5447062583524682,""move_points"":34.5,""open"":7415.5,""snapshot_time"":""2026-08-03T11:27:00+05:30"",""upper_wick_fraction"":0.1686746987951807,""volume"":15720.0},""close"":7450.0,""trend"":{""ema_ref"":7364.817559908839,""ema_slow"":7374.339050999646,""hma_order"":""BUY"",""hma_spread_atr"":3.397442622722908}},{""atr"":22.274747427123643,""bar"":{""body_fraction"":0.7441860465116279,""close"":7465.0,""close_position"":0.813953488372093,""direction"":""UP"",""high"":7469.0,""low"":7447.5,""lower_wick_fraction"":0.06976744186046512,""move_atr"":0.7183021963480056,""move_points"":16.0,""open"":7449.0,""snapshot_time"":""2026-08-03T11:30:00+05:30"",""upper_wick_fraction"":0.18604651162790695,""volume"":10628.0},""close"":7465.0,""trend"":{""ema_ref"":7365.814400108751,""ema_slow"":7376.134317316485,""hma_order"":""BUY"",""hma_spread_atr"":3.7525603249981816}},{""atr"":22.25512261090053,""bar"":{""body_fraction"":0.6136363636363636,""close"":7451.5,""close_position"":0.022727272727272728,""direction"":""DOWN"",""high"":7473.0,""low"":7451.0,""lower_wick_fraction"":0.022727272727272728,""move_atr"":-0.6066019152546802,""move_points"":-13.5,""open"":7465.0,""snapshot_time"":""2026-08-03T11:33:00+05:30"",""upper_wick_fraction"":0.3636363636363637,""volume"":9962.0},""close"":7451.5,""trend"":{""ema_ref"":7366.666993142496,""ema_slow"":7377.626707072594,""hma_order"":""BUY"",""hma_spread_atr"":4.0658622436245535}},{""atr"":21.66547099583621,""bar"":{""body_fraction"":0.10714285714285714,""close"":7453.0,""close_position"":0.5714285714285714,""direction"":""UP"",""high"":7459.0,""low"":7445.0,""lower_wick_fraction"":0.4642857142857143,""move_atr"":0.0692345899282909,""move_points"":1.5,""open"":7451.5,""snapshot_time"":""2026-08-03T11:36:00+05:30"",""upper_wick_fraction"":0.42857142857142855,""volume"":3596.0},""close"":7453.0,""trend"":{""ema_ref"":7367.526028036601,""ema_slow"":7379.119247526603,""hma_order"":""BUY"",""hma_spread_atr"":4.388034859484658}},{""atr"":20.903651638990763,""bar"":{""body_fraction"":0.3636363636363637,""close"":7447.0,""close_position"":0.2727272727272727,""direction"":""DOWN"",""high"":7455.0,""low"":7444.0,""lower_wick_fraction"":0.2727272727272727,""move_atr"":-0.19135412649811656,""move_points"":-4.0,""open"":7451.0,""snapshot_time"":""2026-08-03T11:39:00+05:30"",""upper_wick_fraction"":0.3636363636363637,""volume"":2934.0},""close"":7447.0,""trend"":{""ema_ref"":7368.316813827281,""ema_slow"":7380.463420842908,""hma_order"":""BUY"",""hma_spread_atr"":4.7234168905678295}},{""atr"":20.124819379062853,""bar"":{""body_fraction"":0.55,""close"":7449.5,""close_position"":0.75,""direction"":""UP"",""high"":7452.0,""low"":7442.0,""lower_wick_fraction"":0.2,""move_atr"":0.2732943782701476,""move_points"":5.5,""open"":7444.0,""snapshot_time"":""2026-08-03T11:42:00+05:30"",""upper_wick_fraction"":0.25,""volume"":3347.0},""close"":7449.5,""trend"":{""ema_ref"":7369.124606724523,""ema_slow"":7381.830481816316,""hma_order"":""BUY"",""hma_spread_atr"":4.957592117345721}},{""atr"":19.794475137701223,""bar"":{""body_fraction"":0.6129032258064516,""close"":7440.0,""close_position"":0.3225806451612903,""direction"":""DOWN"",""high"":7450.5,""low"":7435.0,""lower_wick_fraction"":0.3225806451612903,""move_atr"":-0.479931896850651,""move_points"":-9.5,""open"":7449.5,""snapshot_time"":""2026-08-03T11:45:00+05:30"",""upper_wick_fraction"":0.06451612903225806,""volume"":4576.0},""close"":7440.0,""trend"":{""ema_ref"":7369.829834518309,""ema_slow"":7382.982353463518,""hma_order"":""BUY"",""hma_spread_atr"":4.88222068537548}},{""atr"":19.416298342151137,""bar"":{""body_fraction"":0.5862068965517241,""close"":7431.5,""close_position"":0.3103448275862069,""direction"":""DOWN"",""high"":7441.5,""low"":7427.0,""lower_wick_fraction"":0.3103448275862069,""move_atr"":-0.4377765447468028,""move_points"":-8.5,""open"":7440.0,""snapshot_time"":""2026-08-03T11:48:00+05:30"",""upper_wick_fraction"":0.10344827586206896,""volume"":4196.0},""close"":7431.5,""trend"":{""ema_ref"":7370.443468005689,""ema_slow"":7383.943098939488,""hma_order"":""BUY"",""hma_spread_atr"":4.583525478969616}}],""last_observation_hash"":""3aeda80984eefbbbd7fe2d3a945deb02bd8742c96de2e4d692fe222a00288f83"",""last_snapshot_time"":""2026-08-03T11:48:00+05:30"",""observation"":{""compression_box_high"":null,""compression_box_low"":null,""compression_candidate_bars"":0,""current_state"":""ORDERLY_UPTREND"",""established_side"":""UP"",""exhaustion_active"":true,""exhaustion_age_bars"":5,""exhaustion_clear_bars"":0,""exhaustion_last_seen_at"":""2026-08-03T11:48:00+05:30"",""exhaustion_side"":""UP"",""exhaustion_started_at"":""2026-08-03T11:36:00+05:30"",""failure_breach_bars"":0,""last_close"":7431.5,""last_reason_codes"":[""ESTABLISHED_DIRECTIONAL_CONTEXT_RETAINED"",""OBSERVATION_PROPOSAL_MATCHED_CURRENT"",""OBSERVATION_STATE_ORDERLY_UPTREND""],""last_snapshot_time"":""2026-08-03T11:48:00+05:30"",""leg_age_bars"":8,""leg_anchor_price"":7407.0,""leg_anchor_time"":""2026-08-03T11:27:00+05:30"",""leg_extreme_price"":7473.0,""leg_maturity_consumed"":false,""leg_maturity_extreme_price"":null,""leg_maturity_onset_time"":null,""leg_no_progress_bars"":5,""observation_count"":52,""pending_bars"":0,""pending_state"":null,""protection_level"":7407.0,""protection_source"":""CONFIRMED_RECOMPRESSION_BOX"",""protection_time"":""2026-08-03T11:27:00+05:30"",""pullback_age_bars"":0,""pullback_candidate_bars"":0,""pullback_extreme_price"":null,""reacceleration_age_bars"":2,""recompression_age_bars"":0,""reversal_confirmation_bars"":0,""reversal_side"":""UP"",""state_age_bars"":6,""trading_day"":""2026-08-03"",""trend_anchor_price"":7355.0,""trend_candidate_bars"":8,""trend_candidate_side"":""UP"",""trend_extreme_price"":7473.0,""trend_failure_age_bars"":0,""trend_onset_time"":""2026-08-03T10:48:00+05:30""},""symbol"":""ABB"",""trading_day"":""2026-08-03""}"
restoration-v3-current-day,development,restoration-trend-control-v3,backtest-default,OK,,,,ABB,2026-08-03,2026-08-03T11:51:00+05:30,2026-08-03T11:48:00+05:30,SNAPSHOT_AUCTION_AUTHORITY_V3A,3m,True,True,7457.0,2026-08-03T11:51:00,7431.5,7457.0,7430.5,7457.0,19542.0,19.922277031997485,EXPANDING_RANGE,BUY,candidate_boundaries_or_midpoint_still_drifting,RANGE_ACCEPTED,DYNAMIC:2026-08-03T10:54:00+05:30:2026-08-03T11:18:00+05:30,7392.5,7433.0,11,ok,UP_ACCELERATING,0.4266580565237606,0.12548766368345898,OK,INCREMENTAL_PREVIOUS_SNAPSHOT,AUTOTRADES_AUCTION_ENGINE,1.1.0,,,ORDERLY_UPTREND,UP,UP,False,True,True,UP,False,False,False,7407.0,CONFIRMED_RECOMPRESSION_BOX,2026-08-03T11:27:00+05:30,DYNAMIC:2026-08-03T10:54:00+05:30:2026-08-03T11:18:00+05:30,7392.5,7433.0,False,1.5925925925925926,0.11940298507462686,PRICE_ACTION,0.7531974921630095,ESTABLISHED_DIRECTIONAL_CONTEXT_RETAINED|OBSERVATION_PROPOSAL_MATCHED_CURRENT|OBSERVATION_STATE_ORDERLY_UPTREND|OBJECTIVE_ACCEPTED_RANGE_GEOMETRY_PRESENT|OBJECTIVE_TREND_PROTECTION_GEOMETRY_PRESENT,DIR:ABB:2026-08-03:003:DOWN:113900,REVERSAL_LEG,REVERSAL_LEG,DOWN,REVERSAL_EVENT_HANDOFF,DIR:ABB:2026-08-03:002:UP:110000,DIR:ABB:2026-08-03:002:UP:110000:DIRECTIONAL_REVERSAL_CONFIRMED:113900,2026-08-03T11:39:00+05:30,2026-08-03T11:39:00+05:30,5,7447.0,7427.0,2026-08-03T11:48:00+05:30,,,7451.0,EPISODE_PRICE_ACTION_FIRST_ADVERSE_BAR:BAR_LOW,2026-08-03T11:33:00+05:30,0,0.0,1,False,REVERSAL_LEG_FAILURE_PROGRESS,3,UNKNOWN,0,0,0,0,0,ORDERLY_UPTREND,2026-08-03T11:51:00+05:30,REVERSAL_LEG_FAILURE_PROGRESS,BAL:ABB:2026-08-03:003:NEUTRAL:114800,FORMING,FORMING,2,,7392.5,7433.0,,,UNKNOWN,0,0,0,0,False,False,BALANCE_SOURCE_RANGE_RETAINED|BALANCE_FORMING_MEANINGFUL_UPSIDE_ESCAPE|BALANCE_FORMING_MEANINGFUL_ESCAPE_PROGRESS|BALANCE_FORMING_RETAINED,0,,,,,,0,,,,,CONFLICT,CONFLICT,CONFLICT,MATCH,True,1,False,False,False,True,EPISODE_TREND_CONFLICT|EPISODE_RAW_STRUCTURE_CONFLICT|EPISODE_SLOPE_CONFLICT|FRESH_OPPOSITE_EVIDENCE,TRANSITIONAL_CONFLICT,[],[],"{""accepted_range_breakout_eligible"":true,""accepted_range_established_at"":""2026-08-03T11:18:00+05:30"",""accepted_range_high"":7433.0,""accepted_range_id"":""DYNAMIC:2026-08-03T10:54:00+05:30:2026-08-03T11:18:00+05:30"",""accepted_range_inside"":false,""accepted_range_low"":7392.5,""accepted_range_outside_atr"":1.2046815713612062,""accepted_range_position"":1.5925925925925926,""accepted_range_provisional"":false,""atr"":19.922277031997485,""close"":7457.0,""current_leg_mature"":false,""directional_bias"":""UP"",""directional_efficiency"":0.11940298507462686,""directional_efficiency_source"":""PRICE_ACTION"",""exhausted_side"":""UP"",""exhaustion_active"":true,""extension_mature"":true,""failed_extreme_observed"":false,""high"":7457.0,""low"":7430.5,""observation_state"":""ORDERLY_UPTREND"",""overlap_ratio"":0.7531974921630095,""range_width_atr"":2.0329001516720355,""rejection_observed"":false,""snapshot_time"":""2026-08-03T11:51:00+05:30"",""source_reason_codes"":[""ESTABLISHED_DIRECTIONAL_CONTEXT_RETAINED"",""OBSERVATION_PROPOSAL_MATCHED_CURRENT"",""OBSERVATION_STATE_ORDERLY_UPTREND"",""OBJECTIVE_ACCEPTED_RANGE_GEOMETRY_PRESENT"",""OBJECTIVE_TREND_PROTECTION_GEOMETRY_PRESENT""],""structural_failure_confirmed"":false,""symbol"":""ABB"",""trading_day"":""2026-08-03"",""trend_direction"":""UP"",""trend_protection_level"":7407.0,""trend_protection_source"":""CONFIRMED_RECOMPRESSION_BOX"",""trend_protection_time"":""2026-08-03T11:27:00+05:30""}","{""continuation_failure_seen"":false,""continuation_failure_time"":null,""current_state"":""REVERSAL_LEG"",""direction"":""DOWN"",""episode_id"":""DIR:ABB:2026-08-03:003:DOWN:113900"",""extreme_price"":7427.0,""extreme_time"":""2026-08-03T11:48:00+05:30"",""first_adverse_bar_close"":null,""first_adverse_bar_level"":null,""first_adverse_bar_time"":null,""origin_event_id"":""DIR:ABB:2026-08-03:002:UP:110000:DIRECTIONAL_REVERSAL_CONFIRMED:113900"",""origin_price"":7447.0,""origin_source"":""REVERSAL_EVENT_HANDOFF"",""parent_episode_id"":""DIR:ABB:2026-08-03:002:UP:110000"",""previous_state"":""REVERSAL_LEG"",""protection_level"":null,""protection_source"":"""",""reason_codes"":[""REVERSAL_LEG_FAILURE_PROGRESS""],""rejection_seen"":false,""reversal_confirmation_breach_closes"":0,""reversal_confirmation_level"":7451.0,""reversal_confirmation_level_time"":""2026-08-03T11:33:00+05:30"",""reversal_confirmation_source"":""EPISODE_PRICE_ACTION_FIRST_ADVERSE_BAR:BAR_LOW"",""reversal_leg_failure_closes"":1,""reversal_leg_progress_atr"":0.0,""reversal_leg_progress_bars"":0,""started_at"":""2026-08-03T11:39:00+05:30"",""state_age_bars"":5,""state_started_at"":""2026-08-03T11:39:00+05:30""}","{""attempt_limit_reached"":false,""candidate_bar_expansion_count"":0,""candidate_high"":7433.0,""candidate_last_valid_at"":""2026-08-03T11:48:00+05:30"",""candidate_low"":7392.5,""candidate_merge_count"":0,""containment_bars"":1,""containment_ratio"":0.5,""current_state"":""FORMING"",""down_escape_attempt_count"":0,""episode_id"":""BAL:ABB:2026-08-03:003:NEUTRAL:114800"",""escape_attempt_count"":0,""escape_direction"":""UNKNOWN"",""failed_escape_count"":0,""forming_bars_observed"":2,""forming_invalid_bars"":1,""frozen_high"":null,""frozen_low"":null,""last_escape_direction"":""UNKNOWN"",""last_escape_failed_at"":null,""last_escape_started_at"":null,""marginal_excursion_bars"":0,""meaningful_escape_bars"":1,""outside_close_count"":0,""previous_state"":""FORMING"",""range_id"":null,""rearm_bars_elapsed"":0,""rearm_inside_close_count"":0,""rearm_required"":false,""reason_codes"":[""BALANCE_SOURCE_RANGE_RETAINED"",""BALANCE_FORMING_MEANINGFUL_UPSIDE_ESCAPE"",""BALANCE_FORMING_MEANINGFUL_ESCAPE_PROGRESS"",""BALANCE_FORMING_RETAINED""],""reentry_close_count"":0,""source_range_ids"":[""DYNAMIC:2026-08-03T10:54:00+05:30:2026-08-03T11:18:00+05:30""],""started_at"":""2026-08-03T11:48:00+05:30"",""state_age_bars"":2,""state_started_at"":""2026-08-03T11:48:00+05:30"",""up_escape_attempt_count"":0}","{""balance_attempt_limit_reached"":false,""balance_candidate_bar_expansion_count"":0,""balance_candidate_merge_count"":0,""balance_containment_ratio"":0.5,""balance_down_escape_attempt_count"":0,""balance_escape_attempt_count"":0,""balance_failed_escape_count"":0,""balance_forming_bars_observed"":2,""balance_forming_invalid_bars"":1,""balance_last_escape_direction"":""UNKNOWN"",""balance_last_escape_failed_at"":null,""balance_last_escape_started_at"":null,""balance_marginal_excursion_bars"":0,""balance_meaningful_escape_bars"":1,""balance_rearm_bars_elapsed"":0,""balance_rearm_inside_close_count"":0,""balance_rearm_required"":false,""balance_up_escape_attempt_count"":0,""directional_origin_event_id"":""DIR:ABB:2026-08-03:002:UP:110000:DIRECTIONAL_REVERSAL_CONFIRMED:113900"",""directional_origin_source"":""REVERSAL_EVENT_HANDOFF"",""directional_parent_episode_id"":""DIR:ABB:2026-08-03:002:UP:110000"",""directional_reversal_watch_age_bars"":0,""directional_start_candidate_bars"":0,""directional_start_candidate_side"":""UNKNOWN"",""observation_accepted_range_id"":""DYNAMIC:2026-08-03T10:54:00+05:30:2026-08-03T11:18:00+05:30"",""observation_current_leg_mature"":false,""observation_directional_bias"":""UP"",""observation_exhaustion_active"":true,""observation_state"":""ORDERLY_UPTREND""}","{""balance"":{""attempt_limit_reached"":false,""candidate_bar_expansion_count"":0,""candidate_high"":7433.0,""candidate_last_valid_at"":""2026-08-03T11:48:00+05:30"",""candidate_low"":7392.5,""candidate_merge_count"":0,""containment_bars"":1,""down_escape_attempt_count"":0,""emitted_event_ids"":[""BAL:ABB:2026-08-03:001:NEUTRAL:100600:BALANCE_COMPLETED:105400"",""BAL:ABB:2026-08-03:001:NEUTRAL:100600:BALANCE_ESCAPE_ACCEPTED:105100"",""BAL:ABB:2026-08-03:001:NEUTRAL:100600:BALANCE_ESCAPE_STARTED:104800"",""BAL:ABB:2026-08-03:001:NEUTRAL:100600:BALANCE_FORMING_STARTED:100600"",""BAL:ABB:2026-08-03:001:NEUTRAL:100600:BALANCE_LOCKED:102700"",""BAL:ABB:2026-08-03:001:NEUTRAL:100600:BALANCE_PROBABLE:101800"",""BAL:ABB:2026-08-03:002:NEUTRAL:112100:BALANCE_COMPLETED:113000"",""BAL:ABB:2026-08-03:002:NEUTRAL:112100:BALANCE_FORMING_STARTED:112100"",""BAL:ABB:2026-08-03:003:NEUTRAL:114800:BALANCE_FORMING_STARTED:114800""],""episode_id"":""BAL:ABB:2026-08-03:003:NEUTRAL:114800"",""escape_attempt_count"":0,""escape_direction"":""UNKNOWN"",""failed_escape_count"":0,""forming_bars_observed"":2,""forming_invalid_bars"":1,""frozen_high"":null,""frozen_low"":null,""last_escape_direction"":""UNKNOWN"",""last_escape_failed_at"":null,""last_escape_started_at"":null,""last_reason_codes"":[""BALANCE_SOURCE_RANGE_RETAINED"",""BALANCE_FORMING_MEANINGFUL_UPSIDE_ESCAPE"",""BALANCE_FORMING_MEANINGFUL_ESCAPE_PROGRESS"",""BALANCE_FORMING_RETAINED""],""marginal_excursion_bars"":0,""meaningful_escape_bars"":1,""outside_close_count"":0,""range_id"":null,""rearm_bars_elapsed"":0,""rearm_inside_close_count"":0,""rearm_required"":false,""reentry_close_count"":0,""sequence"":3,""source_range_ids"":[""DYNAMIC:2026-08-03T10:54:00+05:30:2026-08-03T11:18:00+05:30""],""started_at"":""2026-08-03T11:48:00+05:30"",""state"":""FORMING"",""state_age_bars"":2,""state_started_at"":""2026-08-03T11:48:00+05:30"",""up_escape_attempt_count"":0},""directional"":{""continuation_failure_progress_bars"":0,""continuation_failure_seen"":false,""continuation_failure_seen_at"":null,""direction"":""DOWN"",""emitted_event_ids"":[""DIR:ABB:2026-08-03:001:DOWN:101500:DIRECTIONAL_COMPLETED:105100"",""DIR:ABB:2026-08-03:001:DOWN:101500:DIRECTIONAL_STARTED:101500"",""DIR:ABB:2026-08-03:002:UP:110000:DIRECTIONAL_COMPLETED:113900"",""DIR:ABB:2026-08-03:002:UP:110000:DIRECTIONAL_MATURED:110300"",""DIR:ABB:2026-08-03:002:UP:110000:DIRECTIONAL_REVERSAL_CONFIRMED:113900"",""DIR:ABB:2026-08-03:002:UP:110000:DIRECTIONAL_STARTED:110000"",""DIR:ABB:2026-08-03:002:UP:110000:REVERSAL_WATCH_STARTED:110600"",""DIR:ABB:2026-08-03:003:DOWN:113900:DIRECTIONAL_REVERSAL_LEG_STARTED:113900""],""episode_id"":""DIR:ABB:2026-08-03:003:DOWN:113900"",""extreme_price"":7427.0,""extreme_time"":""2026-08-03T11:48:00+05:30"",""first_adverse_bar_close"":null,""first_adverse_bar_level"":null,""first_adverse_bar_time"":null,""inactive_bars"":0,""last_close"":7457.0,""last_observation_state"":""ORDERLY_UPTREND"",""last_observation_state_time"":""2026-08-03T11:51:00+05:30"",""last_reason_codes"":[""REVERSAL_LEG_FAILURE_PROGRESS""],""opposite_control_bars"":0,""origin_event_id"":""DIR:ABB:2026-08-03:002:UP:110000:DIRECTIONAL_REVERSAL_CONFIRMED:113900"",""origin_price"":7447.0,""origin_source"":""REVERSAL_EVENT_HANDOFF"",""parent_episode_id"":""DIR:ABB:2026-08-03:002:UP:110000"",""protection_level"":null,""protection_source"":"""",""protection_time"":null,""rejection_seen"":false,""rejection_seen_at"":null,""reversal_confirmation_breach_closes"":0,""reversal_confirmation_level"":7451.0,""reversal_confirmation_level_time"":""2026-08-03T11:33:00+05:30"",""reversal_confirmation_source"":""EPISODE_PRICE_ACTION_FIRST_ADVERSE_BAR:BAR_LOW"",""reversal_leg_failure_closes"":1,""reversal_leg_progress_atr"":0.0,""reversal_leg_progress_bars"":0,""reversal_watch_age_bars"":0,""sequence"":3,""start_candidate_bars"":0,""start_candidate_side"":""UNKNOWN"",""started_at"":""2026-08-03T11:39:00+05:30"",""state"":""REVERSAL_LEG"",""state_age_bars"":5,""state_started_at"":""2026-08-03T11:39:00+05:30"",""trend_restore_bars"":0},""evidence_history"":[{""atr"":22.83156042016672,""bar"":{""body_fraction"":0.875,""close"":7408.5,""close_position"":0.125,""direction"":""DOWN"",""high"":7415.5,""low"":7407.5,""lower_wick_fraction"":0.125,""move_atr"":-0.30659314874584837,""move_points"":-7.0,""open"":7415.5,""snapshot_time"":""2026-08-03T11:18:00+05:30"",""upper_wick_fraction"":0.0,""volume"":2694.0},""close"":7408.5,""trend"":{""ema_ref"":7362.93039930255,""ema_slow"":7371.0887041870465,""hma_order"":""BUY"",""hma_spread_atr"":3.6956913841400345}},{""atr"":21.80787753301196,""bar"":{""body_fraction"":0.4117647058823529,""close"":7415.0,""close_position"":1.0,""direction"":""UP"",""high"":7415.0,""low"":7406.5,""lower_wick_fraction"":0.5882352941176471,""move_atr"":0.1604924640053499,""move_points"":3.5,""open"":7411.5,""snapshot_time"":""2026-08-03T11:21:00+05:30"",""upper_wick_fraction"":0.0,""volume"":3101.0},""close"":7415.0,""trend"":{""ema_ref"":7363.448504782126,""ema_slow"":7371.958234797204,""hma_order"":""BUY"",""hma_spread_atr"":3.611514268297504}},{""atr"":20.82160056636825,""bar"":{""body_fraction"":0.125,""close"":7415.0,""close_position"":0.5,""direction"":""UP"",""high"":7419.0,""low"":7411.0,""lower_wick_fraction"":0.375,""move_atr"":0.048027047527519746,""move_points"":1.0,""open"":7414.0,""snapshot_time"":""2026-08-03T11:24:00+05:30"",""upper_wick_fraction"":0.5,""volume"":4322.0},""close"":7415.0,""trend"":{""ema_ref"":7363.9614549832995,""ema_slow"":7372.810546979437,""hma_order"":""BUY"",""hma_spread_atr"":3.5486433329114297}},{""atr"":22.334343383056233,""bar"":{""body_fraction"":0.8313253012048193,""close"":7450.0,""close_position"":0.8313253012048193,""direction"":""UP"",""high"":7457.0,""low"":7415.5,""lower_wick_fraction"":0.0,""move_atr"":1.5447062583524682,""move_points"":34.5,""open"":7415.5,""snapshot_time"":""2026-08-03T11:27:00+05:30"",""upper_wick_fraction"":0.1686746987951807,""volume"":15720.0},""close"":7450.0,""trend"":{""ema_ref"":7364.817559908839,""ema_slow"":7374.339050999646,""hma_order"":""BUY"",""hma_spread_atr"":3.397442622722908}},{""atr"":22.274747427123643,""bar"":{""body_fraction"":0.7441860465116279,""close"":7465.0,""close_position"":0.813953488372093,""direction"":""UP"",""high"":7469.0,""low"":7447.5,""lower_wick_fraction"":0.06976744186046512,""move_atr"":0.7183021963480056,""move_points"":16.0,""open"":7449.0,""snapshot_time"":""2026-08-03T11:30:00+05:30"",""upper_wick_fraction"":0.18604651162790695,""volume"":10628.0},""close"":7465.0,""trend"":{""ema_ref"":7365.814400108751,""ema_slow"":7376.134317316485,""hma_order"":""BUY"",""hma_spread_atr"":3.7525603249981816}},{""atr"":22.25512261090053,""bar"":{""body_fraction"":0.6136363636363636,""close"":7451.5,""close_position"":0.022727272727272728,""direction"":""DOWN"",""high"":7473.0,""low"":7451.0,""lower_wick_fraction"":0.022727272727272728,""move_atr"":-0.6066019152546802,""move_points"":-13.5,""open"":7465.0,""snapshot_time"":""2026-08-03T11:33:00+05:30"",""upper_wick_fraction"":0.3636363636363637,""volume"":9962.0},""close"":7451.5,""trend"":{""ema_ref"":7366.666993142496,""ema_slow"":7377.626707072594,""hma_order"":""BUY"",""hma_spread_atr"":4.0658622436245535}},{""atr"":21.66547099583621,""bar"":{""body_fraction"":0.10714285714285714,""close"":7453.0,""close_position"":0.5714285714285714,""direction"":""UP"",""high"":7459.0,""low"":7445.0,""lower_wick_fraction"":0.4642857142857143,""move_atr"":0.0692345899282909,""move_points"":1.5,""open"":7451.5,""snapshot_time"":""2026-08-03T11:36:00+05:30"",""upper_wick_fraction"":0.42857142857142855,""volume"":3596.0},""close"":7453.0,""trend"":{""ema_ref"":7367.526028036601,""ema_slow"":7379.119247526603,""hma_order"":""BUY"",""hma_spread_atr"":4.388034859484658}},{""atr"":20.903651638990763,""bar"":{""body_fraction"":0.3636363636363637,""close"":7447.0,""close_position"":0.2727272727272727,""direction"":""DOWN"",""high"":7455.0,""low"":7444.0,""lower_wick_fraction"":0.2727272727272727,""move_atr"":-0.19135412649811656,""move_points"":-4.0,""open"":7451.0,""snapshot_time"":""2026-08-03T11:39:00+05:30"",""upper_wick_fraction"":0.3636363636363637,""volume"":2934.0},""close"":7447.0,""trend"":{""ema_ref"":7368.316813827281,""ema_slow"":7380.463420842908,""hma_order"":""BUY"",""hma_spread_atr"":4.7234168905678295}},{""atr"":20.124819379062853,""bar"":{""body_fraction"":0.55,""close"":7449.5,""close_position"":0.75,""direction"":""UP"",""high"":7452.0,""low"":7442.0,""lower_wick_fraction"":0.2,""move_atr"":0.2732943782701476,""move_points"":5.5,""open"":7444.0,""snapshot_time"":""2026-08-03T11:42:00+05:30"",""upper_wick_fraction"":0.25,""volume"":3347.0},""close"":7449.5,""trend"":{""ema_ref"":7369.124606724523,""ema_slow"":7381.830481816316,""hma_order"":""BUY"",""hma_spread_atr"":4.957592117345721}},{""atr"":19.794475137701223,""bar"":{""body_fraction"":0.6129032258064516,""close"":7440.0,""close_position"":0.3225806451612903,""direction"":""DOWN"",""high"":7450.5,""low"":7435.0,""lower_wick_fraction"":0.3225806451612903,""move_atr"":-0.479931896850651,""move_points"":-9.5,""open"":7449.5,""snapshot_time"":""2026-08-03T11:45:00+05:30"",""upper_wick_fraction"":0.06451612903225806,""volume"":4576.0},""close"":7440.0,""trend"":{""ema_ref"":7369.829834518309,""ema_slow"":7382.982353463518,""hma_order"":""BUY"",""hma_spread_atr"":4.88222068537548}},{""atr"":19.416298342151137,""bar"":{""body_fraction"":0.5862068965517241,""close"":7431.5,""close_position"":0.3103448275862069,""direction"":""DOWN"",""high"":7441.5,""low"":7427.0,""lower_wick_fraction"":0.3103448275862069,""move_atr"":-0.4377765447468028,""move_points"":-8.5,""open"":7440.0,""snapshot_time"":""2026-08-03T11:48:00+05:30"",""upper_wick_fraction"":0.10344827586206896,""volume"":4196.0},""close"":7431.5,""trend"":{""ema_ref"":7370.443468005689,""ema_slow"":7383.943098939488,""hma_order"":""BUY"",""hma_spread_atr"":4.583525478969616}},{""atr"":19.922277031997485,""bar"":{""body_fraction"":0.9622641509433962,""close"":7457.0,""close_position"":1.0,""direction"":""UP"",""high"":7457.0,""low"":7430.5,""lower_wick_fraction"":0.03773584905660377,""move_atr"":1.2799741695712816,""move_points"":25.5,""open"":7431.5,""snapshot_time"":""2026-08-03T11:51:00+05:30"",""upper_wick_fraction"":0.0,""volume"":19542.0},""close"":7457.0,""trend"":{""ema_ref"":7371.304727030509,""ema_slow"":7385.389770247617,""hma_order"":""BUY"",""hma_spread_atr"":4.230906675429625}}],""last_observation_hash"":""6ef37bc47170e643a4bd71a97092459727f22b120d7ca5cdcb21edd97cd0cf57"",""last_snapshot_time"":""2026-08-03T11:51:00+05:30"",""observation"":{""compression_box_high"":null,""compression_box_low"":null,""compression_candidate_bars"":0,""current_state"":""ORDERLY_UPTREND"",""established_side"":""UP"",""exhaustion_active"":true,""exhaustion_age_bars"":6,""exhaustion_clear_bars"":0,""exhaustion_last_seen_at"":""2026-08-03T11:51:00+05:30"",""exhaustion_side"":""UP"",""exhaustion_started_at"":""2026-08-03T11:36:00+05:30"",""failure_breach_bars"":0,""last_close"":7457.0,""last_reason_codes"":[""ESTABLISHED_DIRECTIONAL_CONTEXT_RETAINED"",""OBSERVATION_PROPOSAL_MATCHED_CURRENT"",""OBSERVATION_STATE_ORDERLY_UPTREND""],""last_snapshot_time"":""2026-08-03T11:51:00+05:30"",""leg_age_bars"":9,""leg_anchor_price"":7407.0,""leg_anchor_time"":""2026-08-03T11:27:00+05:30"",""leg_extreme_price"":7473.0,""leg_maturity_consumed"":false,""leg_maturity_extreme_price"":null,""leg_maturity_onset_time"":null,""leg_no_progress_bars"":6,""observation_count"":53,""pending_bars"":0,""pending_state"":null,""protection_level"":7407.0,""protection_source"":""CONFIRMED_RECOMPRESSION_BOX"",""protection_time"":""2026-08-03T11:27:00+05:30"",""pullback_age_bars"":0,""pullback_candidate_bars"":0,""pullback_extreme_price"":null,""reacceleration_age_bars"":2,""recompression_age_bars"":0,""reversal_confirmation_bars"":0,""reversal_side"":""UP"",""state_age_bars"":7,""trading_day"":""2026-08-03"",""trend_anchor_price"":7355.0,""trend_candidate_bars"":7,""trend_candidate_side"":""UP"",""trend_extreme_price"":7473.0,""trend_failure_age_bars"":0,""trend_onset_time"":""2026-08-03T10:48:00+05:30""},""symbol"":""ABB"",""trading_day"":""2026-08-03""}"
restoration-v3-current-day,development,restoration-trend-control-v3,backtest-default,OK,,,,ABB,2026-08-03,2026-08-03T11:54:00+05:30,2026-08-03T11:51:00+05:30,SNAPSHOT_AUCTION_AUTHORITY_V3A,3m,True,True,7500.0,2026-08-03T11:54:00,7456.5,7511.0,7455.0,7500.0,27744.0,22.499257243997665,EXPANDING_RANGE,BUY,candidate_boundaries_or_midpoint_still_drifting,RANGE_ACCEPTED,DYNAMIC:2026-08-03T10:54:00+05:30:2026-08-03T11:18:00+05:30,7392.5,7433.0,12,ok,UP_ACCELERATING,1.5222724745341178,0.5611296347735252,OK,INCREMENTAL_PREVIOUS_SNAPSHOT,AUTOTRADES_AUCTION_ENGINE,1.1.0,,,ORDERLY_UPTREND,UP,UP,False,False,True,UP,False,False,False,7407.0,CONFIRMED_RECOMPRESSION_BOX,2026-08-03T11:27:00+05:30,DYNAMIC:2026-08-03T10:54:00+05:30:2026-08-03T11:18:00+05:30,7392.5,7433.0,False,2.654320987654321,0.5025906735751295,PRICE_ACTION,0.5864736499674692,ESTABLISHED_DIRECTIONAL_CONTEXT_RETAINED|OBSERVATION_PROPOSAL_MATCHED_CURRENT|OBSERVATION_STATE_ORDERLY_UPTREND|OBJECTIVE_ACCEPTED_RANGE_GEOMETRY_PRESENT|OBJECTIVE_TREND_PROTECTION_GEOMETRY_PRESENT,DIR:ABB:2026-08-03:003:DOWN:113900,REVERSAL_LEG,COMPLETED,DOWN,REVERSAL_EVENT_HANDOFF,DIR:ABB:2026-08-03:002:UP:110000,DIR:ABB:2026-08-03:002:UP:110000:DIRECTIONAL_REVERSAL_CONFIRMED:113900,2026-08-03T11:39:00+05:30,2026-08-03T11:54:00+05:30,1,7447.0,7427.0,2026-08-03T11:48:00+05:30,,,7451.0,EPISODE_PRICE_ACTION_FIRST_ADVERSE_BAR:BAR_LOW,2026-08-03T11:33:00+05:30,0,0.0,2,False,REVERSAL_LEG_FAILURE_PROGRESS|REVERSAL_LEG_FAILED,3,UNKNOWN,0,0,0,0,0,ORDERLY_UPTREND,2026-08-03T11:54:00+05:30,REVERSAL_LEG_FAILURE_PROGRESS|REVERSAL_LEG_FAILED,BAL:ABB:2026-08-03:003:NEUTRAL:114800,FORMING,COMPLETED,1,,7392.5,7433.0,,,UNKNOWN,0,0,0,0,False,False,BALANCE_SOURCE_RANGE_RETAINED|BALANCE_FORMING_MEANINGFUL_UPSIDE_ESCAPE|BALANCE_FORMING_MEANINGFUL_ESCAPE_PROGRESS|BALANCE_FORMING_INVALIDATED,3,BAL:ABB:2026-08-03:003:NEUTRAL:114800:BALANCE_COMPLETED:115400|DIR:ABB:2026-08-03:003:DOWN:113900:DIRECTIONAL_REVERSAL_LEG_FAILED:115400|DIR:ABB:2026-08-03:003:DOWN:113900:DIRECTIONAL_COMPLETED:115400,BALANCE_COMPLETED|DIRECTIONAL_REVERSAL_LEG_FAILED|DIRECTIONAL_COMPLETED,UNKNOWN|UP|DOWN,BAL:ABB:2026-08-03:003:NEUTRAL:114800|DIR:ABB:2026-08-03:003:DOWN:113900|DIR:ABB:2026-08-03:003:DOWN:113900,"BALANCE_COMPLETED:BALANCE_FORMING_INVALIDATED_BY_SUSTAINED_ESCAPE|DIRECTIONAL_REVERSAL_LEG_FAILED:REVERSAL_LEG_REACCEPTED_BEYOND_HANDOFF_ORIGIN,REVERSAL_LEG_FAILED_BEFORE_DIRECTION_ESTABLISHED|DIRECTIONAL_COMPLETED:FAILED_REVERSAL_LEG_COMPLETED",0,,,,,CONFLICT,CONFLICT,CONFLICT,MATCH,True,2,False,False,True,True,EPISODE_TREND_CONFLICT|EPISODE_RAW_STRUCTURE_CONFLICT|EPISODE_SLOPE_CONFLICT|FRESH_OPPOSITE_EVIDENCE,TRANSITIONAL_CONFLICT,"[""event_id='BAL:ABB:2026-08-03:003:NEUTRAL:114800:BALANCE_COMPLETED:115400' event_type=<AuctionEventType.BALANCE_COMPLETED: 'BALANCE_COMPLETED'> episode_id='BAL:ABB:2026-08-03:003:NEUTRAL:114800' symbol='ABB' trading_day=datetime.date(2026, 8, 3) event_time=datetime.datetime(2026, 8, 3, 11, 54, tzinfo=TzInfo(19800)) direction=<DirectionalBias.UNKNOWN: 'UNKNOWN'> reason_codes=('BALANCE_FORMING_INVALIDATED_BY_SUSTAINED_ESCAPE',) data={'range_id': None, 'frozen_low': None, 'frozen_high': None, 'candidate_low': 7392.5, 'candidate_high': 7433.0, 'rearm_required': False, 'containment_bars': 1, 'source_range_ids': ['DYNAMIC:2026-08-03T10:54:00+05:30:2026-08-03T11:18:00+05:30'], 'containment_ratio': 0.3333333333333333, 'rearm_bars_elapsed': 0, 'failed_escape_count': 0, 'escape_attempt_count': 0, 'attempt_limit_reached': False, 'candidate_merge_count': 0, 'forming_bars_observed': 3, 'last_escape_direction': 'UNKNOWN', 'last_escape_failed_at': None, 'last_escape_started_at': None, 'meaningful_escape_bars': 2, 'candidate_last_valid_at': '2026-08-03T11:48:00+05:30', 'marginal_excursion_bars': 0, 'up_escape_attempt_count': 0, 'rearm_inside_close_count': 0, 'down_escape_attempt_count': 0, 'candidate_bar_expansion_count': 0}"",""event_id='DIR:ABB:2026-08-03:003:DOWN:113900:DIRECTIONAL_REVERSAL_LEG_FAILED:115400' event_type=<AuctionEventType.DIRECTIONAL_REVERSAL_LEG_FAILED: 'DIRECTIONAL_REVERSAL_LEG_FAILED'> episode_id='DIR:ABB:2026-08-03:003:DOWN:113900' symbol='ABB' trading_day=datetime.date(2026, 8, 3) event_time=datetime.datetime(2026, 8, 3, 11, 54, tzinfo=TzInfo(19800)) direction=<DirectionalBias.UP: 'UP'> reason_codes=('REVERSAL_LEG_REACCEPTED_BEYOND_HANDOFF_ORIGIN', 'REVERSAL_LEG_FAILED_BEFORE_DIRECTION_ESTABLISHED') data={'origin_price': 7447.0, 'extreme_price': 7427.0, 'origin_source': 'REVERSAL_EVENT_HANDOFF', 'origin_event_id': 'DIR:ABB:2026-08-03:002:UP:110000:DIRECTIONAL_REVERSAL_CONFIRMED:113900', 'protection_level': None, 'parent_episode_id': 'DIR:ABB:2026-08-03:002:UP:110000', 'protection_source': '', 'first_adverse_bar_time': None, 'first_adverse_bar_close': None, 'first_adverse_bar_level': None, 'continuation_failure_time': None, 'reversal_leg_progress_atr': 0.0, 'reversal_leg_progress_bars': 0, 'reversal_confirmation_level': 7451.0, 'reversal_leg_failure_closes': 2, 'reversal_confirmation_source': 'EPISODE_PRICE_ACTION_FIRST_ADVERSE_BAR:BAR_LOW', 'reversal_confirmation_level_time': '2026-08-03T11:33:00+05:30'}"",""event_id='DIR:ABB:2026-08-03:003:DOWN:113900:DIRECTIONAL_COMPLETED:115400' event_type=<AuctionEventType.DIRECTIONAL_COMPLETED: 'DIRECTIONAL_COMPLETED'> episode_id='DIR:ABB:2026-08-03:003:DOWN:113900' symbol='ABB' trading_day=datetime.date(2026, 8, 3) event_time=datetime.datetime(2026, 8, 3, 11, 54, tzinfo=TzInfo(19800)) direction=<DirectionalBias.DOWN: 'DOWN'> reason_codes=('FAILED_REVERSAL_LEG_COMPLETED',) data={'origin_price': 7447.0, 'extreme_price': 7427.0, 'origin_source': 'REVERSAL_EVENT_HANDOFF', 'origin_event_id': 'DIR:ABB:2026-08-03:002:UP:110000:DIRECTIONAL_REVERSAL_CONFIRMED:113900', 'protection_level': None, 'parent_episode_id': 'DIR:ABB:2026-08-03:002:UP:110000', 'protection_source': '', 'first_adverse_bar_time': None, 'first_adverse_bar_close': None, 'first_adverse_bar_level': None, 'continuation_failure_time': None, 'reversal_leg_progress_atr': 0.0, 'reversal_leg_progress_bars': 0, 'reversal_confirmation_level': 7451.0, 'reversal_leg_failure_closes': 2, 'reversal_confirmation_source': 'EPISODE_PRICE_ACTION_FIRST_ADVERSE_BAR:BAR_LOW', 'reversal_confirmation_level_time': '2026-08-03T11:33:00+05:30'}""]",[],"{""accepted_range_breakout_eligible"":true,""accepted_range_established_at"":""2026-08-03T11:18:00+05:30"",""accepted_range_high"":7433.0,""accepted_range_id"":""DYNAMIC:2026-08-03T10:54:00+05:30:2026-08-03T11:18:00+05:30"",""accepted_range_inside"":false,""accepted_range_low"":7392.5,""accepted_range_outside_atr"":2.977876081570391,""accepted_range_position"":2.654320987654321,""accepted_range_provisional"":false,""atr"":22.499257243997665,""close"":7500.0,""current_leg_mature"":false,""directional_bias"":""UP"",""directional_efficiency"":0.5025906735751295,""directional_efficiency_source"":""PRICE_ACTION"",""exhausted_side"":""UP"",""exhaustion_active"":true,""extension_mature"":false,""failed_extreme_observed"":false,""high"":7511.0,""low"":7455.0,""observation_state"":""ORDERLY_UPTREND"",""overlap_ratio"":0.5864736499674692,""range_width_atr"":1.8000594224418034,""rejection_observed"":false,""snapshot_time"":""2026-08-03T11:54:00+05:30"",""source_reason_codes"":[""ESTABLISHED_DIRECTIONAL_CONTEXT_RETAINED"",""OBSERVATION_PROPOSAL_MATCHED_CURRENT"",""OBSERVATION_STATE_ORDERLY_UPTREND"",""OBJECTIVE_ACCEPTED_RANGE_GEOMETRY_PRESENT"",""OBJECTIVE_TREND_PROTECTION_GEOMETRY_PRESENT""],""structural_failure_confirmed"":false,""symbol"":""ABB"",""trading_day"":""2026-08-03"",""trend_direction"":""UP"",""trend_protection_level"":7407.0,""trend_protection_source"":""CONFIRMED_RECOMPRESSION_BOX"",""trend_protection_time"":""2026-08-03T11:27:00+05:30""}","{""continuation_failure_seen"":false,""continuation_failure_time"":null,""current_state"":""COMPLETED"",""direction"":""DOWN"",""episode_id"":""DIR:ABB:2026-08-03:003:DOWN:113900"",""extreme_price"":7427.0,""extreme_time"":""2026-08-03T11:48:00+05:30"",""first_adverse_bar_close"":null,""first_adverse_bar_level"":null,""first_adverse_bar_time"":null,""origin_event_id"":""DIR:ABB:2026-08-03:002:UP:110000:DIRECTIONAL_REVERSAL_CONFIRMED:113900"",""origin_price"":7447.0,""origin_source"":""REVERSAL_EVENT_HANDOFF"",""parent_episode_id"":""DIR:ABB:2026-08-03:002:UP:110000"",""previous_state"":""REVERSAL_LEG"",""protection_level"":null,""protection_source"":"""",""reason_codes"":[""REVERSAL_LEG_FAILURE_PROGRESS"",""REVERSAL_LEG_FAILED""],""rejection_seen"":false,""reversal_confirmation_breach_closes"":0,""reversal_confirmation_level"":7451.0,""reversal_confirmation_level_time"":""2026-08-03T11:33:00+05:30"",""reversal_confirmation_source"":""EPISODE_PRICE_ACTION_FIRST_ADVERSE_BAR:BAR_LOW"",""reversal_leg_failure_closes"":2,""reversal_leg_progress_atr"":0.0,""reversal_leg_progress_bars"":0,""started_at"":""2026-08-03T11:39:00+05:30"",""state_age_bars"":1,""state_started_at"":""2026-08-03T11:54:00+05:30""}","{""attempt_limit_reached"":false,""candidate_bar_expansion_count"":0,""candidate_high"":7433.0,""candidate_last_valid_at"":""2026-08-03T11:48:00+05:30"",""candidate_low"":7392.5,""candidate_merge_count"":0,""containment_bars"":1,""containment_ratio"":0.3333333333333333,""current_state"":""COMPLETED"",""down_escape_attempt_count"":0,""episode_id"":""BAL:ABB:2026-08-03:003:NEUTRAL:114800"",""escape_attempt_count"":0,""escape_direction"":""UNKNOWN"",""failed_escape_count"":0,""forming_bars_observed"":3,""forming_invalid_bars"":2,""frozen_high"":null,""frozen_low"":null,""last_escape_direction"":""UNKNOWN"",""last_escape_failed_at"":null,""last_escape_started_at"":null,""marginal_excursion_bars"":0,""meaningful_escape_bars"":2,""outside_close_count"":0,""previous_state"":""FORMING"",""range_id"":null,""rearm_bars_elapsed"":0,""rearm_inside_close_count"":0,""rearm_required"":false,""reason_codes"":[""BALANCE_SOURCE_RANGE_RETAINED"",""BALANCE_FORMING_MEANINGFUL_UPSIDE_ESCAPE"",""BALANCE_FORMING_MEANINGFUL_ESCAPE_PROGRESS"",""BALANCE_FORMING_INVALIDATED""],""reentry_close_count"":0,""source_range_ids"":[""DYNAMIC:2026-08-03T10:54:00+05:30:2026-08-03T11:18:00+05:30""],""started_at"":""2026-08-03T11:48:00+05:30"",""state_age_bars"":1,""state_started_at"":""2026-08-03T11:54:00+05:30"",""up_escape_attempt_count"":0}","{""balance_attempt_limit_reached"":false,""balance_candidate_bar_expansion_count"":0,""balance_candidate_merge_count"":0,""balance_containment_ratio"":0.3333333333333333,""balance_down_escape_attempt_count"":0,""balance_escape_attempt_count"":0,""balance_failed_escape_count"":0,""balance_forming_bars_observed"":3,""balance_forming_invalid_bars"":2,""balance_last_escape_direction"":""UNKNOWN"",""balance_last_escape_failed_at"":null,""balance_last_escape_started_at"":null,""balance_marginal_excursion_bars"":0,""balance_meaningful_escape_bars"":2,""balance_rearm_bars_elapsed"":0,""balance_rearm_inside_close_count"":0,""balance_rearm_required"":false,""balance_up_escape_attempt_count"":0,""directional_origin_event_id"":""DIR:ABB:2026-08-03:002:UP:110000:DIRECTIONAL_REVERSAL_CONFIRMED:113900"",""directional_origin_source"":""REVERSAL_EVENT_HANDOFF"",""directional_parent_episode_id"":""DIR:ABB:2026-08-03:002:UP:110000"",""directional_reversal_watch_age_bars"":0,""directional_start_candidate_bars"":0,""directional_start_candidate_side"":""UNKNOWN"",""observation_accepted_range_id"":""DYNAMIC:2026-08-03T10:54:00+05:30:2026-08-03T11:18:00+05:30"",""observation_current_leg_mature"":false,""observation_directional_bias"":""UP"",""observation_exhaustion_active"":true,""observation_state"":""ORDERLY_UPTREND""}","{""balance"":{""attempt_limit_reached"":false,""candidate_bar_expansion_count"":0,""candidate_high"":7433.0,""candidate_last_valid_at"":""2026-08-03T11:48:00+05:30"",""candidate_low"":7392.5,""candidate_merge_count"":0,""containment_bars"":1,""down_escape_attempt_count"":0,""emitted_event_ids"":[""BAL:ABB:2026-08-03:001:NEUTRAL:100600:BALANCE_COMPLETED:105400"",""BAL:ABB:2026-08-03:001:NEUTRAL:100600:BALANCE_ESCAPE_ACCEPTED:105100"",""BAL:ABB:2026-08-03:001:NEUTRAL:100600:BALANCE_ESCAPE_STARTED:104800"",""BAL:ABB:2026-08-03:001:NEUTRAL:100600:BALANCE_FORMING_STARTED:100600"",""BAL:ABB:2026-08-03:001:NEUTRAL:100600:BALANCE_LOCKED:102700"",""BAL:ABB:2026-08-03:001:NEUTRAL:100600:BALANCE_PROBABLE:101800"",""BAL:ABB:2026-08-03:002:NEUTRAL:112100:BALANCE_COMPLETED:113000"",""BAL:ABB:2026-08-03:002:NEUTRAL:112100:BALANCE_FORMING_STARTED:112100"",""BAL:ABB:2026-08-03:003:NEUTRAL:114800:BALANCE_COMPLETED:115400"",""BAL:ABB:2026-08-03:003:NEUTRAL:114800:BALANCE_FORMING_STARTED:114800""],""episode_id"":""BAL:ABB:2026-08-03:003:NEUTRAL:114800"",""escape_attempt_count"":0,""escape_direction"":""UNKNOWN"",""failed_escape_count"":0,""forming_bars_observed"":3,""forming_invalid_bars"":2,""frozen_high"":null,""frozen_low"":null,""last_escape_direction"":""UNKNOWN"",""last_escape_failed_at"":null,""last_escape_started_at"":null,""last_reason_codes"":[""BALANCE_SOURCE_RANGE_RETAINED"",""BALANCE_FORMING_MEANINGFUL_UPSIDE_ESCAPE"",""BALANCE_FORMING_MEANINGFUL_ESCAPE_PROGRESS"",""BALANCE_FORMING_INVALIDATED""],""marginal_excursion_bars"":0,""meaningful_escape_bars"":2,""outside_close_count"":0,""range_id"":null,""rearm_bars_elapsed"":0,""rearm_inside_close_count"":0,""rearm_required"":false,""reentry_close_count"":0,""sequence"":3,""source_range_ids"":[""DYNAMIC:2026-08-03T10:54:00+05:30:2026-08-03T11:18:00+05:30""],""started_at"":""2026-08-03T11:48:00+05:30"",""state"":""COMPLETED"",""state_age_bars"":1,""state_started_at"":""2026-08-03T11:54:00+05:30"",""up_escape_attempt_count"":0},""directional"":{""continuation_failure_progress_bars"":0,""continuation_failure_seen"":false,""continuation_failure_seen_at"":null,""direction"":""DOWN"",""emitted_event_ids"":[""DIR:ABB:2026-08-03:001:DOWN:101500:DIRECTIONAL_COMPLETED:105100"",""DIR:ABB:2026-08-03:001:DOWN:101500:DIRECTIONAL_STARTED:101500"",""DIR:ABB:2026-08-03:002:UP:110000:DIRECTIONAL_COMPLETED:113900"",""DIR:ABB:2026-08-03:002:UP:110000:DIRECTIONAL_MATURED:110300"",""DIR:ABB:2026-08-03:002:UP:110000:DIRECTIONAL_REVERSAL_CONFIRMED:113900"",""DIR:ABB:2026-08-03:002:UP:110000:DIRECTIONAL_STARTED:110000"",""DIR:ABB:2026-08-03:002:UP:110000:REVERSAL_WATCH_STARTED:110600"",""DIR:ABB:2026-08-03:003:DOWN:113900:DIRECTIONAL_COMPLETED:115400"",""DIR:ABB:2026-08-03:003:DOWN:113900:DIRECTIONAL_REVERSAL_LEG_FAILED:115400"",""DIR:ABB:2026-08-03:003:DOWN:113900:DIRECTIONAL_REVERSAL_LEG_STARTED:113900""],""episode_id"":""DIR:ABB:2026-08-03:003:DOWN:113900"",""extreme_price"":7427.0,""extreme_time"":""2026-08-03T11:48:00+05:30"",""first_adverse_bar_close"":null,""first_adverse_bar_level"":null,""first_adverse_bar_time"":null,""inactive_bars"":0,""last_close"":7500.0,""last_observation_state"":""ORDERLY_UPTREND"",""last_observation_state_time"":""2026-08-03T11:54:00+05:30"",""last_reason_codes"":[""REVERSAL_LEG_FAILURE_PROGRESS"",""REVERSAL_LEG_FAILED""],""opposite_control_bars"":0,""origin_event_id"":""DIR:ABB:2026-08-03:002:UP:110000:DIRECTIONAL_REVERSAL_CONFIRMED:113900"",""origin_price"":7447.0,""origin_source"":""REVERSAL_EVENT_HANDOFF"",""parent_episode_id"":""DIR:ABB:2026-08-03:002:UP:110000"",""protection_level"":null,""protection_source"":"""",""protection_time"":null,""rejection_seen"":false,""rejection_seen_at"":null,""reversal_confirmation_breach_closes"":0,""reversal_confirmation_level"":7451.0,""reversal_confirmation_level_time"":""2026-08-03T11:33:00+05:30"",""reversal_confirmation_source"":""EPISODE_PRICE_ACTION_FIRST_ADVERSE_BAR:BAR_LOW"",""reversal_leg_failure_closes"":2,""reversal_leg_progress_atr"":0.0,""reversal_leg_progress_bars"":0,""reversal_watch_age_bars"":0,""sequence"":3,""start_candidate_bars"":0,""start_candidate_side"":""UNKNOWN"",""started_at"":""2026-08-03T11:39:00+05:30"",""state"":""COMPLETED"",""state_age_bars"":1,""state_started_at"":""2026-08-03T11:54:00+05:30"",""trend_restore_bars"":0},""evidence_history"":[{""atr"":21.80787753301196,""bar"":{""body_fraction"":0.4117647058823529,""close"":7415.0,""close_position"":1.0,""direction"":""UP"",""high"":7415.0,""low"":7406.5,""lower_wick_fraction"":0.5882352941176471,""move_atr"":0.1604924640053499,""move_points"":3.5,""open"":7411.5,""snapshot_time"":""2026-08-03T11:21:00+05:30"",""upper_wick_fraction"":0.0,""volume"":3101.0},""close"":7415.0,""trend"":{""ema_ref"":7363.448504782126,""ema_slow"":7371.958234797204,""hma_order"":""BUY"",""hma_spread_atr"":3.611514268297504}},{""atr"":20.82160056636825,""bar"":{""body_fraction"":0.125,""close"":7415.0,""close_position"":0.5,""direction"":""UP"",""high"":7419.0,""low"":7411.0,""lower_wick_fraction"":0.375,""move_atr"":0.048027047527519746,""move_points"":1.0,""open"":7414.0,""snapshot_time"":""2026-08-03T11:24:00+05:30"",""upper_wick_fraction"":0.5,""volume"":4322.0},""close"":7415.0,""trend"":{""ema_ref"":7363.9614549832995,""ema_slow"":7372.810546979437,""hma_order"":""BUY"",""hma_spread_atr"":3.5486433329114297}},{""atr"":22.334343383056233,""bar"":{""body_fraction"":0.8313253012048193,""close"":7450.0,""close_position"":0.8313253012048193,""direction"":""UP"",""high"":7457.0,""low"":7415.5,""lower_wick_fraction"":0.0,""move_atr"":1.5447062583524682,""move_points"":34.5,""open"":7415.5,""snapshot_time"":""2026-08-03T11:27:00+05:30"",""upper_wick_fraction"":0.1686746987951807,""volume"":15720.0},""close"":7450.0,""trend"":{""ema_ref"":7364.817559908839,""ema_slow"":7374.339050999646,""hma_order"":""BUY"",""hma_spread_atr"":3.397442622722908}},{""atr"":22.274747427123643,""bar"":{""body_fraction"":0.7441860465116279,""close"":7465.0,""close_position"":0.813953488372093,""direction"":""UP"",""high"":7469.0,""low"":7447.5,""lower_wick_fraction"":0.06976744186046512,""move_atr"":0.7183021963480056,""move_points"":16.0,""open"":7449.0,""snapshot_time"":""2026-08-03T11:30:00+05:30"",""upper_wick_fraction"":0.18604651162790695,""volume"":10628.0},""close"":7465.0,""trend"":{""ema_ref"":7365.814400108751,""ema_slow"":7376.134317316485,""hma_order"":""BUY"",""hma_spread_atr"":3.7525603249981816}},{""atr"":22.25512261090053,""bar"":{""body_fraction"":0.6136363636363636,""close"":7451.5,""close_position"":0.022727272727272728,""direction"":""DOWN"",""high"":7473.0,""low"":7451.0,""lower_wick_fraction"":0.022727272727272728,""move_atr"":-0.6066019152546802,""move_points"":-13.5,""open"":7465.0,""snapshot_time"":""2026-08-03T11:33:00+05:30"",""upper_wick_fraction"":0.3636363636363637,""volume"":9962.0},""close"":7451.5,""trend"":{""ema_ref"":7366.666993142496,""ema_slow"":7377.626707072594,""hma_order"":""BUY"",""hma_spread_atr"":4.0658622436245535}},{""atr"":21.66547099583621,""bar"":{""body_fraction"":0.10714285714285714,""close"":7453.0,""close_position"":0.5714285714285714,""direction"":""UP"",""high"":7459.0,""low"":7445.0,""lower_wick_fraction"":0.4642857142857143,""move_atr"":0.0692345899282909,""move_points"":1.5,""open"":7451.5,""snapshot_time"":""2026-08-03T11:36:00+05:30"",""upper_wick_fraction"":0.42857142857142855,""volume"":3596.0},""close"":7453.0,""trend"":{""ema_ref"":7367.526028036601,""ema_slow"":7379.119247526603,""hma_order"":""BUY"",""hma_spread_atr"":4.388034859484658}},{""atr"":20.903651638990763,""bar"":{""body_fraction"":0.3636363636363637,""close"":7447.0,""close_position"":0.2727272727272727,""direction"":""DOWN"",""high"":7455.0,""low"":7444.0,""lower_wick_fraction"":0.2727272727272727,""move_atr"":-0.19135412649811656,""move_points"":-4.0,""open"":7451.0,""snapshot_time"":""2026-08-03T11:39:00+05:30"",""upper_wick_fraction"":0.3636363636363637,""volume"":2934.0},""close"":7447.0,""trend"":{""ema_ref"":7368.316813827281,""ema_slow"":7380.463420842908,""hma_order"":""BUY"",""hma_spread_atr"":4.7234168905678295}},{""atr"":20.124819379062853,""bar"":{""body_fraction"":0.55,""close"":7449.5,""close_position"":0.75,""direction"":""UP"",""high"":7452.0,""low"":7442.0,""lower_wick_fraction"":0.2,""move_atr"":0.2732943782701476,""move_points"":5.5,""open"":7444.0,""snapshot_time"":""2026-08-03T11:42:00+05:30"",""upper_wick_fraction"":0.25,""volume"":3347.0},""close"":7449.5,""trend"":{""ema_ref"":7369.124606724523,""ema_slow"":7381.830481816316,""hma_order"":""BUY"",""hma_spread_atr"":4.957592117345721}},{""atr"":19.794475137701223,""bar"":{""body_fraction"":0.6129032258064516,""close"":7440.0,""close_position"":0.3225806451612903,""direction"":""DOWN"",""high"":7450.5,""low"":7435.0,""lower_wick_fraction"":0.3225806451612903,""move_atr"":-0.479931896850651,""move_points"":-9.5,""open"":7449.5,""snapshot_time"":""2026-08-03T11:45:00+05:30"",""upper_wick_fraction"":0.06451612903225806,""volume"":4576.0},""close"":7440.0,""trend"":{""ema_ref"":7369.829834518309,""ema_slow"":7382.982353463518,""hma_order"":""BUY"",""hma_spread_atr"":4.88222068537548}},{""atr"":19.416298342151137,""bar"":{""body_fraction"":0.5862068965517241,""close"":7431.5,""close_position"":0.3103448275862069,""direction"":""DOWN"",""high"":7441.5,""low"":7427.0,""lower_wick_fraction"":0.3103448275862069,""move_atr"":-0.4377765447468028,""move_points"":-8.5,""open"":7440.0,""snapshot_time"":""2026-08-03T11:48:00+05:30"",""upper_wick_fraction"":0.10344827586206896,""volume"":4196.0},""close"":7431.5,""trend"":{""ema_ref"":7370.443468005689,""ema_slow"":7383.943098939488,""hma_order"":""BUY"",""hma_spread_atr"":4.583525478969616}},{""atr"":19.922277031997485,""bar"":{""body_fraction"":0.9622641509433962,""close"":7457.0,""close_position"":1.0,""direction"":""UP"",""high"":7457.0,""low"":7430.5,""lower_wick_fraction"":0.03773584905660377,""move_atr"":1.2799741695712816,""move_points"":25.5,""open"":7431.5,""snapshot_time"":""2026-08-03T11:51:00+05:30"",""upper_wick_fraction"":0.0,""volume"":19542.0},""close"":7457.0,""trend"":{""ema_ref"":7371.304727030509,""ema_slow"":7385.389770247617,""hma_order"":""BUY"",""hma_spread_atr"":4.230906675429625}},{""atr"":22.499257243997665,""bar"":{""body_fraction"":0.7767857142857143,""close"":7500.0,""close_position"":0.8035714285714286,""direction"":""UP"",""high"":7511.0,""low"":7455.0,""lower_wick_fraction"":0.026785714285714284,""move_atr"":1.9333971574374929,""move_points"":43.5,""open"":7456.5,""snapshot_time"":""2026-08-03T11:54:00+05:30"",""upper_wick_fraction"":0.19642857142857145,""volume"":27744.0},""close"":7500.0,""trend"":{""ema_ref"":7372.585277010306,""ema_slow"":7387.659279747664,""hma_order"":""BUY"",""hma_spread_atr"":4.037827844863514}}],""last_observation_hash"":""770d022ad7f491523c739e45b9447671f6fe9ebee2acecf5a8bcf6aa04e4646f"",""last_snapshot_time"":""2026-08-03T11:54:00+05:30"",""observation"":{""compression_box_high"":null,""compression_box_low"":null,""compression_candidate_bars"":0,""current_state"":""ORDERLY_UPTREND"",""established_side"":""UP"",""exhaustion_active"":true,""exhaustion_age_bars"":7,""exhaustion_clear_bars"":0,""exhaustion_last_seen_at"":""2026-08-03T11:51:00+05:30"",""exhaustion_side"":""UP"",""exhaustion_started_at"":""2026-08-03T11:36:00+05:30"",""failure_breach_bars"":0,""last_close"":7500.0,""last_reason_codes"":[""ESTABLISHED_DIRECTIONAL_CONTEXT_RETAINED"",""OBSERVATION_PROPOSAL_MATCHED_CURRENT"",""OBSERVATION_STATE_ORDERLY_UPTREND""],""last_snapshot_time"":""2026-08-03T11:54:00+05:30"",""leg_age_bars"":10,""leg_anchor_price"":7407.0,""leg_anchor_time"":""2026-08-03T11:27:00+05:30"",""leg_extreme_price"":7511.0,""leg_maturity_consumed"":false,""leg_maturity_extreme_price"":null,""leg_maturity_onset_time"":null,""leg_no_progress_bars"":0,""observation_count"":54,""pending_bars"":0,""pending_state"":null,""protection_level"":7407.0,""protection_source"":""CONFIRMED_RECOMPRESSION_BOX"",""protection_time"":""2026-08-03T11:27:00+05:30"",""pullback_age_bars"":0,""pullback_candidate_bars"":0,""pullback_extreme_price"":null,""reacceleration_age_bars"":2,""recompression_age_bars"":0,""reversal_confirmation_bars"":0,""reversal_side"":""UP"",""state_age_bars"":8,""trading_day"":""2026-08-03"",""trend_anchor_price"":7355.0,""trend_candidate_bars"":8,""trend_candidate_side"":""UP"",""trend_extreme_price"":7511.0,""trend_failure_age_bars"":0,""trend_onset_time"":""2026-08-03T10:48:00+05:30""},""symbol"":""ABB"",""trading_day"":""2026-08-03""}"
restoration-v3-current-day,development,restoration-trend-control-v3,backtest-default,OK,,,,ABB,2026-08-03,2026-08-03T11:57:00+05:30,2026-08-03T11:54:00+05:30,SNAPSHOT_AUCTION_AUTHORITY_V3A,3m,True,True,7569.0,2026-08-03T11:57:00,7502.0,7580.0,7500.0,7569.0,48810.0,26.60645315514069,EXPANDING_RANGE,BUY,candidate_boundaries_or_midpoint_still_drifting,RANGE_ACCEPTED,DYNAMIC:2026-08-03T10:54:00+05:30:2026-08-03T11:18:00+05:30,7392.5,7433.0,13,ok,UP_ACCELERATING,2.104752545311742,1.21211195689828,OK,INCREMENTAL_PREVIOUS_SNAPSHOT,AUTOTRADES_AUCTION_ENGINE,1.1.0,,,ORDERLY_UPTREND,UP,UP,False,False,False,UNKNOWN,False,False,False,7407.0,CONFIRMED_RECOMPRESSION_BOX,2026-08-03T11:27:00+05:30,DYNAMIC:2026-08-03T10:54:00+05:30:2026-08-03T11:18:00+05:30,7392.5,7433.0,False,4.3580246913580245,0.7073170731707317,PRICE_ACTION,0.4657593642531833,ESTABLISHED_DIRECTIONAL_CONTEXT_RETAINED|OBSERVATION_PROPOSAL_MATCHED_CURRENT|OBSERVATION_STATE_ORDERLY_UPTREND|OBJECTIVE_ACCEPTED_RANGE_GEOMETRY_PRESENT|OBJECTIVE_TREND_PROTECTION_GEOMETRY_PRESENT,,COMPLETED,NONE,UNKNOWN,NONE,,,,,0,,,,,,,,,0,0.0,0,False,DIRECTIONAL_START_CANDIDATE_PROGRESS,3,UP,1,0,0,0,0,ORDERLY_UPTREND,2026-08-03T11:57:00+05:30,DIRECTIONAL_START_CANDIDATE_PROGRESS,,COMPLETED,NONE,0,,,,,,UNKNOWN,0,0,0,0,False,False,NO_QUALIFIED_ACCEPTED_RANGE,0,,,,,,0,,,,,UNASSESSABLE,UNASSESSABLE,UNASSESSABLE,MATCH,False,0,True,True,True,True,,COHERENT,[],[],"{""accepted_range_breakout_eligible"":true,""accepted_range_established_at"":""2026-08-03T11:18:00+05:30"",""accepted_range_high"":7433.0,""accepted_range_id"":""DYNAMIC:2026-08-03T10:54:00+05:30:2026-08-03T11:18:00+05:30"",""accepted_range_inside"":false,""accepted_range_low"":7392.5,""accepted_range_outside_atr"":5.111541895757088,""accepted_range_position"":4.3580246913580245,""accepted_range_provisional"":false,""atr"":26.60645315514069,""close"":7569.0,""current_leg_mature"":false,""directional_bias"":""UP"",""directional_efficiency"":0.7073170731707317,""directional_efficiency_source"":""PRICE_ACTION"",""exhausted_side"":""UNKNOWN"",""exhaustion_active"":false,""extension_mature"":false,""failed_extreme_observed"":false,""high"":7580.0,""low"":7500.0,""observation_state"":""ORDERLY_UPTREND"",""overlap_ratio"":0.4657593642531833,""range_width_atr"":1.5221871086629564,""rejection_observed"":false,""snapshot_time"":""2026-08-03T11:57:00+05:30"",""source_reason_codes"":[""ESTABLISHED_DIRECTIONAL_CONTEXT_RETAINED"",""OBSERVATION_PROPOSAL_MATCHED_CURRENT"",""OBSERVATION_STATE_ORDERLY_UPTREND"",""OBJECTIVE_ACCEPTED_RANGE_GEOMETRY_PRESENT"",""OBJECTIVE_TREND_PROTECTION_GEOMETRY_PRESENT""],""structural_failure_confirmed"":false,""symbol"":""ABB"",""trading_day"":""2026-08-03"",""trend_direction"":""UP"",""trend_protection_level"":7407.0,""trend_protection_source"":""CONFIRMED_RECOMPRESSION_BOX"",""trend_protection_time"":""2026-08-03T11:27:00+05:30""}","{""continuation_failure_seen"":false,""continuation_failure_time"":null,""current_state"":""NONE"",""direction"":""UNKNOWN"",""episode_id"":null,""extreme_price"":null,""extreme_time"":null,""first_adverse_bar_close"":null,""first_adverse_bar_level"":null,""first_adverse_bar_time"":null,""origin_event_id"":null,""origin_price"":null,""origin_source"":""NONE"",""parent_episode_id"":null,""previous_state"":""COMPLETED"",""protection_level"":null,""protection_source"":"""",""reason_codes"":[""DIRECTIONAL_START_CANDIDATE_PROGRESS""],""rejection_seen"":false,""reversal_confirmation_breach_closes"":0,""reversal_confirmation_level"":null,""reversal_confirmation_level_time"":null,""reversal_confirmation_source"":"""",""reversal_leg_failure_closes"":0,""reversal_leg_progress_atr"":0.0,""reversal_leg_progress_bars"":0,""started_at"":null,""state_age_bars"":0,""state_started_at"":null}","{""attempt_limit_reached"":false,""candidate_bar_expansion_count"":0,""candidate_high"":null,""candidate_last_valid_at"":null,""candidate_low"":null,""candidate_merge_count"":0,""containment_bars"":0,""containment_ratio"":0.0,""current_state"":""NONE"",""down_escape_attempt_count"":0,""episode_id"":null,""escape_attempt_count"":0,""escape_direction"":""UNKNOWN"",""failed_escape_count"":0,""forming_bars_observed"":0,""forming_invalid_bars"":0,""frozen_high"":null,""frozen_low"":null,""last_escape_direction"":""UNKNOWN"",""last_escape_failed_at"":null,""last_escape_started_at"":null,""marginal_excursion_bars"":0,""meaningful_escape_bars"":0,""outside_close_count"":0,""previous_state"":""COMPLETED"",""range_id"":null,""rearm_bars_elapsed"":0,""rearm_inside_close_count"":0,""rearm_required"":false,""reason_codes"":[""NO_QUALIFIED_ACCEPTED_RANGE""],""reentry_close_count"":0,""source_range_ids"":[],""started_at"":null,""state_age_bars"":0,""state_started_at"":null,""up_escape_attempt_count"":0}","{""balance_attempt_limit_reached"":false,""balance_candidate_bar_expansion_count"":0,""balance_candidate_merge_count"":0,""balance_containment_ratio"":0.0,""balance_down_escape_attempt_count"":0,""balance_escape_attempt_count"":0,""balance_failed_escape_count"":0,""balance_forming_bars_observed"":0,""balance_forming_invalid_bars"":0,""balance_last_escape_direction"":""UNKNOWN"",""balance_last_escape_failed_at"":null,""balance_last_escape_started_at"":null,""balance_marginal_excursion_bars"":0,""balance_meaningful_escape_bars"":0,""balance_rearm_bars_elapsed"":0,""balance_rearm_inside_close_count"":0,""balance_rearm_required"":false,""balance_up_escape_attempt_count"":0,""directional_origin_event_id"":null,""directional_origin_source"":""NONE"",""directional_parent_episode_id"":null,""directional_reversal_watch_age_bars"":0,""directional_start_candidate_bars"":1,""directional_start_candidate_side"":""UP"",""observation_accepted_range_id"":""DYNAMIC:2026-08-03T10:54:00+05:30:2026-08-03T11:18:00+05:30"",""observation_current_leg_mature"":false,""observation_directional_bias"":""UP"",""observation_exhaustion_active"":false,""observation_state"":""ORDERLY_UPTREND""}","{""balance"":{""attempt_limit_reached"":false,""candidate_bar_expansion_count"":0,""candidate_high"":null,""candidate_last_valid_at"":null,""candidate_low"":null,""candidate_merge_count"":0,""containment_bars"":0,""down_escape_attempt_count"":0,""emitted_event_ids"":[""BAL:ABB:2026-08-03:001:NEUTRAL:100600:BALANCE_COMPLETED:105400"",""BAL:ABB:2026-08-03:001:NEUTRAL:100600:BALANCE_ESCAPE_ACCEPTED:105100"",""BAL:ABB:2026-08-03:001:NEUTRAL:100600:BALANCE_ESCAPE_STARTED:104800"",""BAL:ABB:2026-08-03:001:NEUTRAL:100600:BALANCE_FORMING_STARTED:100600"",""BAL:ABB:2026-08-03:001:NEUTRAL:100600:BALANCE_LOCKED:102700"",""BAL:ABB:2026-08-03:001:NEUTRAL:100600:BALANCE_PROBABLE:101800"",""BAL:ABB:2026-08-03:002:NEUTRAL:112100:BALANCE_COMPLETED:113000"",""BAL:ABB:2026-08-03:002:NEUTRAL:112100:BALANCE_FORMING_STARTED:112100"",""BAL:ABB:2026-08-03:003:NEUTRAL:114800:BALANCE_COMPLETED:115400"",""BAL:ABB:2026-08-03:003:NEUTRAL:114800:BALANCE_FORMING_STARTED:114800""],""episode_id"":null,""escape_attempt_count"":0,""escape_direction"":""UNKNOWN"",""failed_escape_count"":0,""forming_bars_observed"":0,""forming_invalid_bars"":0,""frozen_high"":null,""frozen_low"":null,""last_escape_direction"":""UNKNOWN"",""last_escape_failed_at"":null,""last_escape_started_at"":null,""last_reason_codes"":[""NO_QUALIFIED_ACCEPTED_RANGE""],""marginal_excursion_bars"":0,""meaningful_escape_bars"":0,""outside_close_count"":0,""range_id"":null,""rearm_bars_elapsed"":0,""rearm_inside_close_count"":0,""rearm_required"":false,""reentry_close_count"":0,""sequence"":3,""source_range_ids"":[],""started_at"":null,""state"":""NONE"",""state_age_bars"":0,""state_started_at"":null,""up_escape_attempt_count"":0},""directional"":{""continuation_failure_progress_bars"":0,""continuation_failure_seen"":false,""continuation_failure_seen_at"":null,""direction"":""UNKNOWN"",""emitted_event_ids"":[""DIR:ABB:2026-08-03:001:DOWN:101500:DIRECTIONAL_COMPLETED:105100"",""DIR:ABB:2026-08-03:001:DOWN:101500:DIRECTIONAL_STARTED:101500"",""DIR:ABB:2026-08-03:002:UP:110000:DIRECTIONAL_COMPLETED:113900"",""DIR:ABB:2026-08-03:002:UP:110000:DIRECTIONAL_MATURED:110300"",""DIR:ABB:2026-08-03:002:UP:110000:DIRECTIONAL_REVERSAL_CONFIRMED:113900"",""DIR:ABB:2026-08-03:002:UP:110000:DIRECTIONAL_STARTED:110000"",""DIR:ABB:2026-08-03:002:UP:110000:REVERSAL_WATCH_STARTED:110600"",""DIR:ABB:2026-08-03:003:DOWN:113900:DIRECTIONAL_COMPLETED:115400"",""DIR:ABB:2026-08-03:003:DOWN:113900:DIRECTIONAL_REVERSAL_LEG_FAILED:115400"",""DIR:ABB:2026-08-03:003:DOWN:113900:DIRECTIONAL_REVERSAL_LEG_STARTED:113900""],""episode_id"":null,""extreme_price"":null,""extreme_time"":null,""first_adverse_bar_close"":null,""first_adverse_bar_level"":null,""first_adverse_bar_time"":null,""inactive_bars"":0,""last_close"":7569.0,""last_observation_state"":""ORDERLY_UPTREND"",""last_observation_state_time"":""2026-08-03T11:57:00+05:30"",""last_reason_codes"":[""DIRECTIONAL_START_CANDIDATE_PROGRESS""],""opposite_control_bars"":0,""origin_event_id"":null,""origin_price"":null,""origin_source"":""NONE"",""parent_episode_id"":null,""protection_level"":null,""protection_source"":"""",""protection_time"":null,""rejection_seen"":false,""rejection_seen_at"":null,""reversal_confirmation_breach_closes"":0,""reversal_confirmation_level"":null,""reversal_confirmation_level_time"":null,""reversal_confirmation_source"":"""",""reversal_leg_failure_closes"":0,""reversal_leg_progress_atr"":0.0,""reversal_leg_progress_bars"":0,""reversal_watch_age_bars"":0,""sequence"":3,""start_candidate_bars"":1,""start_candidate_side"":""UP"",""started_at"":null,""state"":""NONE"",""state_age_bars"":0,""state_started_at"":null,""trend_restore_bars"":0},""evidence_history"":[{""atr"":20.82160056636825,""bar"":{""body_fraction"":0.125,""close"":7415.0,""close_position"":0.5,""direction"":""UP"",""high"":7419.0,""low"":7411.0,""lower_wick_fraction"":0.375,""move_atr"":0.048027047527519746,""move_points"":1.0,""open"":7414.0,""snapshot_time"":""2026-08-03T11:24:00+05:30"",""upper_wick_fraction"":0.5,""volume"":4322.0},""close"":7415.0,""trend"":{""ema_ref"":7363.9614549832995,""ema_slow"":7372.810546979437,""hma_order"":""BUY"",""hma_spread_atr"":3.5486433329114297}},{""atr"":22.334343383056233,""bar"":{""body_fraction"":0.8313253012048193,""close"":7450.0,""close_position"":0.8313253012048193,""direction"":""UP"",""high"":7457.0,""low"":7415.5,""lower_wick_fraction"":0.0,""move_atr"":1.5447062583524682,""move_points"":34.5,""open"":7415.5,""snapshot_time"":""2026-08-03T11:27:00+05:30"",""upper_wick_fraction"":0.1686746987951807,""volume"":15720.0},""close"":7450.0,""trend"":{""ema_ref"":7364.817559908839,""ema_slow"":7374.339050999646,""hma_order"":""BUY"",""hma_spread_atr"":3.397442622722908}},{""atr"":22.274747427123643,""bar"":{""body_fraction"":0.7441860465116279,""close"":7465.0,""close_position"":0.813953488372093,""direction"":""UP"",""high"":7469.0,""low"":7447.5,""lower_wick_fraction"":0.06976744186046512,""move_atr"":0.7183021963480056,""move_points"":16.0,""open"":7449.0,""snapshot_time"":""2026-08-03T11:30:00+05:30"",""upper_wick_fraction"":0.18604651162790695,""volume"":10628.0},""close"":7465.0,""trend"":{""ema_ref"":7365.814400108751,""ema_slow"":7376.134317316485,""hma_order"":""BUY"",""hma_spread_atr"":3.7525603249981816}},{""atr"":22.25512261090053,""bar"":{""body_fraction"":0.6136363636363636,""close"":7451.5,""close_position"":0.022727272727272728,""direction"":""DOWN"",""high"":7473.0,""low"":7451.0,""lower_wick_fraction"":0.022727272727272728,""move_atr"":-0.6066019152546802,""move_points"":-13.5,""open"":7465.0,""snapshot_time"":""2026-08-03T11:33:00+05:30"",""upper_wick_fraction"":0.3636363636363637,""volume"":9962.0},""close"":7451.5,""trend"":{""ema_ref"":7366.666993142496,""ema_slow"":7377.626707072594,""hma_order"":""BUY"",""hma_spread_atr"":4.0658622436245535}},{""atr"":21.66547099583621,""bar"":{""body_fraction"":0.10714285714285714,""close"":7453.0,""close_position"":0.5714285714285714,""direction"":""UP"",""high"":7459.0,""low"":7445.0,""lower_wick_fraction"":0.4642857142857143,""move_atr"":0.0692345899282909,""move_points"":1.5,""open"":7451.5,""snapshot_time"":""2026-08-03T11:36:00+05:30"",""upper_wick_fraction"":0.42857142857142855,""volume"":3596.0},""close"":7453.0,""trend"":{""ema_ref"":7367.526028036601,""ema_slow"":7379.119247526603,""hma_order"":""BUY"",""hma_spread_atr"":4.388034859484658}},{""atr"":20.903651638990763,""bar"":{""body_fraction"":0.3636363636363637,""close"":7447.0,""close_position"":0.2727272727272727,""direction"":""DOWN"",""high"":7455.0,""low"":7444.0,""lower_wick_fraction"":0.2727272727272727,""move_atr"":-0.19135412649811656,""move_points"":-4.0,""open"":7451.0,""snapshot_time"":""2026-08-03T11:39:00+05:30"",""upper_wick_fraction"":0.3636363636363637,""volume"":2934.0},""close"":7447.0,""trend"":{""ema_ref"":7368.316813827281,""ema_slow"":7380.463420842908,""hma_order"":""BUY"",""hma_spread_atr"":4.7234168905678295}},{""atr"":20.124819379062853,""bar"":{""body_fraction"":0.55,""close"":7449.5,""close_position"":0.75,""direction"":""UP"",""high"":7452.0,""low"":7442.0,""lower_wick_fraction"":0.2,""move_atr"":0.2732943782701476,""move_points"":5.5,""open"":7444.0,""snapshot_time"":""2026-08-03T11:42:00+05:30"",""upper_wick_fraction"":0.25,""volume"":3347.0},""close"":7449.5,""trend"":{""ema_ref"":7369.124606724523,""ema_slow"":7381.830481816316,""hma_order"":""BUY"",""hma_spread_atr"":4.957592117345721}},{""atr"":19.794475137701223,""bar"":{""body_fraction"":0.6129032258064516,""close"":7440.0,""close_position"":0.3225806451612903,""direction"":""DOWN"",""high"":7450.5,""low"":7435.0,""lower_wick_fraction"":0.3225806451612903,""move_atr"":-0.479931896850651,""move_points"":-9.5,""open"":7449.5,""snapshot_time"":""2026-08-03T11:45:00+05:30"",""upper_wick_fraction"":0.06451612903225806,""volume"":4576.0},""close"":7440.0,""trend"":{""ema_ref"":7369.829834518309,""ema_slow"":7382.982353463518,""hma_order"":""BUY"",""hma_spread_atr"":4.88222068537548}},{""atr"":19.416298342151137,""bar"":{""body_fraction"":0.5862068965517241,""close"":7431.5,""close_position"":0.3103448275862069,""direction"":""DOWN"",""high"":7441.5,""low"":7427.0,""lower_wick_fraction"":0.3103448275862069,""move_atr"":-0.4377765447468028,""move_points"":-8.5,""open"":7440.0,""snapshot_time"":""2026-08-03T11:48:00+05:30"",""upper_wick_fraction"":0.10344827586206896,""volume"":4196.0},""close"":7431.5,""trend"":{""ema_ref"":7370.443468005689,""ema_slow"":7383.943098939488,""hma_order"":""BUY"",""hma_spread_atr"":4.583525478969616}},{""atr"":19.922277031997485,""bar"":{""body_fraction"":0.9622641509433962,""close"":7457.0,""close_position"":1.0,""direction"":""UP"",""high"":7457.0,""low"":7430.5,""lower_wick_fraction"":0.03773584905660377,""move_atr"":1.2799741695712816,""move_points"":25.5,""open"":7431.5,""snapshot_time"":""2026-08-03T11:51:00+05:30"",""upper_wick_fraction"":0.0,""volume"":19542.0},""close"":7457.0,""trend"":{""ema_ref"":7371.304727030509,""ema_slow"":7385.389770247617,""hma_order"":""BUY"",""hma_spread_atr"":4.230906675429625}},{""atr"":22.499257243997665,""bar"":{""body_fraction"":0.7767857142857143,""close"":7500.0,""close_position"":0.8035714285714286,""direction"":""UP"",""high"":7511.0,""low"":7455.0,""lower_wick_fraction"":0.026785714285714284,""move_atr"":1.9333971574374929,""move_points"":43.5,""open"":7456.5,""snapshot_time"":""2026-08-03T11:54:00+05:30"",""upper_wick_fraction"":0.19642857142857145,""volume"":27744.0},""close"":7500.0,""trend"":{""ema_ref"":7372.585277010306,""ema_slow"":7387.659279747664,""hma_order"":""BUY"",""hma_spread_atr"":4.037827844863514}},{""atr"":26.60645315514069,""bar"":{""body_fraction"":0.8375,""close"":7569.0,""close_position"":0.8625,""direction"":""UP"",""high"":7580.0,""low"":7500.0,""lower_wick_fraction"":0.025,""move_atr"":2.5181860809979772,""move_points"":67.0,""open"":7502.0,""snapshot_time"":""2026-08-03T11:57:00+05:30"",""upper_wick_fraction"":0.1375,""volume"":48810.0},""close"":7569.0,""trend"":{""ema_ref"":7374.539652363437,""ema_slow"":7391.250185099196,""hma_order"":""BUY"",""hma_spread_atr"":4.364533684758084}}],""last_observation_hash"":""b4b7048e5832ab5eaf3dd9e54d57c4a89830519a60f8e824a030f38a4cdf41b2"",""last_snapshot_time"":""2026-08-03T11:57:00+05:30"",""observation"":{""compression_box_high"":null,""compression_box_low"":null,""compression_candidate_bars"":0,""current_state"":""ORDERLY_UPTREND"",""established_side"":""UP"",""exhaustion_active"":false,""exhaustion_age_bars"":0,""exhaustion_clear_bars"":0,""exhaustion_last_seen_at"":null,""exhaustion_side"":""UNKNOWN"",""exhaustion_started_at"":null,""failure_breach_bars"":0,""last_close"":7569.0,""last_reason_codes"":[""ESTABLISHED_DIRECTIONAL_CONTEXT_RETAINED"",""OBSERVATION_PROPOSAL_MATCHED_CURRENT"",""OBSERVATION_STATE_ORDERLY_UPTREND""],""last_snapshot_time"":""2026-08-03T11:57:00+05:30"",""leg_age_bars"":11,""leg_anchor_price"":7407.0,""leg_anchor_time"":""2026-08-03T11:27:00+05:30"",""leg_extreme_price"":7580.0,""leg_maturity_consumed"":false,""leg_maturity_extreme_price"":null,""leg_maturity_onset_time"":null,""leg_no_progress_bars"":0,""observation_count"":55,""pending_bars"":0,""pending_state"":null,""protection_level"":7407.0,""protection_source"":""CONFIRMED_RECOMPRESSION_BOX"",""protection_time"":""2026-08-03T11:27:00+05:30"",""pullback_age_bars"":0,""pullback_candidate_bars"":0,""pullback_extreme_price"":null,""reacceleration_age_bars"":2,""recompression_age_bars"":0,""reversal_confirmation_bars"":0,""reversal_side"":""UP"",""state_age_bars"":9,""trading_day"":""2026-08-03"",""trend_anchor_price"":7355.0,""trend_candidate_bars"":9,""trend_candidate_side"":""UP"",""trend_extreme_price"":7580.0,""trend_failure_age_bars"":0,""trend_onset_time"":""2026-08-03T10:48:00+05:30""},""symbol"":""ABB"",""trading_day"":""2026-08-03""}"
restoration-v3-current-day,development,restoration-trend-control-v3,backtest-default,OK,,,,ABB,2026-08-03,2026-08-03T12:00:00+05:30,2026-08-03T11:57:00+05:30,SNAPSHOT_AUCTION_AUTHORITY_V3A,3m,True,True,7549.5,2026-08-03T12:00:00,7565.5,7570.0,7536.5,7549.5,19345.0,27.09884935834493,TRENDING_UP,BUY,candidate_has_directional_efficiency_or_displacement,RANGE_ACCEPTED,DYNAMIC:2026-08-03T10:54:00+05:30:2026-08-03T11:18:00+05:30,7392.5,7433.0,14,ok,UP_SLOWING,0.913322911711688,1.088607106888679,OK,INCREMENTAL_PREVIOUS_SNAPSHOT,AUTOTRADES_AUCTION_ENGINE,1.1.0,,,ORDERLY_UPTREND,UP,UP,False,False,False,UNKNOWN,False,False,False,7407.0,CONFIRMED_RECOMPRESSION_BOX,2026-08-03T11:27:00+05:30,DYNAMIC:2026-08-03T10:54:00+05:30:2026-08-03T11:18:00+05:30,7392.5,7433.0,False,3.876543209876543,0.5774647887323944,PRICE_ACTION,0.49575936425318334,ESTABLISHED_DIRECTIONAL_CONTEXT_RETAINED|OBSERVATION_PROPOSAL_MATCHED_CURRENT|OBSERVATION_STATE_ORDERLY_UPTREND|OBJECTIVE_ACCEPTED_RANGE_GEOMETRY_PRESENT|OBJECTIVE_TREND_PROTECTION_GEOMETRY_PRESENT,DIR:ABB:2026-08-03:004:UP:120000,NONE,DIRECTIONAL,UP,OBSERVATION_CONFIRMATION,,,2026-08-03T12:00:00+05:30,2026-08-03T12:00:00+05:30,1,7549.5,7570.0,2026-08-03T12:00:00+05:30,7407.0,CONFIRMED_RECOMPRESSION_BOX,,,,0,0.0,0,False,DIRECTIONAL_START_CANDIDATE_PROGRESS|DIRECTIONAL_START_CONFIRMED,4,UNKNOWN,0,0,0,0,0,ORDERLY_UPTREND,2026-08-03T12:00:00+05:30,DIRECTIONAL_START_CANDIDATE_PROGRESS|DIRECTIONAL_START_CONFIRMED,,NONE,NONE,0,,,,,,UNKNOWN,0,0,0,0,False,False,NO_QUALIFIED_ACCEPTED_RANGE,1,DIR:ABB:2026-08-03:004:UP:120000:DIRECTIONAL_STARTED:120000,DIRECTIONAL_STARTED,UP,DIR:ABB:2026-08-03:004:UP:120000,DIRECTIONAL_STARTED:MULTIBAR_DIRECTIONAL_CONTEXT_ESTABLISHED,0,,,,,MATCH,MATCH,MATCH,MATCH,False,0,True,True,True,True,,COHERENT,"[""event_id='DIR:ABB:2026-08-03:004:UP:120000:DIRECTIONAL_STARTED:120000' event_type=<AuctionEventType.DIRECTIONAL_STARTED: 'DIRECTIONAL_STARTED'> episode_id='DIR:ABB:2026-08-03:004:UP:120000' symbol='ABB' trading_day=datetime.date(2026, 8, 3) event_time=datetime.datetime(2026, 8, 3, 12, 0, tzinfo=TzInfo(19800)) direction=<DirectionalBias.UP: 'UP'> reason_codes=('MULTIBAR_DIRECTIONAL_CONTEXT_ESTABLISHED',) data={'origin_price': 7549.5, 'extreme_price': 7570.0, 'origin_source': 'OBSERVATION_CONFIRMATION', 'origin_event_id': None, 'protection_level': 7407.0, 'parent_episode_id': None, 'protection_source': 'CONFIRMED_RECOMPRESSION_BOX', 'first_adverse_bar_time': None, 'first_adverse_bar_close': None, 'first_adverse_bar_level': None, 'continuation_failure_time': None, 'reversal_leg_progress_atr': 0.0, 'reversal_leg_progress_bars': 0, 'reversal_confirmation_level': None, 'reversal_leg_failure_closes': 0, 'reversal_confirmation_source': '', 'reversal_confirmation_level_time': None}""]",[],"{""accepted_range_breakout_eligible"":true,""accepted_range_established_at"":""2026-08-03T11:18:00+05:30"",""accepted_range_high"":7433.0,""accepted_range_id"":""DYNAMIC:2026-08-03T10:54:00+05:30:2026-08-03T11:18:00+05:30"",""accepted_range_inside"":false,""accepted_range_low"":7392.5,""accepted_range_outside_atr"":4.299075523814612,""accepted_range_position"":3.876543209876543,""accepted_range_provisional"":false,""atr"":27.09884935834493,""close"":7549.5,""current_leg_mature"":false,""directional_bias"":""UP"",""directional_efficiency"":0.5774647887323944,""directional_efficiency_source"":""PRICE_ACTION"",""exhausted_side"":""UNKNOWN"",""exhaustion_active"":false,""extension_mature"":false,""failed_extreme_observed"":false,""high"":7570.0,""low"":7536.5,""observation_state"":""ORDERLY_UPTREND"",""overlap_ratio"":0.49575936425318334,""range_width_atr"":1.4945284009827624,""rejection_observed"":false,""snapshot_time"":""2026-08-03T12:00:00+05:30"",""source_reason_codes"":[""ESTABLISHED_DIRECTIONAL_CONTEXT_RETAINED"",""OBSERVATION_PROPOSAL_MATCHED_CURRENT"",""OBSERVATION_STATE_ORDERLY_UPTREND"",""OBJECTIVE_ACCEPTED_RANGE_GEOMETRY_PRESENT"",""OBJECTIVE_TREND_PROTECTION_GEOMETRY_PRESENT""],""structural_failure_confirmed"":false,""symbol"":""ABB"",""trading_day"":""2026-08-03"",""trend_direction"":""UP"",""trend_protection_level"":7407.0,""trend_protection_source"":""CONFIRMED_RECOMPRESSION_BOX"",""trend_protection_time"":""2026-08-03T11:27:00+05:30""}","{""continuation_failure_seen"":false,""continuation_failure_time"":null,""current_state"":""DIRECTIONAL"",""direction"":""UP"",""episode_id"":""DIR:ABB:2026-08-03:004:UP:120000"",""extreme_price"":7570.0,""extreme_time"":""2026-08-03T12:00:00+05:30"",""first_adverse_bar_close"":null,""first_adverse_bar_level"":null,""first_adverse_bar_time"":null,""origin_event_id"":null,""origin_price"":7549.5,""origin_source"":""OBSERVATION_CONFIRMATION"",""parent_episode_id"":null,""previous_state"":""NONE"",""protection_level"":7407.0,""protection_source"":""CONFIRMED_RECOMPRESSION_BOX"",""reason_codes"":[""DIRECTIONAL_START_CANDIDATE_PROGRESS"",""DIRECTIONAL_START_CONFIRMED""],""rejection_seen"":false,""reversal_confirmation_breach_closes"":0,""reversal_confirmation_level"":null,""reversal_confirmation_level_time"":null,""reversal_confirmation_source"":"""",""reversal_leg_failure_closes"":0,""reversal_leg_progress_atr"":0.0,""reversal_leg_progress_bars"":0,""started_at"":""2026-08-03T12:00:00+05:30"",""state_age_bars"":1,""state_started_at"":""2026-08-03T12:00:00+05:30""}","{""attempt_limit_reached"":false,""candidate_bar_expansion_count"":0,""candidate_high"":null,""candidate_last_valid_at"":null,""candidate_low"":null,""candidate_merge_count"":0,""containment_bars"":0,""containment_ratio"":0.0,""current_state"":""NONE"",""down_escape_attempt_count"":0,""episode_id"":null,""escape_attempt_count"":0,""escape_direction"":""UNKNOWN"",""failed_escape_count"":0,""forming_bars_observed"":0,""forming_invalid_bars"":0,""frozen_high"":null,""frozen_low"":null,""last_escape_direction"":""UNKNOWN"",""last_escape_failed_at"":null,""last_escape_started_at"":null,""marginal_excursion_bars"":0,""meaningful_escape_bars"":0,""outside_close_count"":0,""previous_state"":""NONE"",""range_id"":null,""rearm_bars_elapsed"":0,""rearm_inside_close_count"":0,""rearm_required"":false,""reason_codes"":[""NO_QUALIFIED_ACCEPTED_RANGE""],""reentry_close_count"":0,""source_range_ids"":[],""started_at"":null,""state_age_bars"":0,""state_started_at"":null,""up_escape_attempt_count"":0}","{""balance_attempt_limit_reached"":false,""balance_candidate_bar_expansion_count"":0,""balance_candidate_merge_count"":0,""balance_containment_ratio"":0.0,""balance_down_escape_attempt_count"":0,""balance_escape_attempt_count"":0,""balance_failed_escape_count"":0,""balance_forming_bars_observed"":0,""balance_forming_invalid_bars"":0,""balance_last_escape_direction"":""UNKNOWN"",""balance_last_escape_failed_at"":null,""balance_last_escape_started_at"":null,""balance_marginal_excursion_bars"":0,""balance_meaningful_escape_bars"":0,""balance_rearm_bars_elapsed"":0,""balance_rearm_inside_close_count"":0,""balance_rearm_required"":false,""balance_up_escape_attempt_count"":0,""directional_origin_event_id"":null,""directional_origin_source"":""OBSERVATION_CONFIRMATION"",""directional_parent_episode_id"":null,""directional_reversal_watch_age_bars"":0,""directional_start_candidate_bars"":0,""directional_start_candidate_side"":""UNKNOWN"",""observation_accepted_range_id"":""DYNAMIC:2026-08-03T10:54:00+05:30:2026-08-03T11:18:00+05:30"",""observation_current_leg_mature"":false,""observation_directional_bias"":""UP"",""observation_exhaustion_active"":false,""observation_state"":""ORDERLY_UPTREND""}","{""balance"":{""attempt_limit_reached"":false,""candidate_bar_expansion_count"":0,""candidate_high"":null,""candidate_last_valid_at"":null,""candidate_low"":null,""candidate_merge_count"":0,""containment_bars"":0,""down_escape_attempt_count"":0,""emitted_event_ids"":[""BAL:ABB:2026-08-03:001:NEUTRAL:100600:BALANCE_COMPLETED:105400"",""BAL:ABB:2026-08-03:001:NEUTRAL:100600:BALANCE_ESCAPE_ACCEPTED:105100"",""BAL:ABB:2026-08-03:001:NEUTRAL:100600:BALANCE_ESCAPE_STARTED:104800"",""BAL:ABB:2026-08-03:001:NEUTRAL:100600:BALANCE_FORMING_STARTED:100600"",""BAL:ABB:2026-08-03:001:NEUTRAL:100600:BALANCE_LOCKED:102700"",""BAL:ABB:2026-08-03:001:NEUTRAL:100600:BALANCE_PROBABLE:101800"",""BAL:ABB:2026-08-03:002:NEUTRAL:112100:BALANCE_COMPLETED:113000"",""BAL:ABB:2026-08-03:002:NEUTRAL:112100:BALANCE_FORMING_STARTED:112100"",""BAL:ABB:2026-08-03:003:NEUTRAL:114800:BALANCE_COMPLETED:115400"",""BAL:ABB:2026-08-03:003:NEUTRAL:114800:BALANCE_FORMING_STARTED:114800""],""episode_id"":null,""escape_attempt_count"":0,""escape_direction"":""UNKNOWN"",""failed_escape_count"":0,""forming_bars_observed"":0,""forming_invalid_bars"":0,""frozen_high"":null,""frozen_low"":null,""last_escape_direction"":""UNKNOWN"",""last_escape_failed_at"":null,""last_escape_started_at"":null,""last_reason_codes"":[""NO_QUALIFIED_ACCEPTED_RANGE""],""marginal_excursion_bars"":0,""meaningful_escape_bars"":0,""outside_close_count"":0,""range_id"":null,""rearm_bars_elapsed"":0,""rearm_inside_close_count"":0,""rearm_required"":false,""reentry_close_count"":0,""sequence"":3,""source_range_ids"":[],""started_at"":null,""state"":""NONE"",""state_age_bars"":0,""state_started_at"":null,""up_escape_attempt_count"":0},""directional"":{""continuation_failure_progress_bars"":0,""continuation_failure_seen"":false,""continuation_failure_seen_at"":null,""direction"":""UP"",""emitted_event_ids"":[""DIR:ABB:2026-08-03:001:DOWN:101500:DIRECTIONAL_COMPLETED:105100"",""DIR:ABB:2026-08-03:001:DOWN:101500:DIRECTIONAL_STARTED:101500"",""DIR:ABB:2026-08-03:002:UP:110000:DIRECTIONAL_COMPLETED:113900"",""DIR:ABB:2026-08-03:002:UP:110000:DIRECTIONAL_MATURED:110300"",""DIR:ABB:2026-08-03:002:UP:110000:DIRECTIONAL_REVERSAL_CONFIRMED:113900"",""DIR:ABB:2026-08-03:002:UP:110000:DIRECTIONAL_STARTED:110000"",""DIR:ABB:2026-08-03:002:UP:110000:REVERSAL_WATCH_STARTED:110600"",""DIR:ABB:2026-08-03:003:DOWN:113900:DIRECTIONAL_COMPLETED:115400"",""DIR:ABB:2026-08-03:003:DOWN:113900:DIRECTIONAL_REVERSAL_LEG_FAILED:115400"",""DIR:ABB:2026-08-03:003:DOWN:113900:DIRECTIONAL_REVERSAL_LEG_STARTED:113900"",""DIR:ABB:2026-08-03:004:UP:120000:DIRECTIONAL_STARTED:120000""],""episode_id"":""DIR:ABB:2026-08-03:004:UP:120000"",""extreme_price"":7570.0,""extreme_time"":""2026-08-03T12:00:00+05:30"",""first_adverse_bar_close"":null,""first_adverse_bar_level"":null,""first_adverse_bar_time"":null,""inactive_bars"":0,""last_close"":7549.5,""last_observation_state"":""ORDERLY_UPTREND"",""last_observation_state_time"":""2026-08-03T12:00:00+05:30"",""last_reason_codes"":[""DIRECTIONAL_START_CANDIDATE_PROGRESS"",""DIRECTIONAL_START_CONFIRMED""],""opposite_control_bars"":0,""origin_event_id"":null,""origin_price"":7549.5,""origin_source"":""OBSERVATION_CONFIRMATION"",""parent_episode_id"":null,""protection_level"":7407.0,""protection_source"":""CONFIRMED_RECOMPRESSION_BOX"",""protection_time"":""2026-08-03T11:27:00+05:30"",""rejection_seen"":false,""rejection_seen_at"":null,""reversal_confirmation_breach_closes"":0,""reversal_confirmation_level"":null,""reversal_confirmation_level_time"":null,""reversal_confirmation_source"":"""",""reversal_leg_failure_closes"":0,""reversal_leg_progress_atr"":0.0,""reversal_leg_progress_bars"":0,""reversal_watch_age_bars"":0,""sequence"":4,""start_candidate_bars"":0,""start_candidate_side"":""UNKNOWN"",""started_at"":""2026-08-03T12:00:00+05:30"",""state"":""DIRECTIONAL"",""state_age_bars"":1,""state_started_at"":""2026-08-03T12:00:00+05:30"",""trend_restore_bars"":0},""evidence_history"":[{""atr"":22.334343383056233,""bar"":{""body_fraction"":0.8313253012048193,""close"":7450.0,""close_position"":0.8313253012048193,""direction"":""UP"",""high"":7457.0,""low"":7415.5,""lower_wick_fraction"":0.0,""move_atr"":1.5447062583524682,""move_points"":34.5,""open"":7415.5,""snapshot_time"":""2026-08-03T11:27:00+05:30"",""upper_wick_fraction"":0.1686746987951807,""volume"":15720.0},""close"":7450.0,""trend"":{""ema_ref"":7364.817559908839,""ema_slow"":7374.339050999646,""hma_order"":""BUY"",""hma_spread_atr"":3.397442622722908}},{""atr"":22.274747427123643,""bar"":{""body_fraction"":0.7441860465116279,""close"":7465.0,""close_position"":0.813953488372093,""direction"":""UP"",""high"":7469.0,""low"":7447.5,""lower_wick_fraction"":0.06976744186046512,""move_atr"":0.7183021963480056,""move_points"":16.0,""open"":7449.0,""snapshot_time"":""2026-08-03T11:30:00+05:30"",""upper_wick_fraction"":0.18604651162790695,""volume"":10628.0},""close"":7465.0,""trend"":{""ema_ref"":7365.814400108751,""ema_slow"":7376.134317316485,""hma_order"":""BUY"",""hma_spread_atr"":3.7525603249981816}},{""atr"":22.25512261090053,""bar"":{""body_fraction"":0.6136363636363636,""close"":7451.5,""close_position"":0.022727272727272728,""direction"":""DOWN"",""high"":7473.0,""low"":7451.0,""lower_wick_fraction"":0.022727272727272728,""move_atr"":-0.6066019152546802,""move_points"":-13.5,""open"":7465.0,""snapshot_time"":""2026-08-03T11:33:00+05:30"",""upper_wick_fraction"":0.3636363636363637,""volume"":9962.0},""close"":7451.5,""trend"":{""ema_ref"":7366.666993142496,""ema_slow"":7377.626707072594,""hma_order"":""BUY"",""hma_spread_atr"":4.0658622436245535}},{""atr"":21.66547099583621,""bar"":{""body_fraction"":0.10714285714285714,""close"":7453.0,""close_position"":0.5714285714285714,""direction"":""UP"",""high"":7459.0,""low"":7445.0,""lower_wick_fraction"":0.4642857142857143,""move_atr"":0.0692345899282909,""move_points"":1.5,""open"":7451.5,""snapshot_time"":""2026-08-03T11:36:00+05:30"",""upper_wick_fraction"":0.42857142857142855,""volume"":3596.0},""close"":7453.0,""trend"":{""ema_ref"":7367.526028036601,""ema_slow"":7379.119247526603,""hma_order"":""BUY"",""hma_spread_atr"":4.388034859484658}},{""atr"":20.903651638990763,""bar"":{""body_fraction"":0.3636363636363637,""close"":7447.0,""close_position"":0.2727272727272727,""direction"":""DOWN"",""high"":7455.0,""low"":7444.0,""lower_wick_fraction"":0.2727272727272727,""move_atr"":-0.19135412649811656,""move_points"":-4.0,""open"":7451.0,""snapshot_time"":""2026-08-03T11:39:00+05:30"",""upper_wick_fraction"":0.3636363636363637,""volume"":2934.0},""close"":7447.0,""trend"":{""ema_ref"":7368.316813827281,""ema_slow"":7380.463420842908,""hma_order"":""BUY"",""hma_spread_atr"":4.7234168905678295}},{""atr"":20.124819379062853,""bar"":{""body_fraction"":0.55,""close"":7449.5,""close_position"":0.75,""direction"":""UP"",""high"":7452.0,""low"":7442.0,""lower_wick_fraction"":0.2,""move_atr"":0.2732943782701476,""move_points"":5.5,""open"":7444.0,""snapshot_time"":""2026-08-03T11:42:00+05:30"",""upper_wick_fraction"":0.25,""volume"":3347.0},""close"":7449.5,""trend"":{""ema_ref"":7369.124606724523,""ema_slow"":7381.830481816316,""hma_order"":""BUY"",""hma_spread_atr"":4.957592117345721}},{""atr"":19.794475137701223,""bar"":{""body_fraction"":0.6129032258064516,""close"":7440.0,""close_position"":0.3225806451612903,""direction"":""DOWN"",""high"":7450.5,""low"":7435.0,""lower_wick_fraction"":0.3225806451612903,""move_atr"":-0.479931896850651,""move_points"":-9.5,""open"":7449.5,""snapshot_time"":""2026-08-03T11:45:00+05:30"",""upper_wick_fraction"":0.06451612903225806,""volume"":4576.0},""close"":7440.0,""trend"":{""ema_ref"":7369.829834518309,""ema_slow"":7382.982353463518,""hma_order"":""BUY"",""hma_spread_atr"":4.88222068537548}},{""atr"":19.416298342151137,""bar"":{""body_fraction"":0.5862068965517241,""close"":7431.5,""close_position"":0.3103448275862069,""direction"":""DOWN"",""high"":7441.5,""low"":7427.0,""lower_wick_fraction"":0.3103448275862069,""move_atr"":-0.4377765447468028,""move_points"":-8.5,""open"":7440.0,""snapshot_time"":""2026-08-03T11:48:00+05:30"",""upper_wick_fraction"":0.10344827586206896,""volume"":4196.0},""close"":7431.5,""trend"":{""ema_ref"":7370.443468005689,""ema_slow"":7383.943098939488,""hma_order"":""BUY"",""hma_spread_atr"":4.583525478969616}},{""atr"":19.922277031997485,""bar"":{""body_fraction"":0.9622641509433962,""close"":7457.0,""close_position"":1.0,""direction"":""UP"",""high"":7457.0,""low"":7430.5,""lower_wick_fraction"":0.03773584905660377,""move_atr"":1.2799741695712816,""move_points"":25.5,""open"":7431.5,""snapshot_time"":""2026-08-03T11:51:00+05:30"",""upper_wick_fraction"":0.0,""volume"":19542.0},""close"":7457.0,""trend"":{""ema_ref"":7371.304727030509,""ema_slow"":7385.389770247617,""hma_order"":""BUY"",""hma_spread_atr"":4.230906675429625}},{""atr"":22.499257243997665,""bar"":{""body_fraction"":0.7767857142857143,""close"":7500.0,""close_position"":0.8035714285714286,""direction"":""UP"",""high"":7511.0,""low"":7455.0,""lower_wick_fraction"":0.026785714285714284,""move_atr"":1.9333971574374929,""move_points"":43.5,""open"":7456.5,""snapshot_time"":""2026-08-03T11:54:00+05:30"",""upper_wick_fraction"":0.19642857142857145,""volume"":27744.0},""close"":7500.0,""trend"":{""ema_ref"":7372.585277010306,""ema_slow"":7387.659279747664,""hma_order"":""BUY"",""hma_spread_atr"":4.037827844863514}},{""atr"":26.60645315514069,""bar"":{""body_fraction"":0.8375,""close"":7569.0,""close_position"":0.8625,""direction"":""UP"",""high"":7580.0,""low"":7500.0,""lower_wick_fraction"":0.025,""move_atr"":2.5181860809979772,""move_points"":67.0,""open"":7502.0,""snapshot_time"":""2026-08-03T11:57:00+05:30"",""upper_wick_fraction"":0.1375,""volume"":48810.0},""close"":7569.0,""trend"":{""ema_ref"":7374.539652363437,""ema_slow"":7391.250185099196,""hma_order"":""BUY"",""hma_spread_atr"":4.364533684758084}},{""atr"":27.09884935834493,""bar"":{""body_fraction"":0.47761194029850745,""close"":7549.5,""close_position"":0.3880597014925373,""direction"":""DOWN"",""high"":7570.0,""low"":7536.5,""lower_wick_fraction"":0.3880597014925373,""move_atr"":-0.590430973227758,""move_points"":-16.0,""open"":7565.5,""snapshot_time"":""2026-08-03T12:00:00+05:30"",""upper_wick_fraction"":0.13432835820895522,""volume"":19345.0},""close"":7549.5,""trend"":{""ema_ref"":7376.280551344896,""ema_slow"":7394.383844800202,""hma_order"":""BUY"",""hma_spread_atr"":5.332586989846007}}],""last_observation_hash"":""62cea4cf64bcea54552c6822f5c39cc7576a497c659902c93f9a9b3f76b805ea"",""last_snapshot_time"":""2026-08-03T12:00:00+05:30"",""observation"":{""compression_box_high"":null,""compression_box_low"":null,""compression_candidate_bars"":0,""current_state"":""ORDERLY_UPTREND"",""established_side"":""UP"",""exhaustion_active"":false,""exhaustion_age_bars"":0,""exhaustion_clear_bars"":0,""exhaustion_last_seen_at"":null,""exhaustion_side"":""UNKNOWN"",""exhaustion_started_at"":null,""failure_breach_bars"":0,""last_close"":7549.5,""last_reason_codes"":[""ESTABLISHED_DIRECTIONAL_CONTEXT_RETAINED"",""OBSERVATION_PROPOSAL_MATCHED_CURRENT"",""OBSERVATION_STATE_ORDERLY_UPTREND""],""last_snapshot_time"":""2026-08-03T12:00:00+05:30"",""leg_age_bars"":12,""leg_anchor_price"":7407.0,""leg_anchor_time"":""2026-08-03T11:27:00+05:30"",""leg_extreme_price"":7580.0,""leg_maturity_consumed"":false,""leg_maturity_extreme_price"":null,""leg_maturity_onset_time"":null,""leg_no_progress_bars"":1,""observation_count"":56,""pending_bars"":0,""pending_state"":null,""protection_level"":7407.0,""protection_source"":""CONFIRMED_RECOMPRESSION_BOX"",""protection_time"":""2026-08-03T11:27:00+05:30"",""pullback_age_bars"":0,""pullback_candidate_bars"":1,""pullback_extreme_price"":null,""reacceleration_age_bars"":2,""recompression_age_bars"":0,""reversal_confirmation_bars"":0,""reversal_side"":""UP"",""state_age_bars"":10,""trading_day"":""2026-08-03"",""trend_anchor_price"":7355.0,""trend_candidate_bars"":10,""trend_candidate_side"":""UP"",""trend_extreme_price"":7580.0,""trend_failure_age_bars"":0,""trend_onset_time"":""2026-08-03T10:48:00+05:30""},""symbol"":""ABB"",""trading_day"":""2026-08-03""}"
restoration-v3-current-day,development,restoration-trend-control-v3,backtest-default,OK,,,,ABB,2026-08-03,2026-08-03T12:03:00+05:30,2026-08-03T12:00:00+05:30,SNAPSHOT_AUCTION_AUTHORITY_V3A,3m,True,True,7556.5,2026-08-03T12:03:00,7549.5,7564.5,7548.0,7556.5,6641.0,26.34178868989172,TRENDING_UP,BUY,candidate_has_directional_efficiency_or_displacement,RANGE_ACCEPTED,DYNAMIC:2026-08-03T10:54:00+05:30:2026-08-03T11:18:00+05:30,7392.5,7433.0,15,ok,TURNING_DOWN,-0.23726558866514436,0.9443170428872744,OK,INCREMENTAL_PREVIOUS_SNAPSHOT,AUTOTRADES_AUCTION_ENGINE,1.1.0,,,ORDERLY_UPTREND,UP,UP,False,True,True,UP,True,True,False,7407.0,CONFIRMED_RECOMPRESSION_BOX,2026-08-03T11:27:00+05:30,DYNAMIC:2026-08-03T10:54:00+05:30:2026-08-03T11:18:00+05:30,7392.5,7433.0,False,4.049382716049383,0.5879120879120879,PRICE_ACTION,0.6061041918393902,ESTABLISHED_DIRECTIONAL_CONTEXT_RETAINED|OBSERVATION_PROPOSAL_MATCHED_CURRENT|OBSERVATION_STATE_ORDERLY_UPTREND|OBJECTIVE_REJECTION_OBSERVED|OBJECTIVE_FAILED_EXTREME_OBSERVED|OBJECTIVE_ACCEPTED_RANGE_GEOMETRY_PRESENT|OBJECTIVE_TREND_PROTECTION_GEOMETRY_PRESENT,DIR:ABB:2026-08-03:004:UP:120000,DIRECTIONAL,MATURE,UP,OBSERVATION_CONFIRMATION,,,2026-08-03T12:00:00+05:30,2026-08-03T12:03:00+05:30,1,7549.5,7570.0,2026-08-03T12:00:00+05:30,7407.0,CONFIRMED_RECOMPRESSION_BOX,,,,0,0.0,0,False,DIRECTIONAL_MATURITY_OBSERVED,4,UNKNOWN,0,0,0,0,0,ORDERLY_UPTREND,2026-08-03T12:03:00+05:30,DIRECTIONAL_MATURITY_OBSERVED,,NONE,NONE,0,,,,,,UNKNOWN,0,0,0,0,False,False,NO_QUALIFIED_ACCEPTED_RANGE,1,DIR:ABB:2026-08-03:004:UP:120000:DIRECTIONAL_MATURED:120300,DIRECTIONAL_MATURED,UP,DIR:ABB:2026-08-03:004:UP:120000,DIRECTIONAL_MATURED:DIRECTIONAL_MATURITY_OBSERVED,0,,,,,MATCH,MATCH,CONFLICT,MATCH,False,0,False,False,True,True,EPISODE_SLOPE_CONFLICT,TRANSITIONAL_CONFLICT,"[""event_id='DIR:ABB:2026-08-03:004:UP:120000:DIRECTIONAL_MATURED:120300' event_type=<AuctionEventType.DIRECTIONAL_MATURED: 'DIRECTIONAL_MATURED'> episode_id='DIR:ABB:2026-08-03:004:UP:120000' symbol='ABB' trading_day=datetime.date(2026, 8, 3) event_time=datetime.datetime(2026, 8, 3, 12, 3, tzinfo=TzInfo(19800)) direction=<DirectionalBias.UP: 'UP'> reason_codes=('DIRECTIONAL_MATURITY_OBSERVED',) data={'origin_price': 7549.5, 'extreme_price': 7570.0, 'origin_source': 'OBSERVATION_CONFIRMATION', 'origin_event_id': None, 'protection_level': 7407.0, 'parent_episode_id': None, 'protection_source': 'CONFIRMED_RECOMPRESSION_BOX', 'first_adverse_bar_time': None, 'first_adverse_bar_close': None, 'first_adverse_bar_level': None, 'continuation_failure_time': None, 'reversal_leg_progress_atr': 0.0, 'reversal_leg_progress_bars': 0, 'reversal_confirmation_level': None, 'reversal_leg_failure_closes': 0, 'reversal_confirmation_source': '', 'reversal_confirmation_level_time': None}""]",[],"{""accepted_range_breakout_eligible"":true,""accepted_range_established_at"":""2026-08-03T11:18:00+05:30"",""accepted_range_high"":7433.0,""accepted_range_id"":""DYNAMIC:2026-08-03T10:54:00+05:30:2026-08-03T11:18:00+05:30"",""accepted_range_inside"":false,""accepted_range_low"":7392.5,""accepted_range_outside_atr"":4.688368032023252,""accepted_range_position"":4.049382716049383,""accepted_range_provisional"":false,""atr"":26.34178868989172,""close"":7556.5,""current_leg_mature"":false,""directional_bias"":""UP"",""directional_efficiency"":0.5879120879120879,""directional_efficiency_source"":""PRICE_ACTION"",""exhausted_side"":""UP"",""exhaustion_active"":true,""extension_mature"":true,""failed_extreme_observed"":true,""high"":7564.5,""low"":7548.0,""observation_state"":""ORDERLY_UPTREND"",""overlap_ratio"":0.6061041918393902,""range_width_atr"":1.5374810145501354,""rejection_observed"":true,""snapshot_time"":""2026-08-03T12:03:00+05:30"",""source_reason_codes"":[""ESTABLISHED_DIRECTIONAL_CONTEXT_RETAINED"",""OBSERVATION_PROPOSAL_MATCHED_CURRENT"",""OBSERVATION_STATE_ORDERLY_UPTREND"",""OBJECTIVE_REJECTION_OBSERVED"",""OBJECTIVE_FAILED_EXTREME_OBSERVED"",""OBJECTIVE_ACCEPTED_RANGE_GEOMETRY_PRESENT"",""OBJECTIVE_TREND_PROTECTION_GEOMETRY_PRESENT""],""structural_failure_confirmed"":false,""symbol"":""ABB"",""trading_day"":""2026-08-03"",""trend_direction"":""UP"",""trend_protection_level"":7407.0,""trend_protection_source"":""CONFIRMED_RECOMPRESSION_BOX"",""trend_protection_time"":""2026-08-03T11:27:00+05:30""}","{""continuation_failure_seen"":false,""continuation_failure_time"":null,""current_state"":""MATURE"",""direction"":""UP"",""episode_id"":""DIR:ABB:2026-08-03:004:UP:120000"",""extreme_price"":7570.0,""extreme_time"":""2026-08-03T12:00:00+05:30"",""first_adverse_bar_close"":null,""first_adverse_bar_level"":null,""first_adverse_bar_time"":null,""origin_event_id"":null,""origin_price"":7549.5,""origin_source"":""OBSERVATION_CONFIRMATION"",""parent_episode_id"":null,""previous_state"":""DIRECTIONAL"",""protection_level"":7407.0,""protection_source"":""CONFIRMED_RECOMPRESSION_BOX"",""reason_codes"":[""DIRECTIONAL_MATURITY_OBSERVED""],""rejection_seen"":false,""reversal_confirmation_breach_closes"":0,""reversal_confirmation_level"":null,""reversal_confirmation_level_time"":null,""reversal_confirmation_source"":"""",""reversal_leg_failure_closes"":0,""reversal_leg_progress_atr"":0.0,""reversal_leg_progress_bars"":0,""started_at"":""2026-08-03T12:00:00+05:30"",""state_age_bars"":1,""state_started_at"":""2026-08-03T12:03:00+05:30""}","{""attempt_limit_reached"":false,""candidate_bar_expansion_count"":0,""candidate_high"":null,""candidate_last_valid_at"":null,""candidate_low"":null,""candidate_merge_count"":0,""containment_bars"":0,""containment_ratio"":0.0,""current_state"":""NONE"",""down_escape_attempt_count"":0,""episode_id"":null,""escape_attempt_count"":0,""escape_direction"":""UNKNOWN"",""failed_escape_count"":0,""forming_bars_observed"":0,""forming_invalid_bars"":0,""frozen_high"":null,""frozen_low"":null,""last_escape_direction"":""UNKNOWN"",""last_escape_failed_at"":null,""last_escape_started_at"":null,""marginal_excursion_bars"":0,""meaningful_escape_bars"":0,""outside_close_count"":0,""previous_state"":""NONE"",""range_id"":null,""rearm_bars_elapsed"":0,""rearm_inside_close_count"":0,""rearm_required"":false,""reason_codes"":[""NO_QUALIFIED_ACCEPTED_RANGE""],""reentry_close_count"":0,""source_range_ids"":[],""started_at"":null,""state_age_bars"":0,""state_started_at"":null,""up_escape_attempt_count"":0}","{""balance_attempt_limit_reached"":false,""balance_candidate_bar_expansion_count"":0,""balance_candidate_merge_count"":0,""balance_containment_ratio"":0.0,""balance_down_escape_attempt_count"":0,""balance_escape_attempt_count"":0,""balance_failed_escape_count"":0,""balance_forming_bars_observed"":0,""balance_forming_invalid_bars"":0,""balance_last_escape_direction"":""UNKNOWN"",""balance_last_escape_failed_at"":null,""balance_last_escape_started_at"":null,""balance_marginal_excursion_bars"":0,""balance_meaningful_escape_bars"":0,""balance_rearm_bars_elapsed"":0,""balance_rearm_inside_close_count"":0,""balance_rearm_required"":false,""balance_up_escape_attempt_count"":0,""directional_origin_event_id"":null,""directional_origin_source"":""OBSERVATION_CONFIRMATION"",""directional_parent_episode_id"":null,""directional_reversal_watch_age_bars"":0,""directional_start_candidate_bars"":0,""directional_start_candidate_side"":""UNKNOWN"",""observation_accepted_range_id"":""DYNAMIC:2026-08-03T10:54:00+05:30:2026-08-03T11:18:00+05:30"",""observation_current_leg_mature"":false,""observation_directional_bias"":""UP"",""observation_exhaustion_active"":true,""observation_state"":""ORDERLY_UPTREND""}","{""balance"":{""attempt_limit_reached"":false,""candidate_bar_expansion_count"":0,""candidate_high"":null,""candidate_last_valid_at"":null,""candidate_low"":null,""candidate_merge_count"":0,""containment_bars"":0,""down_escape_attempt_count"":0,""emitted_event_ids"":[""BAL:ABB:2026-08-03:001:NEUTRAL:100600:BALANCE_COMPLETED:105400"",""BAL:ABB:2026-08-03:001:NEUTRAL:100600:BALANCE_ESCAPE_ACCEPTED:105100"",""BAL:ABB:2026-08-03:001:NEUTRAL:100600:BALANCE_ESCAPE_STARTED:104800"",""BAL:ABB:2026-08-03:001:NEUTRAL:100600:BALANCE_FORMING_STARTED:100600"",""BAL:ABB:2026-08-03:001:NEUTRAL:100600:BALANCE_LOCKED:102700"",""BAL:ABB:2026-08-03:001:NEUTRAL:100600:BALANCE_PROBABLE:101800"",""BAL:ABB:2026-08-03:002:NEUTRAL:112100:BALANCE_COMPLETED:113000"",""BAL:ABB:2026-08-03:002:NEUTRAL:112100:BALANCE_FORMING_STARTED:112100"",""BAL:ABB:2026-08-03:003:NEUTRAL:114800:BALANCE_COMPLETED:115400"",""BAL:ABB:2026-08-03:003:NEUTRAL:114800:BALANCE_FORMING_STARTED:114800""],""episode_id"":null,""escape_attempt_count"":0,""escape_direction"":""UNKNOWN"",""failed_escape_count"":0,""forming_bars_observed"":0,""forming_invalid_bars"":0,""frozen_high"":null,""frozen_low"":null,""last_escape_direction"":""UNKNOWN"",""last_escape_failed_at"":null,""last_escape_started_at"":null,""last_reason_codes"":[""NO_QUALIFIED_ACCEPTED_RANGE""],""marginal_excursion_bars"":0,""meaningful_escape_bars"":0,""outside_close_count"":0,""range_id"":null,""rearm_bars_elapsed"":0,""rearm_inside_close_count"":0,""rearm_required"":false,""reentry_close_count"":0,""sequence"":3,""source_range_ids"":[],""started_at"":null,""state"":""NONE"",""state_age_bars"":0,""state_started_at"":null,""up_escape_attempt_count"":0},""directional"":{""continuation_failure_progress_bars"":0,""continuation_failure_seen"":false,""continuation_failure_seen_at"":null,""direction"":""UP"",""emitted_event_ids"":[""DIR:ABB:2026-08-03:001:DOWN:101500:DIRECTIONAL_COMPLETED:105100"",""DIR:ABB:2026-08-03:001:DOWN:101500:DIRECTIONAL_STARTED:101500"",""DIR:ABB:2026-08-03:002:UP:110000:DIRECTIONAL_COMPLETED:113900"",""DIR:ABB:2026-08-03:002:UP:110000:DIRECTIONAL_MATURED:110300"",""DIR:ABB:2026-08-03:002:UP:110000:DIRECTIONAL_REVERSAL_CONFIRMED:113900"",""DIR:ABB:2026-08-03:002:UP:110000:DIRECTIONAL_STARTED:110000"",""DIR:ABB:2026-08-03:002:UP:110000:REVERSAL_WATCH_STARTED:110600"",""DIR:ABB:2026-08-03:003:DOWN:113900:DIRECTIONAL_COMPLETED:115400"",""DIR:ABB:2026-08-03:003:DOWN:113900:DIRECTIONAL_REVERSAL_LEG_FAILED:115400"",""DIR:ABB:2026-08-03:003:DOWN:113900:DIRECTIONAL_REVERSAL_LEG_STARTED:113900"",""DIR:ABB:2026-08-03:004:UP:120000:DIRECTIONAL_MATURED:120300"",""DIR:ABB:2026-08-03:004:UP:120000:DIRECTIONAL_STARTED:120000""],""episode_id"":""DIR:ABB:2026-08-03:004:UP:120000"",""extreme_price"":7570.0,""extreme_time"":""2026-08-03T12:00:00+05:30"",""first_adverse_bar_close"":null,""first_adverse_bar_level"":null,""first_adverse_bar_time"":null,""inactive_bars"":0,""last_close"":7556.5,""last_observation_state"":""ORDERLY_UPTREND"",""last_observation_state_time"":""2026-08-03T12:03:00+05:30"",""last_reason_codes"":[""DIRECTIONAL_MATURITY_OBSERVED""],""opposite_control_bars"":0,""origin_event_id"":null,""origin_price"":7549.5,""origin_source"":""OBSERVATION_CONFIRMATION"",""parent_episode_id"":null,""protection_level"":7407.0,""protection_source"":""CONFIRMED_RECOMPRESSION_BOX"",""protection_time"":""2026-08-03T11:27:00+05:30"",""rejection_seen"":false,""rejection_seen_at"":null,""reversal_confirmation_breach_closes"":0,""reversal_confirmation_level"":null,""reversal_confirmation_level_time"":null,""reversal_confirmation_source"":"""",""reversal_leg_failure_closes"":0,""reversal_leg_progress_atr"":0.0,""reversal_leg_progress_bars"":0,""reversal_watch_age_bars"":0,""sequence"":4,""start_candidate_bars"":0,""start_candidate_side"":""UNKNOWN"",""started_at"":""2026-08-03T12:00:00+05:30"",""state"":""MATURE"",""state_age_bars"":1,""state_started_at"":""2026-08-03T12:03:00+05:30"",""trend_restore_bars"":0},""evidence_history"":[{""atr"":22.274747427123643,""bar"":{""body_fraction"":0.7441860465116279,""close"":7465.0,""close_position"":0.813953488372093,""direction"":""UP"",""high"":7469.0,""low"":7447.5,""lower_wick_fraction"":0.06976744186046512,""move_atr"":0.7183021963480056,""move_points"":16.0,""open"":7449.0,""snapshot_time"":""2026-08-03T11:30:00+05:30"",""upper_wick_fraction"":0.18604651162790695,""volume"":10628.0},""close"":7465.0,""trend"":{""ema_ref"":7365.814400108751,""ema_slow"":7376.134317316485,""hma_order"":""BUY"",""hma_spread_atr"":3.7525603249981816}},{""atr"":22.25512261090053,""bar"":{""body_fraction"":0.6136363636363636,""close"":7451.5,""close_position"":0.022727272727272728,""direction"":""DOWN"",""high"":7473.0,""low"":7451.0,""lower_wick_fraction"":0.022727272727272728,""move_atr"":-0.6066019152546802,""move_points"":-13.5,""open"":7465.0,""snapshot_time"":""2026-08-03T11:33:00+05:30"",""upper_wick_fraction"":0.3636363636363637,""volume"":9962.0},""close"":7451.5,""trend"":{""ema_ref"":7366.666993142496,""ema_slow"":7377.626707072594,""hma_order"":""BUY"",""hma_spread_atr"":4.0658622436245535}},{""atr"":21.66547099583621,""bar"":{""body_fraction"":0.10714285714285714,""close"":7453.0,""close_position"":0.5714285714285714,""direction"":""UP"",""high"":7459.0,""low"":7445.0,""lower_wick_fraction"":0.4642857142857143,""move_atr"":0.0692345899282909,""move_points"":1.5,""open"":7451.5,""snapshot_time"":""2026-08-03T11:36:00+05:30"",""upper_wick_fraction"":0.42857142857142855,""volume"":3596.0},""close"":7453.0,""trend"":{""ema_ref"":7367.526028036601,""ema_slow"":7379.119247526603,""hma_order"":""BUY"",""hma_spread_atr"":4.388034859484658}},{""atr"":20.903651638990763,""bar"":{""body_fraction"":0.3636363636363637,""close"":7447.0,""close_position"":0.2727272727272727,""direction"":""DOWN"",""high"":7455.0,""low"":7444.0,""lower_wick_fraction"":0.2727272727272727,""move_atr"":-0.19135412649811656,""move_points"":-4.0,""open"":7451.0,""snapshot_time"":""2026-08-03T11:39:00+05:30"",""upper_wick_fraction"":0.3636363636363637,""volume"":2934.0},""close"":7447.0,""trend"":{""ema_ref"":7368.316813827281,""ema_slow"":7380.463420842908,""hma_order"":""BUY"",""hma_spread_atr"":4.7234168905678295}},{""atr"":20.124819379062853,""bar"":{""body_fraction"":0.55,""close"":7449.5,""close_position"":0.75,""direction"":""UP"",""high"":7452.0,""low"":7442.0,""lower_wick_fraction"":0.2,""move_atr"":0.2732943782701476,""move_points"":5.5,""open"":7444.0,""snapshot_time"":""2026-08-03T11:42:00+05:30"",""upper_wick_fraction"":0.25,""volume"":3347.0},""close"":7449.5,""trend"":{""ema_ref"":7369.124606724523,""ema_slow"":7381.830481816316,""hma_order"":""BUY"",""hma_spread_atr"":4.957592117345721}},{""atr"":19.794475137701223,""bar"":{""body_fraction"":0.6129032258064516,""close"":7440.0,""close_position"":0.3225806451612903,""direction"":""DOWN"",""high"":7450.5,""low"":7435.0,""lower_wick_fraction"":0.3225806451612903,""move_atr"":-0.479931896850651,""move_points"":-9.5,""open"":7449.5,""snapshot_time"":""2026-08-03T11:45:00+05:30"",""upper_wick_fraction"":0.06451612903225806,""volume"":4576.0},""close"":7440.0,""trend"":{""ema_ref"":7369.829834518309,""ema_slow"":7382.982353463518,""hma_order"":""BUY"",""hma_spread_atr"":4.88222068537548}},{""atr"":19.416298342151137,""bar"":{""body_fraction"":0.5862068965517241,""close"":7431.5,""close_position"":0.3103448275862069,""direction"":""DOWN"",""high"":7441.5,""low"":7427.0,""lower_wick_fraction"":0.3103448275862069,""move_atr"":-0.4377765447468028,""move_points"":-8.5,""open"":7440.0,""snapshot_time"":""2026-08-03T11:48:00+05:30"",""upper_wick_fraction"":0.10344827586206896,""volume"":4196.0},""close"":7431.5,""trend"":{""ema_ref"":7370.443468005689,""ema_slow"":7383.943098939488,""hma_order"":""BUY"",""hma_spread_atr"":4.583525478969616}},{""atr"":19.922277031997485,""bar"":{""body_fraction"":0.9622641509433962,""close"":7457.0,""close_position"":1.0,""direction"":""UP"",""high"":7457.0,""low"":7430.5,""lower_wick_fraction"":0.03773584905660377,""move_atr"":1.2799741695712816,""move_points"":25.5,""open"":7431.5,""snapshot_time"":""2026-08-03T11:51:00+05:30"",""upper_wick_fraction"":0.0,""volume"":19542.0},""close"":7457.0,""trend"":{""ema_ref"":7371.304727030509,""ema_slow"":7385.389770247617,""hma_order"":""BUY"",""hma_spread_atr"":4.230906675429625}},{""atr"":22.499257243997665,""bar"":{""body_fraction"":0.7767857142857143,""close"":7500.0,""close_position"":0.8035714285714286,""direction"":""UP"",""high"":7511.0,""low"":7455.0,""lower_wick_fraction"":0.026785714285714284,""move_atr"":1.9333971574374929,""move_points"":43.5,""open"":7456.5,""snapshot_time"":""2026-08-03T11:54:00+05:30"",""upper_wick_fraction"":0.19642857142857145,""volume"":27744.0},""close"":7500.0,""trend"":{""ema_ref"":7372.585277010306,""ema_slow"":7387.659279747664,""hma_order"":""BUY"",""hma_spread_atr"":4.037827844863514}},{""atr"":26.60645315514069,""bar"":{""body_fraction"":0.8375,""close"":7569.0,""close_position"":0.8625,""direction"":""UP"",""high"":7580.0,""low"":7500.0,""lower_wick_fraction"":0.025,""move_atr"":2.5181860809979772,""move_points"":67.0,""open"":7502.0,""snapshot_time"":""2026-08-03T11:57:00+05:30"",""upper_wick_fraction"":0.1375,""volume"":48810.0},""close"":7569.0,""trend"":{""ema_ref"":7374.539652363437,""ema_slow"":7391.250185099196,""hma_order"":""BUY"",""hma_spread_atr"":4.364533684758084}},{""atr"":27.09884935834493,""bar"":{""body_fraction"":0.47761194029850745,""close"":7549.5,""close_position"":0.3880597014925373,""direction"":""DOWN"",""high"":7570.0,""low"":7536.5,""lower_wick_fraction"":0.3880597014925373,""move_atr"":-0.590430973227758,""move_points"":-16.0,""open"":7565.5,""snapshot_time"":""2026-08-03T12:00:00+05:30"",""upper_wick_fraction"":0.13432835820895522,""volume"":19345.0},""close"":7549.5,""trend"":{""ema_ref"":7376.280551344896,""ema_slow"":7394.383844800202,""hma_order"":""BUY"",""hma_spread_atr"":5.332586989846007}},{""atr"":26.34178868989172,""bar"":{""body_fraction"":0.42424242424242425,""close"":7556.5,""close_position"":0.5151515151515151,""direction"":""UP"",""high"":7564.5,""low"":7548.0,""lower_wick_fraction"":0.09090909090909093,""move_atr"":0.2657374593049617,""move_points"":7.0,""open"":7549.5,""snapshot_time"":""2026-08-03T12:03:00+05:30"",""upper_wick_fraction"":0.48484848484848486,""volume"":6641.0},""close"":7556.5,""trend"":{""ema_ref"":7378.073779689723,""ema_slow"":7397.594065695247,""hma_order"":""BUY"",""hma_spread_atr"":6.449484754370961}}],""last_observation_hash"":""571b0e63bbecdc59ed67891531e42af5688f9b1cf8a07bbe62e180cfafa54fac"",""last_snapshot_time"":""2026-08-03T12:03:00+05:30"",""observation"":{""compression_box_high"":null,""compression_box_low"":null,""compression_candidate_bars"":0,""current_state"":""ORDERLY_UPTREND"",""established_side"":""UP"",""exhaustion_active"":true,""exhaustion_age_bars"":1,""exhaustion_clear_bars"":0,""exhaustion_last_seen_at"":""2026-08-03T12:03:00+05:30"",""exhaustion_side"":""UP"",""exhaustion_started_at"":""2026-08-03T12:03:00+05:30"",""failure_breach_bars"":0,""last_close"":7556.5,""last_reason_codes"":[""ESTABLISHED_DIRECTIONAL_CONTEXT_RETAINED"",""OBSERVATION_PROPOSAL_MATCHED_CURRENT"",""OBSERVATION_STATE_ORDERLY_UPTREND""],""last_snapshot_time"":""2026-08-03T12:03:00+05:30"",""leg_age_bars"":13,""leg_anchor_price"":7407.0,""leg_anchor_time"":""2026-08-03T11:27:00+05:30"",""leg_extreme_price"":7580.0,""leg_maturity_consumed"":false,""leg_maturity_extreme_price"":null,""leg_maturity_onset_time"":null,""leg_no_progress_bars"":2,""observation_count"":57,""pending_bars"":0,""pending_state"":null,""protection_level"":7407.0,""protection_source"":""CONFIRMED_RECOMPRESSION_BOX"",""protection_time"":""2026-08-03T11:27:00+05:30"",""pullback_age_bars"":0,""pullback_candidate_bars"":0,""pullback_extreme_price"":null,""reacceleration_age_bars"":2,""recompression_age_bars"":0,""reversal_confirmation_bars"":0,""reversal_side"":""UP"",""state_age_bars"":11,""trading_day"":""2026-08-03"",""trend_anchor_price"":7355.0,""trend_candidate_bars"":11,""trend_candidate_side"":""UP"",""trend_extreme_price"":7580.0,""trend_failure_age_bars"":0,""trend_onset_time"":""2026-08-03T10:48:00+05:30""},""symbol"":""ABB"",""trading_day"":""2026-08-03""}"
restoration-v3-current-day,development,restoration-trend-control-v3,backtest-default,OK,,,,ABB,2026-08-03,2026-08-03T12:06:00+05:30,2026-08-03T12:03:00+05:30,SNAPSHOT_AUCTION_AUTHORITY_V3A,3m,True,True,7546.5,2026-08-03T12:06:00,7556.5,7556.5,7540.0,7546.5,5275.0,25.63880378347088,TRENDING_UP,BUY,candidate_has_directional_efficiency_or_displacement,RANGE_ACCEPTED,DYNAMIC:2026-08-03T10:54:00+05:30:2026-08-03T11:18:00+05:30,7392.5,7433.0,16,ok,TURNING_DOWN,-0.05850506960730505,0.45341428945661416,OK,INCREMENTAL_PREVIOUS_SNAPSHOT,AUTOTRADES_AUCTION_ENGINE,1.1.0,,,ORDERLY_UPTREND,UP,UP,False,False,True,UP,False,False,False,7407.0,CONFIRMED_RECOMPRESSION_BOX,2026-08-03T11:27:00+05:30,DYNAMIC:2026-08-03T10:54:00+05:30:2026-08-03T11:18:00+05:30,7392.5,7433.0,False,3.802469135802469,0.5835616438356165,PRICE_ACTION,0.5574103569386588,ESTABLISHED_DIRECTIONAL_CONTEXT_RETAINED|OBSERVATION_PROPOSAL_MATCHED_CURRENT|OBSERVATION_STATE_ORDERLY_UPTREND|OBJECTIVE_ACCEPTED_RANGE_GEOMETRY_PRESENT|OBJECTIVE_TREND_PROTECTION_GEOMETRY_PRESENT,DIR:ABB:2026-08-03:004:UP:120000,MATURE,REVERSAL_WATCH,UP,OBSERVATION_CONFIRMATION,,,2026-08-03T12:00:00+05:30,2026-08-03T12:06:00+05:30,1,7549.5,7570.0,2026-08-03T12:00:00+05:30,7407.0,CONFIRMED_RECOMPRESSION_BOX,7540.0,EPISODE_PRICE_ACTION_FIRST_ADVERSE_BAR:BAR_LOW,2026-08-03T12:06:00+05:30,0,0.0,0,True,REVERSAL_WATCH_TRIGGERED,4,UNKNOWN,0,1,0,0,0,ORDERLY_UPTREND,2026-08-03T12:06:00+05:30,REVERSAL_WATCH_TRIGGERED,,NONE,NONE,0,,,,,,UNKNOWN,0,0,0,0,False,False,NO_QUALIFIED_ACCEPTED_RANGE,1,DIR:ABB:2026-08-03:004:UP:120000:REVERSAL_WATCH_STARTED:120600,REVERSAL_WATCH_STARTED,UP,DIR:ABB:2026-08-03:004:UP:120000,REVERSAL_WATCH_STARTED:EXHAUSTION_CONTEXT_ACTIVE,0,,,,,MATCH,MATCH,CONFLICT,MATCH,False,0,False,False,True,True,EPISODE_SLOPE_CONFLICT,TRANSITIONAL_CONFLICT,"[""event_id='DIR:ABB:2026-08-03:004:UP:120000:REVERSAL_WATCH_STARTED:120600' event_type=<AuctionEventType.REVERSAL_WATCH_STARTED: 'REVERSAL_WATCH_STARTED'> episode_id='DIR:ABB:2026-08-03:004:UP:120000' symbol='ABB' trading_day=datetime.date(2026, 8, 3) event_time=datetime.datetime(2026, 8, 3, 12, 6, tzinfo=TzInfo(19800)) direction=<DirectionalBias.UP: 'UP'> reason_codes=('EXHAUSTION_CONTEXT_ACTIVE',) data={'origin_price': 7549.5, 'extreme_price': 7570.0, 'origin_source': 'OBSERVATION_CONFIRMATION', 'origin_event_id': None, 'protection_level': 7407.0, 'parent_episode_id': None, 'protection_source': 'CONFIRMED_RECOMPRESSION_BOX', 'first_adverse_bar_time': None, 'first_adverse_bar_close': None, 'first_adverse_bar_level': None, 'continuation_failure_time': None, 'reversal_leg_progress_atr': 0.0, 'reversal_leg_progress_bars': 0, 'reversal_confirmation_level': None, 'reversal_leg_failure_closes': 0, 'reversal_confirmation_source': '', 'reversal_confirmation_level_time': None}""]",[],"{""accepted_range_breakout_eligible"":true,""accepted_range_established_at"":""2026-08-03T11:18:00+05:30"",""accepted_range_high"":7433.0,""accepted_range_id"":""DYNAMIC:2026-08-03T10:54:00+05:30:2026-08-03T11:18:00+05:30"",""accepted_range_inside"":false,""accepted_range_low"":7392.5,""accepted_range_outside_atr"":4.426883600286082,""accepted_range_position"":3.802469135802469,""accepted_range_provisional"":false,""atr"":25.63880378347088,""close"":7546.5,""current_leg_mature"":false,""directional_bias"":""UP"",""directional_efficiency"":0.5835616438356165,""directional_efficiency_source"":""PRICE_ACTION"",""exhausted_side"":""UP"",""exhaustion_active"":true,""extension_mature"":false,""failed_extreme_observed"":false,""high"":7556.5,""low"":7540.0,""observation_state"":""ORDERLY_UPTREND"",""overlap_ratio"":0.5574103569386588,""range_width_atr"":1.5796368793972364,""rejection_observed"":false,""snapshot_time"":""2026-08-03T12:06:00+05:30"",""source_reason_codes"":[""ESTABLISHED_DIRECTIONAL_CONTEXT_RETAINED"",""OBSERVATION_PROPOSAL_MATCHED_CURRENT"",""OBSERVATION_STATE_ORDERLY_UPTREND"",""OBJECTIVE_ACCEPTED_RANGE_GEOMETRY_PRESENT"",""OBJECTIVE_TREND_PROTECTION_GEOMETRY_PRESENT""],""structural_failure_confirmed"":false,""symbol"":""ABB"",""trading_day"":""2026-08-03"",""trend_direction"":""UP"",""trend_protection_level"":7407.0,""trend_protection_source"":""CONFIRMED_RECOMPRESSION_BOX"",""trend_protection_time"":""2026-08-03T11:27:00+05:30""}","{""continuation_failure_seen"":true,""continuation_failure_time"":""2026-08-03T12:06:00+05:30"",""current_state"":""REVERSAL_WATCH"",""direction"":""UP"",""episode_id"":""DIR:ABB:2026-08-03:004:UP:120000"",""extreme_price"":7570.0,""extreme_time"":""2026-08-03T12:00:00+05:30"",""first_adverse_bar_close"":7546.5,""first_adverse_bar_level"":7540.0,""first_adverse_bar_time"":""2026-08-03T12:06:00+05:30"",""origin_event_id"":null,""origin_price"":7549.5,""origin_source"":""OBSERVATION_CONFIRMATION"",""parent_episode_id"":null,""previous_state"":""MATURE"",""protection_level"":7407.0,""protection_source"":""CONFIRMED_RECOMPRESSION_BOX"",""reason_codes"":[""REVERSAL_WATCH_TRIGGERED""],""rejection_seen"":true,""reversal_confirmation_breach_closes"":0,""reversal_confirmation_level"":7540.0,""reversal_confirmation_level_time"":""2026-08-03T12:06:00+05:30"",""reversal_confirmation_source"":""EPISODE_PRICE_ACTION_FIRST_ADVERSE_BAR:BAR_LOW"",""reversal_leg_failure_closes"":0,""reversal_leg_progress_atr"":0.0,""reversal_leg_progress_bars"":0,""started_at"":""2026-08-03T12:00:00+05:30"",""state_age_bars"":1,""state_started_at"":""2026-08-03T12:06:00+05:30""}","{""attempt_limit_reached"":false,""candidate_bar_expansion_count"":0,""candidate_high"":null,""candidate_last_valid_at"":null,""candidate_low"":null,""candidate_merge_count"":0,""containment_bars"":0,""containment_ratio"":0.0,""current_state"":""NONE"",""down_escape_attempt_count"":0,""episode_id"":null,""escape_attempt_count"":0,""escape_direction"":""UNKNOWN"",""failed_escape_count"":0,""forming_bars_observed"":0,""forming_invalid_bars"":0,""frozen_high"":null,""frozen_low"":null,""last_escape_direction"":""UNKNOWN"",""last_escape_failed_at"":null,""last_escape_started_at"":null,""marginal_excursion_bars"":0,""meaningful_escape_bars"":0,""outside_close_count"":0,""previous_state"":""NONE"",""range_id"":null,""rearm_bars_elapsed"":0,""rearm_inside_close_count"":0,""rearm_required"":false,""reason_codes"":[""NO_QUALIFIED_ACCEPTED_RANGE""],""reentry_close_count"":0,""source_range_ids"":[],""started_at"":null,""state_age_bars"":0,""state_started_at"":null,""up_escape_attempt_count"":0}","{""balance_attempt_limit_reached"":false,""balance_candidate_bar_expansion_count"":0,""balance_candidate_merge_count"":0,""balance_containment_ratio"":0.0,""balance_down_escape_attempt_count"":0,""balance_escape_attempt_count"":0,""balance_failed_escape_count"":0,""balance_forming_bars_observed"":0,""balance_forming_invalid_bars"":0,""balance_last_escape_direction"":""UNKNOWN"",""balance_last_escape_failed_at"":null,""balance_last_escape_started_at"":null,""balance_marginal_excursion_bars"":0,""balance_meaningful_escape_bars"":0,""balance_rearm_bars_elapsed"":0,""balance_rearm_inside_close_count"":0,""balance_rearm_required"":false,""balance_up_escape_attempt_count"":0,""directional_origin_event_id"":null,""directional_origin_source"":""OBSERVATION_CONFIRMATION"",""directional_parent_episode_id"":null,""directional_reversal_watch_age_bars"":1,""directional_start_candidate_bars"":0,""directional_start_candidate_side"":""UNKNOWN"",""observation_accepted_range_id"":""DYNAMIC:2026-08-03T10:54:00+05:30:2026-08-03T11:18:00+05:30"",""observation_current_leg_mature"":false,""observation_directional_bias"":""UP"",""observation_exhaustion_active"":true,""observation_state"":""ORDERLY_UPTREND""}","{""balance"":{""attempt_limit_reached"":false,""candidate_bar_expansion_count"":0,""candidate_high"":null,""candidate_last_valid_at"":null,""candidate_low"":null,""candidate_merge_count"":0,""containment_bars"":0,""down_escape_attempt_count"":0,""emitted_event_ids"":[""BAL:ABB:2026-08-03:001:NEUTRAL:100600:BALANCE_COMPLETED:105400"",""BAL:ABB:2026-08-03:001:NEUTRAL:100600:BALANCE_ESCAPE_ACCEPTED:105100"",""BAL:ABB:2026-08-03:001:NEUTRAL:100600:BALANCE_ESCAPE_STARTED:104800"",""BAL:ABB:2026-08-03:001:NEUTRAL:100600:BALANCE_FORMING_STARTED:100600"",""BAL:ABB:2026-08-03:001:NEUTRAL:100600:BALANCE_LOCKED:102700"",""BAL:ABB:2026-08-03:001:NEUTRAL:100600:BALANCE_PROBABLE:101800"",""BAL:ABB:2026-08-03:002:NEUTRAL:112100:BALANCE_COMPLETED:113000"",""BAL:ABB:2026-08-03:002:NEUTRAL:112100:BALANCE_FORMING_STARTED:112100"",""BAL:ABB:2026-08-03:003:NEUTRAL:114800:BALANCE_COMPLETED:115400"",""BAL:ABB:2026-08-03:003:NEUTRAL:114800:BALANCE_FORMING_STARTED:114800""],""episode_id"":null,""escape_attempt_count"":0,""escape_direction"":""UNKNOWN"",""failed_escape_count"":0,""forming_bars_observed"":0,""forming_invalid_bars"":0,""frozen_high"":null,""frozen_low"":null,""last_escape_direction"":""UNKNOWN"",""last_escape_failed_at"":null,""last_escape_started_at"":null,""last_reason_codes"":[""NO_QUALIFIED_ACCEPTED_RANGE""],""marginal_excursion_bars"":0,""meaningful_escape_bars"":0,""outside_close_count"":0,""range_id"":null,""rearm_bars_elapsed"":0,""rearm_inside_close_count"":0,""rearm_required"":false,""reentry_close_count"":0,""sequence"":3,""source_range_ids"":[],""started_at"":null,""state"":""NONE"",""state_age_bars"":0,""state_started_at"":null,""up_escape_attempt_count"":0},""directional"":{""continuation_failure_progress_bars"":1,""continuation_failure_seen"":true,""continuation_failure_seen_at"":""2026-08-03T12:06:00+05:30"",""direction"":""UP"",""emitted_event_ids"":[""DIR:ABB:2026-08-03:001:DOWN:101500:DIRECTIONAL_COMPLETED:105100"",""DIR:ABB:2026-08-03:001:DOWN:101500:DIRECTIONAL_STARTED:101500"",""DIR:ABB:2026-08-03:002:UP:110000:DIRECTIONAL_COMPLETED:113900"",""DIR:ABB:2026-08-03:002:UP:110000:DIRECTIONAL_MATURED:110300"",""DIR:ABB:2026-08-03:002:UP:110000:DIRECTIONAL_REVERSAL_CONFIRMED:113900"",""DIR:ABB:2026-08-03:002:UP:110000:DIRECTIONAL_STARTED:110000"",""DIR:ABB:2026-08-03:002:UP:110000:REVERSAL_WATCH_STARTED:110600"",""DIR:ABB:2026-08-03:003:DOWN:113900:DIRECTIONAL_COMPLETED:115400"",""DIR:ABB:2026-08-03:003:DOWN:113900:DIRECTIONAL_REVERSAL_LEG_FAILED:115400"",""DIR:ABB:2026-08-03:003:DOWN:113900:DIRECTIONAL_REVERSAL_LEG_STARTED:113900"",""DIR:ABB:2026-08-03:004:UP:120000:DIRECTIONAL_MATURED:120300"",""DIR:ABB:2026-08-03:004:UP:120000:DIRECTIONAL_STARTED:120000"",""DIR:ABB:2026-08-03:004:UP:120000:REVERSAL_WATCH_STARTED:120600""],""episode_id"":""DIR:ABB:2026-08-03:004:UP:120000"",""extreme_price"":7570.0,""extreme_time"":""2026-08-03T12:00:00+05:30"",""first_adverse_bar_close"":7546.5,""first_adverse_bar_level"":7540.0,""first_adverse_bar_time"":""2026-08-03T12:06:00+05:30"",""inactive_bars"":0,""last_close"":7546.5,""last_observation_state"":""ORDERLY_UPTREND"",""last_observation_state_time"":""2026-08-03T12:06:00+05:30"",""last_reason_codes"":[""REVERSAL_WATCH_TRIGGERED""],""opposite_control_bars"":0,""origin_event_id"":null,""origin_price"":7549.5,""origin_source"":""OBSERVATION_CONFIRMATION"",""parent_episode_id"":null,""protection_level"":7407.0,""protection_source"":""CONFIRMED_RECOMPRESSION_BOX"",""protection_time"":""2026-08-03T11:27:00+05:30"",""rejection_seen"":true,""rejection_seen_at"":""2026-08-03T12:06:00+05:30"",""reversal_confirmation_breach_closes"":0,""reversal_confirmation_level"":7540.0,""reversal_confirmation_level_time"":""2026-08-03T12:06:00+05:30"",""reversal_confirmation_source"":""EPISODE_PRICE_ACTION_FIRST_ADVERSE_BAR:BAR_LOW"",""reversal_leg_failure_closes"":0,""reversal_leg_progress_atr"":0.0,""reversal_leg_progress_bars"":0,""reversal_watch_age_bars"":1,""sequence"":4,""start_candidate_bars"":0,""start_candidate_side"":""UNKNOWN"",""started_at"":""2026-08-03T12:00:00+05:30"",""state"":""REVERSAL_WATCH"",""state_age_bars"":1,""state_started_at"":""2026-08-03T12:06:00+05:30"",""trend_restore_bars"":0},""evidence_history"":[{""atr"":22.25512261090053,""bar"":{""body_fraction"":0.6136363636363636,""close"":7451.5,""close_position"":0.022727272727272728,""direction"":""DOWN"",""high"":7473.0,""low"":7451.0,""lower_wick_fraction"":0.022727272727272728,""move_atr"":-0.6066019152546802,""move_points"":-13.5,""open"":7465.0,""snapshot_time"":""2026-08-03T11:33:00+05:30"",""upper_wick_fraction"":0.3636363636363637,""volume"":9962.0},""close"":7451.5,""trend"":{""ema_ref"":7366.666993142496,""ema_slow"":7377.626707072594,""hma_order"":""BUY"",""hma_spread_atr"":4.0658622436245535}},{""atr"":21.66547099583621,""bar"":{""body_fraction"":0.10714285714285714,""close"":7453.0,""close_position"":0.5714285714285714,""direction"":""UP"",""high"":7459.0,""low"":7445.0,""lower_wick_fraction"":0.4642857142857143,""move_atr"":0.0692345899282909,""move_points"":1.5,""open"":7451.5,""snapshot_time"":""2026-08-03T11:36:00+05:30"",""upper_wick_fraction"":0.42857142857142855,""volume"":3596.0},""close"":7453.0,""trend"":{""ema_ref"":7367.526028036601,""ema_slow"":7379.119247526603,""hma_order"":""BUY"",""hma_spread_atr"":4.388034859484658}},{""atr"":20.903651638990763,""bar"":{""body_fraction"":0.3636363636363637,""close"":7447.0,""close_position"":0.2727272727272727,""direction"":""DOWN"",""high"":7455.0,""low"":7444.0,""lower_wick_fraction"":0.2727272727272727,""move_atr"":-0.19135412649811656,""move_points"":-4.0,""open"":7451.0,""snapshot_time"":""2026-08-03T11:39:00+05:30"",""upper_wick_fraction"":0.3636363636363637,""volume"":2934.0},""close"":7447.0,""trend"":{""ema_ref"":7368.316813827281,""ema_slow"":7380.463420842908,""hma_order"":""BUY"",""hma_spread_atr"":4.7234168905678295}},{""atr"":20.124819379062853,""bar"":{""body_fraction"":0.55,""close"":7449.5,""close_position"":0.75,""direction"":""UP"",""high"":7452.0,""low"":7442.0,""lower_wick_fraction"":0.2,""move_atr"":0.2732943782701476,""move_points"":5.5,""open"":7444.0,""snapshot_time"":""2026-08-03T11:42:00+05:30"",""upper_wick_fraction"":0.25,""volume"":3347.0},""close"":7449.5,""trend"":{""ema_ref"":7369.124606724523,""ema_slow"":7381.830481816316,""hma_order"":""BUY"",""hma_spread_atr"":4.957592117345721}},{""atr"":19.794475137701223,""bar"":{""body_fraction"":0.6129032258064516,""close"":7440.0,""close_position"":0.3225806451612903,""direction"":""DOWN"",""high"":7450.5,""low"":7435.0,""lower_wick_fraction"":0.3225806451612903,""move_atr"":-0.479931896850651,""move_points"":-9.5,""open"":7449.5,""snapshot_time"":""2026-08-03T11:45:00+05:30"",""upper_wick_fraction"":0.06451612903225806,""volume"":4576.0},""close"":7440.0,""trend"":{""ema_ref"":7369.829834518309,""ema_slow"":7382.982353463518,""hma_order"":""BUY"",""hma_spread_atr"":4.88222068537548}},{""atr"":19.416298342151137,""bar"":{""body_fraction"":0.5862068965517241,""close"":7431.5,""close_position"":0.3103448275862069,""direction"":""DOWN"",""high"":7441.5,""low"":7427.0,""lower_wick_fraction"":0.3103448275862069,""move_atr"":-0.4377765447468028,""move_points"":-8.5,""open"":7440.0,""snapshot_time"":""2026-08-03T11:48:00+05:30"",""upper_wick_fraction"":0.10344827586206896,""volume"":4196.0},""close"":7431.5,""trend"":{""ema_ref"":7370.443468005689,""ema_slow"":7383.943098939488,""hma_order"":""BUY"",""hma_spread_atr"":4.583525478969616}},{""atr"":19.922277031997485,""bar"":{""body_fraction"":0.9622641509433962,""close"":7457.0,""close_position"":1.0,""direction"":""UP"",""high"":7457.0,""low"":7430.5,""lower_wick_fraction"":0.03773584905660377,""move_atr"":1.2799741695712816,""move_points"":25.5,""open"":7431.5,""snapshot_time"":""2026-08-03T11:51:00+05:30"",""upper_wick_fraction"":0.0,""volume"":19542.0},""close"":7457.0,""trend"":{""ema_ref"":7371.304727030509,""ema_slow"":7385.389770247617,""hma_order"":""BUY"",""hma_spread_atr"":4.230906675429625}},{""atr"":22.499257243997665,""bar"":{""body_fraction"":0.7767857142857143,""close"":7500.0,""close_position"":0.8035714285714286,""direction"":""UP"",""high"":7511.0,""low"":7455.0,""lower_wick_fraction"":0.026785714285714284,""move_atr"":1.9333971574374929,""move_points"":43.5,""open"":7456.5,""snapshot_time"":""2026-08-03T11:54:00+05:30"",""upper_wick_fraction"":0.19642857142857145,""volume"":27744.0},""close"":7500.0,""trend"":{""ema_ref"":7372.585277010306,""ema_slow"":7387.659279747664,""hma_order"":""BUY"",""hma_spread_atr"":4.037827844863514}},{""atr"":26.60645315514069,""bar"":{""body_fraction"":0.8375,""close"":7569.0,""close_position"":0.8625,""direction"":""UP"",""high"":7580.0,""low"":7500.0,""lower_wick_fraction"":0.025,""move_atr"":2.5181860809979772,""move_points"":67.0,""open"":7502.0,""snapshot_time"":""2026-08-03T11:57:00+05:30"",""upper_wick_fraction"":0.1375,""volume"":48810.0},""close"":7569.0,""trend"":{""ema_ref"":7374.539652363437,""ema_slow"":7391.250185099196,""hma_order"":""BUY"",""hma_spread_atr"":4.364533684758084}},{""atr"":27.09884935834493,""bar"":{""body_fraction"":0.47761194029850745,""close"":7549.5,""close_position"":0.3880597014925373,""direction"":""DOWN"",""high"":7570.0,""low"":7536.5,""lower_wick_fraction"":0.3880597014925373,""move_atr"":-0.590430973227758,""move_points"":-16.0,""open"":7565.5,""snapshot_time"":""2026-08-03T12:00:00+05:30"",""upper_wick_fraction"":0.13432835820895522,""volume"":19345.0},""close"":7549.5,""trend"":{""ema_ref"":7376.280551344896,""ema_slow"":7394.383844800202,""hma_order"":""BUY"",""hma_spread_atr"":5.332586989846007}},{""atr"":26.34178868989172,""bar"":{""body_fraction"":0.42424242424242425,""close"":7556.5,""close_position"":0.5151515151515151,""direction"":""UP"",""high"":7564.5,""low"":7548.0,""lower_wick_fraction"":0.09090909090909093,""move_atr"":0.2657374593049617,""move_points"":7.0,""open"":7549.5,""snapshot_time"":""2026-08-03T12:03:00+05:30"",""upper_wick_fraction"":0.48484848484848486,""volume"":6641.0},""close"":7556.5,""trend"":{""ema_ref"":7378.073779689723,""ema_slow"":7397.594065695247,""hma_order"":""BUY"",""hma_spread_atr"":6.449484754370961}},{""atr"":25.63880378347088,""bar"":{""body_fraction"":0.6060606060606061,""close"":7546.5,""close_position"":0.3939393939393939,""direction"":""DOWN"",""high"":7556.5,""low"":7540.0,""lower_wick_fraction"":0.3939393939393939,""move_atr"":-0.3900337973820337,""move_points"":-10.0,""open"":7556.5,""snapshot_time"":""2026-08-03T12:06:00+05:30"",""upper_wick_fraction"":0.0,""volume"":5275.0},""close"":7546.5,""trend"":{""ema_ref"":7379.749662478881,""ema_slow"":7400.542698057718,""hma_order"":""BUY"",""hma_spread_atr"":7.269772466044208}}],""last_observation_hash"":""550244a8ef1035d1d0121c3d32a426d8c9a964bc34b066b60d356ae6c38b1a99"",""last_snapshot_time"":""2026-08-03T12:06:00+05:30"",""observation"":{""compression_box_high"":null,""compression_box_low"":null,""compression_candidate_bars"":0,""current_state"":""ORDERLY_UPTREND"",""established_side"":""UP"",""exhaustion_active"":true,""exhaustion_age_bars"":2,""exhaustion_clear_bars"":0,""exhaustion_last_seen_at"":""2026-08-03T12:06:00+05:30"",""exhaustion_side"":""UP"",""exhaustion_started_at"":""2026-08-03T12:03:00+05:30"",""failure_breach_bars"":0,""last_close"":7546.5,""last_reason_codes"":[""ESTABLISHED_DIRECTIONAL_CONTEXT_RETAINED"",""OBSERVATION_PROPOSAL_MATCHED_CURRENT"",""OBSERVATION_STATE_ORDERLY_UPTREND""],""last_snapshot_time"":""2026-08-03T12:06:00+05:30"",""leg_age_bars"":14,""leg_anchor_price"":7407.0,""leg_anchor_time"":""2026-08-03T11:27:00+05:30"",""leg_extreme_price"":7580.0,""leg_maturity_consumed"":false,""leg_maturity_extreme_price"":null,""leg_maturity_onset_time"":null,""leg_no_progress_bars"":3,""observation_count"":58,""pending_bars"":0,""pending_state"":null,""protection_level"":7407.0,""protection_source"":""CONFIRMED_RECOMPRESSION_BOX"",""protection_time"":""2026-08-03T11:27:00+05:30"",""pullback_age_bars"":0,""pullback_candidate_bars"":1,""pullback_extreme_price"":null,""reacceleration_age_bars"":2,""recompression_age_bars"":0,""reversal_confirmation_bars"":0,""reversal_side"":""UP"",""state_age_bars"":12,""trading_day"":""2026-08-03"",""trend_anchor_price"":7355.0,""trend_candidate_bars"":12,""trend_candidate_side"":""UP"",""trend_extreme_price"":7580.0,""trend_failure_age_bars"":0,""trend_onset_time"":""2026-08-03T10:48:00+05:30""},""symbol"":""ABB"",""trading_day"":""2026-08-03""}"
restoration-v3-current-day,development,restoration-trend-control-v3,backtest-default,OK,,,,ABB,2026-08-03,2026-08-03T12:09:00+05:30,2026-08-03T12:06:00+05:30,SNAPSHOT_AUCTION_AUTHORITY_V3A,3m,True,True,7549.5,2026-08-03T12:09:00,7545.5,7555.0,7539.0,7549.5,4337.0,24.950317798937245,TRENDING_UP,BUY,candidate_has_directional_efficiency_or_displacement,RANGE_ACCEPTED,DYNAMIC:2026-08-03T10:54:00+05:30:2026-08-03T11:18:00+05:30,7392.5,7433.0,17,ok,DOWN_SLOWING,-0.14027877433084568,-0.1953882928179636,OK,INCREMENTAL_PREVIOUS_SNAPSHOT,AUTOTRADES_AUCTION_ENGINE,1.1.0,,,ORDERLY_UPTREND,UP,UP,False,False,True,UP,False,False,False,7407.0,CONFIRMED_RECOMPRESSION_BOX,2026-08-03T11:27:00+05:30,DYNAMIC:2026-08-03T10:54:00+05:30:2026-08-03T11:18:00+05:30,7392.5,7433.0,False,3.876543209876543,0.6666666666666666,PRICE_ACTION,0.7298160173160173,ESTABLISHED_DIRECTIONAL_CONTEXT_RETAINED|OBSERVATION_PROPOSAL_MATCHED_CURRENT|OBSERVATION_STATE_ORDERLY_UPTREND|OBJECTIVE_ACCEPTED_RANGE_GEOMETRY_PRESENT|OBJECTIVE_TREND_PROTECTION_GEOMETRY_PRESENT,DIR:ABB:2026-08-03:004:UP:120000,REVERSAL_WATCH,REVERSAL_WATCH,UP,OBSERVATION_CONFIRMATION,,,2026-08-03T12:00:00+05:30,2026-08-03T12:06:00+05:30,2,7549.5,7570.0,2026-08-03T12:00:00+05:30,7407.0,CONFIRMED_RECOMPRESSION_BOX,7540.0,EPISODE_PRICE_ACTION_FIRST_ADVERSE_BAR:BAR_LOW,2026-08-03T12:06:00+05:30,0,0.0,0,True,REVERSAL_WATCH_RETAINED,4,UNKNOWN,0,2,0,0,0,ORDERLY_UPTREND,2026-08-03T12:09:00+05:30,REVERSAL_WATCH_RETAINED,,NONE,NONE,0,,,,,,UNKNOWN,0,0,0,0,False,False,NO_QUALIFIED_ACCEPTED_RANGE,0,,,,,,0,,,,,MATCH,MATCH,CONFLICT,MATCH,False,0,False,False,False,True,EPISODE_SLOPE_CONFLICT,TRANSITIONAL_CONFLICT,[],[],"{""accepted_range_breakout_eligible"":true,""accepted_range_established_at"":""2026-08-03T11:18:00+05:30"",""accepted_range_high"":7433.0,""accepted_range_id"":""DYNAMIC:2026-08-03T10:54:00+05:30:2026-08-03T11:18:00+05:30"",""accepted_range_inside"":false,""accepted_range_low"":7392.5,""accepted_range_outside_atr"":4.66927920272672,""accepted_range_position"":3.876543209876543,""accepted_range_provisional"":false,""atr"":24.950317798937245,""close"":7549.5,""current_leg_mature"":false,""directional_bias"":""UP"",""directional_efficiency"":0.6666666666666666,""directional_efficiency_source"":""PRICE_ACTION"",""exhausted_side"":""UP"",""exhaustion_active"":true,""extension_mature"":false,""failed_extreme_observed"":false,""high"":7555.0,""low"":7539.0,""observation_state"":""ORDERLY_UPTREND"",""overlap_ratio"":0.7298160173160173,""range_width_atr"":1.6232258172569285,""rejection_observed"":false,""snapshot_time"":""2026-08-03T12:09:00+05:30"",""source_reason_codes"":[""ESTABLISHED_DIRECTIONAL_CONTEXT_RETAINED"",""OBSERVATION_PROPOSAL_MATCHED_CURRENT"",""OBSERVATION_STATE_ORDERLY_UPTREND"",""OBJECTIVE_ACCEPTED_RANGE_GEOMETRY_PRESENT"",""OBJECTIVE_TREND_PROTECTION_GEOMETRY_PRESENT""],""structural_failure_confirmed"":false,""symbol"":""ABB"",""trading_day"":""2026-08-03"",""trend_direction"":""UP"",""trend_protection_level"":7407.0,""trend_protection_source"":""CONFIRMED_RECOMPRESSION_BOX"",""trend_protection_time"":""2026-08-03T11:27:00+05:30""}","{""continuation_failure_seen"":true,""continuation_failure_time"":""2026-08-03T12:06:00+05:30"",""current_state"":""REVERSAL_WATCH"",""direction"":""UP"",""episode_id"":""DIR:ABB:2026-08-03:004:UP:120000"",""extreme_price"":7570.0,""extreme_time"":""2026-08-03T12:00:00+05:30"",""first_adverse_bar_close"":7546.5,""first_adverse_bar_level"":7540.0,""first_adverse_bar_time"":""2026-08-03T12:06:00+05:30"",""origin_event_id"":null,""origin_price"":7549.5,""origin_source"":""OBSERVATION_CONFIRMATION"",""parent_episode_id"":null,""previous_state"":""REVERSAL_WATCH"",""protection_level"":7407.0,""protection_source"":""CONFIRMED_RECOMPRESSION_BOX"",""reason_codes"":[""REVERSAL_WATCH_RETAINED""],""rejection_seen"":true,""reversal_confirmation_breach_closes"":0,""reversal_confirmation_level"":7540.0,""reversal_confirmation_level_time"":""2026-08-03T12:06:00+05:30"",""reversal_confirmation_source"":""EPISODE_PRICE_ACTION_FIRST_ADVERSE_BAR:BAR_LOW"",""reversal_leg_failure_closes"":0,""reversal_leg_progress_atr"":0.0,""reversal_leg_progress_bars"":0,""started_at"":""2026-08-03T12:00:00+05:30"",""state_age_bars"":2,""state_started_at"":""2026-08-03T12:06:00+05:30""}","{""attempt_limit_reached"":false,""candidate_bar_expansion_count"":0,""candidate_high"":null,""candidate_last_valid_at"":null,""candidate_low"":null,""candidate_merge_count"":0,""containment_bars"":0,""containment_ratio"":0.0,""current_state"":""NONE"",""down_escape_attempt_count"":0,""episode_id"":null,""escape_attempt_count"":0,""escape_direction"":""UNKNOWN"",""failed_escape_count"":0,""forming_bars_observed"":0,""forming_invalid_bars"":0,""frozen_high"":null,""frozen_low"":null,""last_escape_direction"":""UNKNOWN"",""last_escape_failed_at"":null,""last_escape_started_at"":null,""marginal_excursion_bars"":0,""meaningful_escape_bars"":0,""outside_close_count"":0,""previous_state"":""NONE"",""range_id"":null,""rearm_bars_elapsed"":0,""rearm_inside_close_count"":0,""rearm_required"":false,""reason_codes"":[""NO_QUALIFIED_ACCEPTED_RANGE""],""reentry_close_count"":0,""source_range_ids"":[],""started_at"":null,""state_age_bars"":0,""state_started_at"":null,""up_escape_attempt_count"":0}","{""balance_attempt_limit_reached"":false,""balance_candidate_bar_expansion_count"":0,""balance_candidate_merge_count"":0,""balance_containment_ratio"":0.0,""balance_down_escape_attempt_count"":0,""balance_escape_attempt_count"":0,""balance_failed_escape_count"":0,""balance_forming_bars_observed"":0,""balance_forming_invalid_bars"":0,""balance_last_escape_direction"":""UNKNOWN"",""balance_last_escape_failed_at"":null,""balance_last_escape_started_at"":null,""balance_marginal_excursion_bars"":0,""balance_meaningful_escape_bars"":0,""balance_rearm_bars_elapsed"":0,""balance_rearm_inside_close_count"":0,""balance_rearm_required"":false,""balance_up_escape_attempt_count"":0,""directional_origin_event_id"":null,""directional_origin_source"":""OBSERVATION_CONFIRMATION"",""directional_parent_episode_id"":null,""directional_reversal_watch_age_bars"":2,""directional_start_candidate_bars"":0,""directional_start_candidate_side"":""UNKNOWN"",""observation_accepted_range_id"":""DYNAMIC:2026-08-03T10:54:00+05:30:2026-08-03T11:18:00+05:30"",""observation_current_leg_mature"":false,""observation_directional_bias"":""UP"",""observation_exhaustion_active"":true,""observation_state"":""ORDERLY_UPTREND""}","{""balance"":{""attempt_limit_reached"":false,""candidate_bar_expansion_count"":0,""candidate_high"":null,""candidate_last_valid_at"":null,""candidate_low"":null,""candidate_merge_count"":0,""containment_bars"":0,""down_escape_attempt_count"":0,""emitted_event_ids"":[""BAL:ABB:2026-08-03:001:NEUTRAL:100600:BALANCE_COMPLETED:105400"",""BAL:ABB:2026-08-03:001:NEUTRAL:100600:BALANCE_ESCAPE_ACCEPTED:105100"",""BAL:ABB:2026-08-03:001:NEUTRAL:100600:BALANCE_ESCAPE_STARTED:104800"",""BAL:ABB:2026-08-03:001:NEUTRAL:100600:BALANCE_FORMING_STARTED:100600"",""BAL:ABB:2026-08-03:001:NEUTRAL:100600:BALANCE_LOCKED:102700"",""BAL:ABB:2026-08-03:001:NEUTRAL:100600:BALANCE_PROBABLE:101800"",""BAL:ABB:2026-08-03:002:NEUTRAL:112100:BALANCE_COMPLETED:113000"",""BAL:ABB:2026-08-03:002:NEUTRAL:112100:BALANCE_FORMING_STARTED:112100"",""BAL:ABB:2026-08-03:003:NEUTRAL:114800:BALANCE_COMPLETED:115400"",""BAL:ABB:2026-08-03:003:NEUTRAL:114800:BALANCE_FORMING_STARTED:114800""],""episode_id"":null,""escape_attempt_count"":0,""escape_direction"":""UNKNOWN"",""failed_escape_count"":0,""forming_bars_observed"":0,""forming_invalid_bars"":0,""frozen_high"":null,""frozen_low"":null,""last_escape_direction"":""UNKNOWN"",""last_escape_failed_at"":null,""last_escape_started_at"":null,""last_reason_codes"":[""NO_QUALIFIED_ACCEPTED_RANGE""],""marginal_excursion_bars"":0,""meaningful_escape_bars"":0,""outside_close_count"":0,""range_id"":null,""rearm_bars_elapsed"":0,""rearm_inside_close_count"":0,""rearm_required"":false,""reentry_close_count"":0,""sequence"":3,""source_range_ids"":[],""started_at"":null,""state"":""NONE"",""state_age_bars"":0,""state_started_at"":null,""up_escape_attempt_count"":0},""directional"":{""continuation_failure_progress_bars"":1,""continuation_failure_seen"":true,""continuation_failure_seen_at"":""2026-08-03T12:06:00+05:30"",""direction"":""UP"",""emitted_event_ids"":[""DIR:ABB:2026-08-03:001:DOWN:101500:DIRECTIONAL_COMPLETED:105100"",""DIR:ABB:2026-08-03:001:DOWN:101500:DIRECTIONAL_STARTED:101500"",""DIR:ABB:2026-08-03:002:UP:110000:DIRECTIONAL_COMPLETED:113900"",""DIR:ABB:2026-08-03:002:UP:110000:DIRECTIONAL_MATURED:110300"",""DIR:ABB:2026-08-03:002:UP:110000:DIRECTIONAL_REVERSAL_CONFIRMED:113900"",""DIR:ABB:2026-08-03:002:UP:110000:DIRECTIONAL_STARTED:110000"",""DIR:ABB:2026-08-03:002:UP:110000:REVERSAL_WATCH_STARTED:110600"",""DIR:ABB:2026-08-03:003:DOWN:113900:DIRECTIONAL_COMPLETED:115400"",""DIR:ABB:2026-08-03:003:DOWN:113900:DIRECTIONAL_REVERSAL_LEG_FAILED:115400"",""DIR:ABB:2026-08-03:003:DOWN:113900:DIRECTIONAL_REVERSAL_LEG_STARTED:113900"",""DIR:ABB:2026-08-03:004:UP:120000:DIRECTIONAL_MATURED:120300"",""DIR:ABB:2026-08-03:004:UP:120000:DIRECTIONAL_STARTED:120000"",""DIR:ABB:2026-08-03:004:UP:120000:REVERSAL_WATCH_STARTED:120600""],""episode_id"":""DIR:ABB:2026-08-03:004:UP:120000"",""extreme_price"":7570.0,""extreme_time"":""2026-08-03T12:00:00+05:30"",""first_adverse_bar_close"":7546.5,""first_adverse_bar_level"":7540.0,""first_adverse_bar_time"":""2026-08-03T12:06:00+05:30"",""inactive_bars"":0,""last_close"":7549.5,""last_observation_state"":""ORDERLY_UPTREND"",""last_observation_state_time"":""2026-08-03T12:09:00+05:30"",""last_reason_codes"":[""REVERSAL_WATCH_RETAINED""],""opposite_control_bars"":0,""origin_event_id"":null,""origin_price"":7549.5,""origin_source"":""OBSERVATION_CONFIRMATION"",""parent_episode_id"":null,""protection_level"":7407.0,""protection_source"":""CONFIRMED_RECOMPRESSION_BOX"",""protection_time"":""2026-08-03T11:27:00+05:30"",""rejection_seen"":true,""rejection_seen_at"":""2026-08-03T12:06:00+05:30"",""reversal_confirmation_breach_closes"":0,""reversal_confirmation_level"":7540.0,""reversal_confirmation_level_time"":""2026-08-03T12:06:00+05:30"",""reversal_confirmation_source"":""EPISODE_PRICE_ACTION_FIRST_ADVERSE_BAR:BAR_LOW"",""reversal_leg_failure_closes"":0,""reversal_leg_progress_atr"":0.0,""reversal_leg_progress_bars"":0,""reversal_watch_age_bars"":2,""sequence"":4,""start_candidate_bars"":0,""start_candidate_side"":""UNKNOWN"",""started_at"":""2026-08-03T12:00:00+05:30"",""state"":""REVERSAL_WATCH"",""state_age_bars"":2,""state_started_at"":""2026-08-03T12:06:00+05:30"",""trend_restore_bars"":0},""evidence_history"":[{""atr"":21.66547099583621,""bar"":{""body_fraction"":0.10714285714285714,""close"":7453.0,""close_position"":0.5714285714285714,""direction"":""UP"",""high"":7459.0,""low"":7445.0,""lower_wick_fraction"":0.4642857142857143,""move_atr"":0.0692345899282909,""move_points"":1.5,""open"":7451.5,""snapshot_time"":""2026-08-03T11:36:00+05:30"",""upper_wick_fraction"":0.42857142857142855,""volume"":3596.0},""close"":7453.0,""trend"":{""ema_ref"":7367.526028036601,""ema_slow"":7379.119247526603,""hma_order"":""BUY"",""hma_spread_atr"":4.388034859484658}},{""atr"":20.903651638990763,""bar"":{""body_fraction"":0.3636363636363637,""close"":7447.0,""close_position"":0.2727272727272727,""direction"":""DOWN"",""high"":7455.0,""low"":7444.0,""lower_wick_fraction"":0.2727272727272727,""move_atr"":-0.19135412649811656,""move_points"":-4.0,""open"":7451.0,""snapshot_time"":""2026-08-03T11:39:00+05:30"",""upper_wick_fraction"":0.3636363636363637,""volume"":2934.0},""close"":7447.0,""trend"":{""ema_ref"":7368.316813827281,""ema_slow"":7380.463420842908,""hma_order"":""BUY"",""hma_spread_atr"":4.7234168905678295}},{""atr"":20.124819379062853,""bar"":{""body_fraction"":0.55,""close"":7449.5,""close_position"":0.75,""direction"":""UP"",""high"":7452.0,""low"":7442.0,""lower_wick_fraction"":0.2,""move_atr"":0.2732943782701476,""move_points"":5.5,""open"":7444.0,""snapshot_time"":""2026-08-03T11:42:00+05:30"",""upper_wick_fraction"":0.25,""volume"":3347.0},""close"":7449.5,""trend"":{""ema_ref"":7369.124606724523,""ema_slow"":7381.830481816316,""hma_order"":""BUY"",""hma_spread_atr"":4.957592117345721}},{""atr"":19.794475137701223,""bar"":{""body_fraction"":0.6129032258064516,""close"":7440.0,""close_position"":0.3225806451612903,""direction"":""DOWN"",""high"":7450.5,""low"":7435.0,""lower_wick_fraction"":0.3225806451612903,""move_atr"":-0.479931896850651,""move_points"":-9.5,""open"":7449.5,""snapshot_time"":""2026-08-03T11:45:00+05:30"",""upper_wick_fraction"":0.06451612903225806,""volume"":4576.0},""close"":7440.0,""trend"":{""ema_ref"":7369.829834518309,""ema_slow"":7382.982353463518,""hma_order"":""BUY"",""hma_spread_atr"":4.88222068537548}},{""atr"":19.416298342151137,""bar"":{""body_fraction"":0.5862068965517241,""close"":7431.5,""close_position"":0.3103448275862069,""direction"":""DOWN"",""high"":7441.5,""low"":7427.0,""lower_wick_fraction"":0.3103448275862069,""move_atr"":-0.4377765447468028,""move_points"":-8.5,""open"":7440.0,""snapshot_time"":""2026-08-03T11:48:00+05:30"",""upper_wick_fraction"":0.10344827586206896,""volume"":4196.0},""close"":7431.5,""trend"":{""ema_ref"":7370.443468005689,""ema_slow"":7383.943098939488,""hma_order"":""BUY"",""hma_spread_atr"":4.583525478969616}},{""atr"":19.922277031997485,""bar"":{""body_fraction"":0.9622641509433962,""close"":7457.0,""close_position"":1.0,""direction"":""UP"",""high"":7457.0,""low"":7430.5,""lower_wick_fraction"":0.03773584905660377,""move_atr"":1.2799741695712816,""move_points"":25.5,""open"":7431.5,""snapshot_time"":""2026-08-03T11:51:00+05:30"",""upper_wick_fraction"":0.0,""volume"":19542.0},""close"":7457.0,""trend"":{""ema_ref"":7371.304727030509,""ema_slow"":7385.389770247617,""hma_order"":""BUY"",""hma_spread_atr"":4.230906675429625}},{""atr"":22.499257243997665,""bar"":{""body_fraction"":0.7767857142857143,""close"":7500.0,""close_position"":0.8035714285714286,""direction"":""UP"",""high"":7511.0,""low"":7455.0,""lower_wick_fraction"":0.026785714285714284,""move_atr"":1.9333971574374929,""move_points"":43.5,""open"":7456.5,""snapshot_time"":""2026-08-03T11:54:00+05:30"",""upper_wick_fraction"":0.19642857142857145,""volume"":27744.0},""close"":7500.0,""trend"":{""ema_ref"":7372.585277010306,""ema_slow"":7387.659279747664,""hma_order"":""BUY"",""hma_spread_atr"":4.037827844863514}},{""atr"":26.60645315514069,""bar"":{""body_fraction"":0.8375,""close"":7569.0,""close_position"":0.8625,""direction"":""UP"",""high"":7580.0,""low"":7500.0,""lower_wick_fraction"":0.025,""move_atr"":2.5181860809979772,""move_points"":67.0,""open"":7502.0,""snapshot_time"":""2026-08-03T11:57:00+05:30"",""upper_wick_fraction"":0.1375,""volume"":48810.0},""close"":7569.0,""trend"":{""ema_ref"":7374.539652363437,""ema_slow"":7391.250185099196,""hma_order"":""BUY"",""hma_spread_atr"":4.364533684758084}},{""atr"":27.09884935834493,""bar"":{""body_fraction"":0.47761194029850745,""close"":7549.5,""close_position"":0.3880597014925373,""direction"":""DOWN"",""high"":7570.0,""low"":7536.5,""lower_wick_fraction"":0.3880597014925373,""move_atr"":-0.590430973227758,""move_points"":-16.0,""open"":7565.5,""snapshot_time"":""2026-08-03T12:00:00+05:30"",""upper_wick_fraction"":0.13432835820895522,""volume"":19345.0},""close"":7549.5,""trend"":{""ema_ref"":7376.280551344896,""ema_slow"":7394.383844800202,""hma_order"":""BUY"",""hma_spread_atr"":5.332586989846007}},{""atr"":26.34178868989172,""bar"":{""body_fraction"":0.42424242424242425,""close"":7556.5,""close_position"":0.5151515151515151,""direction"":""UP"",""high"":7564.5,""low"":7548.0,""lower_wick_fraction"":0.09090909090909093,""move_atr"":0.2657374593049617,""move_points"":7.0,""open"":7549.5,""snapshot_time"":""2026-08-03T12:03:00+05:30"",""upper_wick_fraction"":0.48484848484848486,""volume"":6641.0},""close"":7556.5,""trend"":{""ema_ref"":7378.073779689723,""ema_slow"":7397.594065695247,""hma_order"":""BUY"",""hma_spread_atr"":6.449484754370961}},{""atr"":25.63880378347088,""bar"":{""body_fraction"":0.6060606060606061,""close"":7546.5,""close_position"":0.3939393939393939,""direction"":""DOWN"",""high"":7556.5,""low"":7540.0,""lower_wick_fraction"":0.3939393939393939,""move_atr"":-0.3900337973820337,""move_points"":-10.0,""open"":7556.5,""snapshot_time"":""2026-08-03T12:06:00+05:30"",""upper_wick_fraction"":0.0,""volume"":5275.0},""close"":7546.5,""trend"":{""ema_ref"":7379.749662478881,""ema_slow"":7400.542698057718,""hma_order"":""BUY"",""hma_spread_atr"":7.269772466044208}},{""atr"":24.950317798937245,""bar"":{""body_fraction"":0.25,""close"":7549.5,""close_position"":0.65625,""direction"":""UP"",""high"":7555.0,""low"":7539.0,""lower_wick_fraction"":0.40625,""move_atr"":0.1603185992352522,""move_points"":4.0,""open"":7545.5,""snapshot_time"":""2026-08-03T12:09:00+05:30"",""upper_wick_fraction"":0.34375,""volume"":4337.0},""close"":7549.5,""trend"":{""ema_ref"":7381.4387205636685,""ema_slow"":7403.492347601129,""hma_order"":""BUY"",""hma_spread_atr"":7.855622395053977}}],""last_observation_hash"":""b1aa1abacdd19c9c54a71f9eda6f3ceb27199ae54b8c87b8da162d4ccac965ed"",""last_snapshot_time"":""2026-08-03T12:09:00+05:30"",""observation"":{""compression_box_high"":null,""compression_box_low"":null,""compression_candidate_bars"":0,""current_state"":""ORDERLY_UPTREND"",""established_side"":""UP"",""exhaustion_active"":true,""exhaustion_age_bars"":3,""exhaustion_clear_bars"":0,""exhaustion_last_seen_at"":""2026-08-03T12:09:00+05:30"",""exhaustion_side"":""UP"",""exhaustion_started_at"":""2026-08-03T12:03:00+05:30"",""failure_breach_bars"":0,""last_close"":7549.5,""last_reason_codes"":[""ESTABLISHED_DIRECTIONAL_CONTEXT_RETAINED"",""OBSERVATION_PROPOSAL_MATCHED_CURRENT"",""OBSERVATION_STATE_ORDERLY_UPTREND""],""last_snapshot_time"":""2026-08-03T12:09:00+05:30"",""leg_age_bars"":15,""leg_anchor_price"":7407.0,""leg_anchor_time"":""2026-08-03T11:27:00+05:30"",""leg_extreme_price"":7580.0,""leg_maturity_consumed"":false,""leg_maturity_extreme_price"":null,""leg_maturity_onset_time"":null,""leg_no_progress_bars"":4,""observation_count"":59,""pending_bars"":0,""pending_state"":null,""protection_level"":7407.0,""protection_source"":""CONFIRMED_RECOMPRESSION_BOX"",""protection_time"":""2026-08-03T11:27:00+05:30"",""pullback_age_bars"":0,""pullback_candidate_bars"":0,""pullback_extreme_price"":null,""reacceleration_age_bars"":2,""recompression_age_bars"":0,""reversal_confirmation_bars"":0,""reversal_side"":""UP"",""state_age_bars"":13,""trading_day"":""2026-08-03"",""trend_anchor_price"":7355.0,""trend_candidate_bars"":13,""trend_candidate_side"":""UP"",""trend_extreme_price"":7580.0,""trend_failure_age_bars"":0,""trend_onset_time"":""2026-08-03T10:48:00+05:30""},""symbol"":""ABB"",""trading_day"":""2026-08-03""}"
restoration-v3-current-day,development,restoration-trend-control-v3,backtest-default,OK,,,,ABB,2026-08-03,2026-08-03T12:12:00+05:30,2026-08-03T12:09:00+05:30,SNAPSHOT_AUCTION_AUTHORITY_V3A,3m,True,True,7567.0,2026-08-03T12:12:00,7549.5,7568.0,7542.0,7567.0,6160.0,25.025295099013157,TRENDING_UP,BUY,candidate_has_directional_efficiency_or_displacement,RANGE_ACCEPTED,DYNAMIC:2026-08-03T10:54:00+05:30:2026-08-03T11:18:00+05:30,7392.5,7433.0,18,ok,UP_ACCELERATING,0.40958557968829695,0.17482311328159014,OK,INCREMENTAL_PREVIOUS_SNAPSHOT,AUTOTRADES_AUCTION_ENGINE,1.1.0,,,ORDERLY_UPTREND,UP,UP,True,True,True,UP,False,False,False,7407.0,CONFIRMED_RECOMPRESSION_BOX,2026-08-03T11:27:00+05:30,DYNAMIC:2026-08-03T10:54:00+05:30:2026-08-03T11:18:00+05:30,7392.5,7433.0,False,4.308641975308642,0.650887573964497,PRICE_ACTION,0.8530303030303031,CURRENT_DIRECTIONAL_LEG_MATURED|AWAITING_2_BAR_CONFIRMATION_FOR_MATURE_EXTENSION|OBSERVATION_STATE_ORDERLY_UPTREND|OBJECTIVE_ACCEPTED_RANGE_GEOMETRY_PRESENT|OBJECTIVE_TREND_PROTECTION_GEOMETRY_PRESENT,DIR:ABB:2026-08-03:004:UP:120000,REVERSAL_WATCH,REVERSAL_WATCH,UP,OBSERVATION_CONFIRMATION,,,2026-08-03T12:00:00+05:30,2026-08-03T12:06:00+05:30,3,7549.5,7570.0,2026-08-03T12:00:00+05:30,7407.0,CONFIRMED_RECOMPRESSION_BOX,7540.0,EPISODE_PRICE_ACTION_FIRST_ADVERSE_BAR:BAR_LOW,2026-08-03T12:06:00+05:30,0,0.0,0,True,REVERSAL_WATCH_RETAINED,4,UNKNOWN,0,3,0,0,0,ORDERLY_UPTREND,2026-08-03T12:12:00+05:30,REVERSAL_WATCH_RETAINED,,NONE,NONE,0,,,,,,UNKNOWN,0,0,0,0,False,False,NO_QUALIFIED_ACCEPTED_RANGE,0,,,,,,0,,,,,MATCH,MATCH,MATCH,MATCH,False,0,False,False,False,True,,COHERENT,[],[],"{""accepted_range_breakout_eligible"":true,""accepted_range_established_at"":""2026-08-03T11:18:00+05:30"",""accepted_range_high"":7433.0,""accepted_range_id"":""DYNAMIC:2026-08-03T10:54:00+05:30:2026-08-03T11:18:00+05:30"",""accepted_range_inside"":false,""accepted_range_low"":7392.5,""accepted_range_outside_atr"":5.354582212510419,""accepted_range_position"":4.308641975308642,""accepted_range_provisional"":false,""atr"":25.025295099013157,""close"":7567.0,""current_leg_mature"":true,""directional_bias"":""UP"",""directional_efficiency"":0.650887573964497,""directional_efficiency_source"":""PRICE_ACTION"",""exhausted_side"":""UP"",""exhaustion_active"":true,""extension_mature"":true,""failed_extreme_observed"":false,""high"":7568.0,""low"":7542.0,""observation_state"":""ORDERLY_UPTREND"",""overlap_ratio"":0.8530303030303031,""range_width_atr"":1.618362534378149,""rejection_observed"":false,""snapshot_time"":""2026-08-03T12:12:00+05:30"",""source_reason_codes"":[""CURRENT_DIRECTIONAL_LEG_MATURED"",""AWAITING_2_BAR_CONFIRMATION_FOR_MATURE_EXTENSION"",""OBSERVATION_STATE_ORDERLY_UPTREND"",""OBJECTIVE_ACCEPTED_RANGE_GEOMETRY_PRESENT"",""OBJECTIVE_TREND_PROTECTION_GEOMETRY_PRESENT""],""structural_failure_confirmed"":false,""symbol"":""ABB"",""trading_day"":""2026-08-03"",""trend_direction"":""UP"",""trend_protection_level"":7407.0,""trend_protection_source"":""CONFIRMED_RECOMPRESSION_BOX"",""trend_protection_time"":""2026-08-03T11:27:00+05:30""}","{""continuation_failure_seen"":true,""continuation_failure_time"":""2026-08-03T12:06:00+05:30"",""current_state"":""REVERSAL_WATCH"",""direction"":""UP"",""episode_id"":""DIR:ABB:2026-08-03:004:UP:120000"",""extreme_price"":7570.0,""extreme_time"":""2026-08-03T12:00:00+05:30"",""first_adverse_bar_close"":7546.5,""first_adverse_bar_level"":7540.0,""first_adverse_bar_time"":""2026-08-03T12:06:00+05:30"",""origin_event_id"":null,""origin_price"":7549.5,""origin_source"":""OBSERVATION_CONFIRMATION"",""parent_episode_id"":null,""previous_state"":""REVERSAL_WATCH"",""protection_level"":7407.0,""protection_source"":""CONFIRMED_RECOMPRESSION_BOX"",""reason_codes"":[""REVERSAL_WATCH_RETAINED""],""rejection_seen"":true,""reversal_confirmation_breach_closes"":0,""reversal_confirmation_level"":7540.0,""reversal_confirmation_level_time"":""2026-08-03T12:06:00+05:30"",""reversal_confirmation_source"":""EPISODE_PRICE_ACTION_FIRST_ADVERSE_BAR:BAR_LOW"",""reversal_leg_failure_closes"":0,""reversal_leg_progress_atr"":0.0,""reversal_leg_progress_bars"":0,""started_at"":""2026-08-03T12:00:00+05:30"",""state_age_bars"":3,""state_started_at"":""2026-08-03T12:06:00+05:30""}","{""attempt_limit_reached"":false,""candidate_bar_expansion_count"":0,""candidate_high"":null,""candidate_last_valid_at"":null,""candidate_low"":null,""candidate_merge_count"":0,""containment_bars"":0,""containment_ratio"":0.0,""current_state"":""NONE"",""down_escape_attempt_count"":0,""episode_id"":null,""escape_attempt_count"":0,""escape_direction"":""UNKNOWN"",""failed_escape_count"":0,""forming_bars_observed"":0,""forming_invalid_bars"":0,""frozen_high"":null,""frozen_low"":null,""last_escape_direction"":""UNKNOWN"",""last_escape_failed_at"":null,""last_escape_started_at"":null,""marginal_excursion_bars"":0,""meaningful_escape_bars"":0,""outside_close_count"":0,""previous_state"":""NONE"",""range_id"":null,""rearm_bars_elapsed"":0,""rearm_inside_close_count"":0,""rearm_required"":false,""reason_codes"":[""NO_QUALIFIED_ACCEPTED_RANGE""],""reentry_close_count"":0,""source_range_ids"":[],""started_at"":null,""state_age_bars"":0,""state_started_at"":null,""up_escape_attempt_count"":0}","{""balance_attempt_limit_reached"":false,""balance_candidate_bar_expansion_count"":0,""balance_candidate_merge_count"":0,""balance_containment_ratio"":0.0,""balance_down_escape_attempt_count"":0,""balance_escape_attempt_count"":0,""balance_failed_escape_count"":0,""balance_forming_bars_observed"":0,""balance_forming_invalid_bars"":0,""balance_last_escape_direction"":""UNKNOWN"",""balance_last_escape_failed_at"":null,""balance_last_escape_started_at"":null,""balance_marginal_excursion_bars"":0,""balance_meaningful_escape_bars"":0,""balance_rearm_bars_elapsed"":0,""balance_rearm_inside_close_count"":0,""balance_rearm_required"":false,""balance_up_escape_attempt_count"":0,""directional_origin_event_id"":null,""directional_origin_source"":""OBSERVATION_CONFIRMATION"",""directional_parent_episode_id"":null,""directional_reversal_watch_age_bars"":3,""directional_start_candidate_bars"":0,""directional_start_candidate_side"":""UNKNOWN"",""observation_accepted_range_id"":""DYNAMIC:2026-08-03T10:54:00+05:30:2026-08-03T11:18:00+05:30"",""observation_current_leg_mature"":true,""observation_directional_bias"":""UP"",""observation_exhaustion_active"":true,""observation_state"":""ORDERLY_UPTREND""}","{""balance"":{""attempt_limit_reached"":false,""candidate_bar_expansion_count"":0,""candidate_high"":null,""candidate_last_valid_at"":null,""candidate_low"":null,""candidate_merge_count"":0,""containment_bars"":0,""down_escape_attempt_count"":0,""emitted_event_ids"":[""BAL:ABB:2026-08-03:001:NEUTRAL:100600:BALANCE_COMPLETED:105400"",""BAL:ABB:2026-08-03:001:NEUTRAL:100600:BALANCE_ESCAPE_ACCEPTED:105100"",""BAL:ABB:2026-08-03:001:NEUTRAL:100600:BALANCE_ESCAPE_STARTED:104800"",""BAL:ABB:2026-08-03:001:NEUTRAL:100600:BALANCE_FORMING_STARTED:100600"",""BAL:ABB:2026-08-03:001:NEUTRAL:100600:BALANCE_LOCKED:102700"",""BAL:ABB:2026-08-03:001:NEUTRAL:100600:BALANCE_PROBABLE:101800"",""BAL:ABB:2026-08-03:002:NEUTRAL:112100:BALANCE_COMPLETED:113000"",""BAL:ABB:2026-08-03:002:NEUTRAL:112100:BALANCE_FORMING_STARTED:112100"",""BAL:ABB:2026-08-03:003:NEUTRAL:114800:BALANCE_COMPLETED:115400"",""BAL:ABB:2026-08-03:003:NEUTRAL:114800:BALANCE_FORMING_STARTED:114800""],""episode_id"":null,""escape_attempt_count"":0,""escape_direction"":""UNKNOWN"",""failed_escape_count"":0,""forming_bars_observed"":0,""forming_invalid_bars"":0,""frozen_high"":null,""frozen_low"":null,""last_escape_direction"":""UNKNOWN"",""last_escape_failed_at"":null,""last_escape_started_at"":null,""last_reason_codes"":[""NO_QUALIFIED_ACCEPTED_RANGE""],""marginal_excursion_bars"":0,""meaningful_escape_bars"":0,""outside_close_count"":0,""range_id"":null,""rearm_bars_elapsed"":0,""rearm_inside_close_count"":0,""rearm_required"":false,""reentry_close_count"":0,""sequence"":3,""source_range_ids"":[],""started_at"":null,""state"":""NONE"",""state_age_bars"":0,""state_started_at"":null,""up_escape_attempt_count"":0},""directional"":{""continuation_failure_progress_bars"":1,""continuation_failure_seen"":true,""continuation_failure_seen_at"":""2026-08-03T12:06:00+05:30"",""direction"":""UP"",""emitted_event_ids"":[""DIR:ABB:2026-08-03:001:DOWN:101500:DIRECTIONAL_COMPLETED:105100"",""DIR:ABB:2026-08-03:001:DOWN:101500:DIRECTIONAL_STARTED:101500"",""DIR:ABB:2026-08-03:002:UP:110000:DIRECTIONAL_COMPLETED:113900"",""DIR:ABB:2026-08-03:002:UP:110000:DIRECTIONAL_MATURED:110300"",""DIR:ABB:2026-08-03:002:UP:110000:DIRECTIONAL_REVERSAL_CONFIRMED:113900"",""DIR:ABB:2026-08-03:002:UP:110000:DIRECTIONAL_STARTED:110000"",""DIR:ABB:2026-08-03:002:UP:110000:REVERSAL_WATCH_STARTED:110600"",""DIR:ABB:2026-08-03:003:DOWN:113900:DIRECTIONAL_COMPLETED:115400"",""DIR:ABB:2026-08-03:003:DOWN:113900:DIRECTIONAL_REVERSAL_LEG_FAILED:115400"",""DIR:ABB:2026-08-03:003:DOWN:113900:DIRECTIONAL_REVERSAL_LEG_STARTED:113900"",""DIR:ABB:2026-08-03:004:UP:120000:DIRECTIONAL_MATURED:120300"",""DIR:ABB:2026-08-03:004:UP:120000:DIRECTIONAL_STARTED:120000"",""DIR:ABB:2026-08-03:004:UP:120000:REVERSAL_WATCH_STARTED:120600""],""episode_id"":""DIR:ABB:2026-08-03:004:UP:120000"",""extreme_price"":7570.0,""extreme_time"":""2026-08-03T12:00:00+05:30"",""first_adverse_bar_close"":7546.5,""first_adverse_bar_level"":7540.0,""first_adverse_bar_time"":""2026-08-03T12:06:00+05:30"",""inactive_bars"":0,""last_close"":7567.0,""last_observation_state"":""ORDERLY_UPTREND"",""last_observation_state_time"":""2026-08-03T12:12:00+05:30"",""last_reason_codes"":[""REVERSAL_WATCH_RETAINED""],""opposite_control_bars"":0,""origin_event_id"":null,""origin_price"":7549.5,""origin_source"":""OBSERVATION_CONFIRMATION"",""parent_episode_id"":null,""protection_level"":7407.0,""protection_source"":""CONFIRMED_RECOMPRESSION_BOX"",""protection_time"":""2026-08-03T11:27:00+05:30"",""rejection_seen"":true,""rejection_seen_at"":""2026-08-03T12:06:00+05:30"",""reversal_confirmation_breach_closes"":0,""reversal_confirmation_level"":7540.0,""reversal_confirmation_level_time"":""2026-08-03T12:06:00+05:30"",""reversal_confirmation_source"":""EPISODE_PRICE_ACTION_FIRST_ADVERSE_BAR:BAR_LOW"",""reversal_leg_failure_closes"":0,""reversal_leg_progress_atr"":0.0,""reversal_leg_progress_bars"":0,""reversal_watch_age_bars"":3,""sequence"":4,""start_candidate_bars"":0,""start_candidate_side"":""UNKNOWN"",""started_at"":""2026-08-03T12:00:00+05:30"",""state"":""REVERSAL_WATCH"",""state_age_bars"":3,""state_started_at"":""2026-08-03T12:06:00+05:30"",""trend_restore_bars"":0},""evidence_history"":[{""atr"":20.903651638990763,""bar"":{""body_fraction"":0.3636363636363637,""close"":7447.0,""close_position"":0.2727272727272727,""direction"":""DOWN"",""high"":7455.0,""low"":7444.0,""lower_wick_fraction"":0.2727272727272727,""move_atr"":-0.19135412649811656,""move_points"":-4.0,""open"":7451.0,""snapshot_time"":""2026-08-03T11:39:00+05:30"",""upper_wick_fraction"":0.3636363636363637,""volume"":2934.0},""close"":7447.0,""trend"":{""ema_ref"":7368.316813827281,""ema_slow"":7380.463420842908,""hma_order"":""BUY"",""hma_spread_atr"":4.7234168905678295}},{""atr"":20.124819379062853,""bar"":{""body_fraction"":0.55,""close"":7449.5,""close_position"":0.75,""direction"":""UP"",""high"":7452.0,""low"":7442.0,""lower_wick_fraction"":0.2,""move_atr"":0.2732943782701476,""move_points"":5.5,""open"":7444.0,""snapshot_time"":""2026-08-03T11:42:00+05:30"",""upper_wick_fraction"":0.25,""volume"":3347.0},""close"":7449.5,""trend"":{""ema_ref"":7369.124606724523,""ema_slow"":7381.830481816316,""hma_order"":""BUY"",""hma_spread_atr"":4.957592117345721}},{""atr"":19.794475137701223,""bar"":{""body_fraction"":0.6129032258064516,""close"":7440.0,""close_position"":0.3225806451612903,""direction"":""DOWN"",""high"":7450.5,""low"":7435.0,""lower_wick_fraction"":0.3225806451612903,""move_atr"":-0.479931896850651,""move_points"":-9.5,""open"":7449.5,""snapshot_time"":""2026-08-03T11:45:00+05:30"",""upper_wick_fraction"":0.06451612903225806,""volume"":4576.0},""close"":7440.0,""trend"":{""ema_ref"":7369.829834518309,""ema_slow"":7382.982353463518,""hma_order"":""BUY"",""hma_spread_atr"":4.88222068537548}},{""atr"":19.416298342151137,""bar"":{""body_fraction"":0.5862068965517241,""close"":7431.5,""close_position"":0.3103448275862069,""direction"":""DOWN"",""high"":7441.5,""low"":7427.0,""lower_wick_fraction"":0.3103448275862069,""move_atr"":-0.4377765447468028,""move_points"":-8.5,""open"":7440.0,""snapshot_time"":""2026-08-03T11:48:00+05:30"",""upper_wick_fraction"":0.10344827586206896,""volume"":4196.0},""close"":7431.5,""trend"":{""ema_ref"":7370.443468005689,""ema_slow"":7383.943098939488,""hma_order"":""BUY"",""hma_spread_atr"":4.583525478969616}},{""atr"":19.922277031997485,""bar"":{""body_fraction"":0.9622641509433962,""close"":7457.0,""close_position"":1.0,""direction"":""UP"",""high"":7457.0,""low"":7430.5,""lower_wick_fraction"":0.03773584905660377,""move_atr"":1.2799741695712816,""move_points"":25.5,""open"":7431.5,""snapshot_time"":""2026-08-03T11:51:00+05:30"",""upper_wick_fraction"":0.0,""volume"":19542.0},""close"":7457.0,""trend"":{""ema_ref"":7371.304727030509,""ema_slow"":7385.389770247617,""hma_order"":""BUY"",""hma_spread_atr"":4.230906675429625}},{""atr"":22.499257243997665,""bar"":{""body_fraction"":0.7767857142857143,""close"":7500.0,""close_position"":0.8035714285714286,""direction"":""UP"",""high"":7511.0,""low"":7455.0,""lower_wick_fraction"":0.026785714285714284,""move_atr"":1.9333971574374929,""move_points"":43.5,""open"":7456.5,""snapshot_time"":""2026-08-03T11:54:00+05:30"",""upper_wick_fraction"":0.19642857142857145,""volume"":27744.0},""close"":7500.0,""trend"":{""ema_ref"":7372.585277010306,""ema_slow"":7387.659279747664,""hma_order"":""BUY"",""hma_spread_atr"":4.037827844863514}},{""atr"":26.60645315514069,""bar"":{""body_fraction"":0.8375,""close"":7569.0,""close_position"":0.8625,""direction"":""UP"",""high"":7580.0,""low"":7500.0,""lower_wick_fraction"":0.025,""move_atr"":2.5181860809979772,""move_points"":67.0,""open"":7502.0,""snapshot_time"":""2026-08-03T11:57:00+05:30"",""upper_wick_fraction"":0.1375,""volume"":48810.0},""close"":7569.0,""trend"":{""ema_ref"":7374.539652363437,""ema_slow"":7391.250185099196,""hma_order"":""BUY"",""hma_spread_atr"":4.364533684758084}},{""atr"":27.09884935834493,""bar"":{""body_fraction"":0.47761194029850745,""close"":7549.5,""close_position"":0.3880597014925373,""direction"":""DOWN"",""high"":7570.0,""low"":7536.5,""lower_wick_fraction"":0.3880597014925373,""move_atr"":-0.590430973227758,""move_points"":-16.0,""open"":7565.5,""snapshot_time"":""2026-08-03T12:00:00+05:30"",""upper_wick_fraction"":0.13432835820895522,""volume"":19345.0},""close"":7549.5,""trend"":{""ema_ref"":7376.280551344896,""ema_slow"":7394.383844800202,""hma_order"":""BUY"",""hma_spread_atr"":5.332586989846007}},{""atr"":26.34178868989172,""bar"":{""body_fraction"":0.42424242424242425,""close"":7556.5,""close_position"":0.5151515151515151,""direction"":""UP"",""high"":7564.5,""low"":7548.0,""lower_wick_fraction"":0.09090909090909093,""move_atr"":0.2657374593049617,""move_points"":7.0,""open"":7549.5,""snapshot_time"":""2026-08-03T12:03:00+05:30"",""upper_wick_fraction"":0.48484848484848486,""volume"":6641.0},""close"":7556.5,""trend"":{""ema_ref"":7378.073779689723,""ema_slow"":7397.594065695247,""hma_order"":""BUY"",""hma_spread_atr"":6.449484754370961}},{""atr"":25.63880378347088,""bar"":{""body_fraction"":0.6060606060606061,""close"":7546.5,""close_position"":0.3939393939393939,""direction"":""DOWN"",""high"":7556.5,""low"":7540.0,""lower_wick_fraction"":0.3939393939393939,""move_atr"":-0.3900337973820337,""move_points"":-10.0,""open"":7556.5,""snapshot_time"":""2026-08-03T12:06:00+05:30"",""upper_wick_fraction"":0.0,""volume"":5275.0},""close"":7546.5,""trend"":{""ema_ref"":7379.749662478881,""ema_slow"":7400.542698057718,""hma_order"":""BUY"",""hma_spread_atr"":7.269772466044208}},{""atr"":24.950317798937245,""bar"":{""body_fraction"":0.25,""close"":7549.5,""close_position"":0.65625,""direction"":""UP"",""high"":7555.0,""low"":7539.0,""lower_wick_fraction"":0.40625,""move_atr"":0.1603185992352522,""move_points"":4.0,""open"":7545.5,""snapshot_time"":""2026-08-03T12:09:00+05:30"",""upper_wick_fraction"":0.34375,""volume"":4337.0},""close"":7549.5,""trend"":{""ema_ref"":7381.4387205636685,""ema_slow"":7403.492347601129,""hma_order"":""BUY"",""hma_spread_atr"":7.855622395053977}},{""atr"":25.025295099013157,""bar"":{""body_fraction"":0.6730769230769231,""close"":7567.0,""close_position"":0.9615384615384616,""direction"":""UP"",""high"":7568.0,""low"":7542.0,""lower_wick_fraction"":0.28846153846153844,""move_atr"":0.6992924531263606,""move_points"":17.5,""open"":7549.5,""snapshot_time"":""2026-08-03T12:12:00+05:30"",""upper_wick_fraction"":0.038461538461538464,""volume"":6160.0},""close"":7567.0,""trend"":{""ema_ref"":7383.285101453583,""ema_slow"":7406.730122896156,""hma_order"":""BUY"",""hma_spread_atr"":8.052580569974428}}],""last_observation_hash"":""ae3fce7277eca062117bc19f229d8caf6da6d60e58c612d2a60de42700a788f8"",""last_snapshot_time"":""2026-08-03T12:12:00+05:30"",""observation"":{""compression_box_high"":null,""compression_box_low"":null,""compression_candidate_bars"":0,""current_state"":""ORDERLY_UPTREND"",""established_side"":""UP"",""exhaustion_active"":true,""exhaustion_age_bars"":4,""exhaustion_clear_bars"":0,""exhaustion_last_seen_at"":""2026-08-03T12:12:00+05:30"",""exhaustion_side"":""UP"",""exhaustion_started_at"":""2026-08-03T12:03:00+05:30"",""failure_breach_bars"":0,""last_close"":7567.0,""last_reason_codes"":[""CURRENT_DIRECTIONAL_LEG_MATURED"",""AWAITING_2_BAR_CONFIRMATION_FOR_MATURE_EXTENSION"",""OBSERVATION_STATE_ORDERLY_UPTREND""],""last_snapshot_time"":""2026-08-03T12:12:00+05:30"",""leg_age_bars"":16,""leg_anchor_price"":7407.0,""leg_anchor_time"":""2026-08-03T11:27:00+05:30"",""leg_extreme_price"":7580.0,""leg_maturity_consumed"":false,""leg_maturity_extreme_price"":null,""leg_maturity_onset_time"":null,""leg_no_progress_bars"":5,""observation_count"":60,""pending_bars"":1,""pending_state"":""MATURE_EXTENSION"",""protection_level"":7407.0,""protection_source"":""CONFIRMED_RECOMPRESSION_BOX"",""protection_time"":""2026-08-03T11:27:00+05:30"",""pullback_age_bars"":0,""pullback_candidate_bars"":0,""pullback_extreme_price"":null,""reacceleration_age_bars"":2,""recompression_age_bars"":0,""reversal_confirmation_bars"":0,""reversal_side"":""UP"",""state_age_bars"":14,""trading_day"":""2026-08-03"",""trend_anchor_price"":7355.0,""trend_candidate_bars"":14,""trend_candidate_side"":""UP"",""trend_extreme_price"":7580.0,""trend_failure_age_bars"":0,""trend_onset_time"":""2026-08-03T10:48:00+05:30""},""symbol"":""ABB"",""trading_day"":""2026-08-03""}"
restoration-v3-current-day,development,restoration-trend-control-v3,backtest-default,OK,,,,ABB,2026-08-03,2026-08-03T12:15:00+05:30,2026-08-03T12:12:00+05:30,SNAPSHOT_AUCTION_AUTHORITY_V3A,3m,True,True,7553.0,2026-08-03T12:15:00,7567.0,7568.5,7550.0,7553.0,4035.0,24.559202591940792,EXPANDING_RANGE,BUY,candidate_boundaries_or_midpoint_still_drifting,RANGE_ACCEPTED,DYNAMIC:2026-08-03T10:54:00+05:30:2026-08-03T11:18:00+05:30,7392.5,7433.0,19,ok,TURNING_UP,0.0712563851960841,-0.03562819259804205,OK,INCREMENTAL_PREVIOUS_SNAPSHOT,AUTOTRADES_AUCTION_ENGINE,1.1.0,,,ORDERLY_UPTREND,UP,UP,False,True,True,UP,False,False,False,7407.0,CONFIRMED_RECOMPRESSION_BOX,2026-08-03T11:27:00+05:30,DYNAMIC:2026-08-03T10:54:00+05:30:2026-08-03T11:18:00+05:30,7392.5,7433.0,False,3.962962962962963,0.37857142857142856,PRICE_ACTION,0.8476248976248977,ESTABLISHED_DIRECTIONAL_CONTEXT_RETAINED|OBSERVATION_PROPOSAL_MATCHED_CURRENT|OBSERVATION_STATE_ORDERLY_UPTREND|OBJECTIVE_ACCEPTED_RANGE_GEOMETRY_PRESENT|OBJECTIVE_TREND_PROTECTION_GEOMETRY_PRESENT,DIR:ABB:2026-08-03:004:UP:120000,REVERSAL_WATCH,REVERSAL_WATCH,UP,OBSERVATION_CONFIRMATION,,,2026-08-03T12:00:00+05:30,2026-08-03T12:06:00+05:30,4,7549.5,7570.0,2026-08-03T12:00:00+05:30,7407.0,CONFIRMED_RECOMPRESSION_BOX,7540.0,EPISODE_PRICE_ACTION_FIRST_ADVERSE_BAR:BAR_LOW,2026-08-03T12:06:00+05:30,0,0.0,0,True,REVERSAL_WATCH_RETAINED,4,UNKNOWN,0,4,0,0,0,ORDERLY_UPTREND,2026-08-03T12:15:00+05:30,REVERSAL_WATCH_RETAINED,,NONE,NONE,0,,,,,,UNKNOWN,0,0,0,0,False,False,NO_QUALIFIED_ACCEPTED_RANGE,0,,,,,,0,,,,,MATCH,MATCH,MATCH,MATCH,False,0,False,False,False,True,,COHERENT,[],[],"{""accepted_range_breakout_eligible"":true,""accepted_range_established_at"":""2026-08-03T11:18:00+05:30"",""accepted_range_high"":7433.0,""accepted_range_id"":""DYNAMIC:2026-08-03T10:54:00+05:30:2026-08-03T11:18:00+05:30"",""accepted_range_inside"":false,""accepted_range_low"":7392.5,""accepted_range_outside_atr"":4.8861521277314806,""accepted_range_position"":3.962962962962963,""accepted_range_provisional"":false,""atr"":24.559202591940792,""close"":7553.0,""current_leg_mature"":false,""directional_bias"":""UP"",""directional_efficiency"":0.37857142857142856,""directional_efficiency_source"":""PRICE_ACTION"",""exhausted_side"":""UP"",""exhaustion_active"":true,""extension_mature"":true,""failed_extreme_observed"":false,""high"":7568.5,""low"":7550.0,""observation_state"":""ORDERLY_UPTREND"",""overlap_ratio"":0.8476248976248977,""range_width_atr"":1.649076343109375,""rejection_observed"":false,""snapshot_time"":""2026-08-03T12:15:00+05:30"",""source_reason_codes"":[""ESTABLISHED_DIRECTIONAL_CONTEXT_RETAINED"",""OBSERVATION_PROPOSAL_MATCHED_CURRENT"",""OBSERVATION_STATE_ORDERLY_UPTREND"",""OBJECTIVE_ACCEPTED_RANGE_GEOMETRY_PRESENT"",""OBJECTIVE_TREND_PROTECTION_GEOMETRY_PRESENT""],""structural_failure_confirmed"":false,""symbol"":""ABB"",""trading_day"":""2026-08-03"",""trend_direction"":""UP"",""trend_protection_level"":7407.0,""trend_protection_source"":""CONFIRMED_RECOMPRESSION_BOX"",""trend_protection_time"":""2026-08-03T11:27:00+05:30""}","{""continuation_failure_seen"":true,""continuation_failure_time"":""2026-08-03T12:06:00+05:30"",""current_state"":""REVERSAL_WATCH"",""direction"":""UP"",""episode_id"":""DIR:ABB:2026-08-03:004:UP:120000"",""extreme_price"":7570.0,""extreme_time"":""2026-08-03T12:00:00+05:30"",""first_adverse_bar_close"":7546.5,""first_adverse_bar_level"":7540.0,""first_adverse_bar_time"":""2026-08-03T12:06:00+05:30"",""origin_event_id"":null,""origin_price"":7549.5,""origin_source"":""OBSERVATION_CONFIRMATION"",""parent_episode_id"":null,""previous_state"":""REVERSAL_WATCH"",""protection_level"":7407.0,""protection_source"":""CONFIRMED_RECOMPRESSION_BOX"",""reason_codes"":[""REVERSAL_WATCH_RETAINED""],""rejection_seen"":true,""reversal_confirmation_breach_closes"":0,""reversal_confirmation_level"":7540.0,""reversal_confirmation_level_time"":""2026-08-03T12:06:00+05:30"",""reversal_confirmation_source"":""EPISODE_PRICE_ACTION_FIRST_ADVERSE_BAR:BAR_LOW"",""reversal_leg_failure_closes"":0,""reversal_leg_progress_atr"":0.0,""reversal_leg_progress_bars"":0,""started_at"":""2026-08-03T12:00:00+05:30"",""state_age_bars"":4,""state_started_at"":""2026-08-03T12:06:00+05:30""}","{""attempt_limit_reached"":false,""candidate_bar_expansion_count"":0,""candidate_high"":null,""candidate_last_valid_at"":null,""candidate_low"":null,""candidate_merge_count"":0,""containment_bars"":0,""containment_ratio"":0.0,""current_state"":""NONE"",""down_escape_attempt_count"":0,""episode_id"":null,""escape_attempt_count"":0,""escape_direction"":""UNKNOWN"",""failed_escape_count"":0,""forming_bars_observed"":0,""forming_invalid_bars"":0,""frozen_high"":null,""frozen_low"":null,""last_escape_direction"":""UNKNOWN"",""last_escape_failed_at"":null,""last_escape_started_at"":null,""marginal_excursion_bars"":0,""meaningful_escape_bars"":0,""outside_close_count"":0,""previous_state"":""NONE"",""range_id"":null,""rearm_bars_elapsed"":0,""rearm_inside_close_count"":0,""rearm_required"":false,""reason_codes"":[""NO_QUALIFIED_ACCEPTED_RANGE""],""reentry_close_count"":0,""source_range_ids"":[],""started_at"":null,""state_age_bars"":0,""state_started_at"":null,""up_escape_attempt_count"":0}","{""balance_attempt_limit_reached"":false,""balance_candidate_bar_expansion_count"":0,""balance_candidate_merge_count"":0,""balance_containment_ratio"":0.0,""balance_down_escape_attempt_count"":0,""balance_escape_attempt_count"":0,""balance_failed_escape_count"":0,""balance_forming_bars_observed"":0,""balance_forming_invalid_bars"":0,""balance_last_escape_direction"":""UNKNOWN"",""balance_last_escape_failed_at"":null,""balance_last_escape_started_at"":null,""balance_marginal_excursion_bars"":0,""balance_meaningful_escape_bars"":0,""balance_rearm_bars_elapsed"":0,""balance_rearm_inside_close_count"":0,""balance_rearm_required"":false,""balance_up_escape_attempt_count"":0,""directional_origin_event_id"":null,""directional_origin_source"":""OBSERVATION_CONFIRMATION"",""directional_parent_episode_id"":null,""directional_reversal_watch_age_bars"":4,""directional_start_candidate_bars"":0,""directional_start_candidate_side"":""UNKNOWN"",""observation_accepted_range_id"":""DYNAMIC:2026-08-03T10:54:00+05:30:2026-08-03T11:18:00+05:30"",""observation_current_leg_mature"":false,""observation_directional_bias"":""UP"",""observation_exhaustion_active"":true,""observation_state"":""ORDERLY_UPTREND""}","{""balance"":{""attempt_limit_reached"":false,""candidate_bar_expansion_count"":0,""candidate_high"":null,""candidate_last_valid_at"":null,""candidate_low"":null,""candidate_merge_count"":0,""containment_bars"":0,""down_escape_attempt_count"":0,""emitted_event_ids"":[""BAL:ABB:2026-08-03:001:NEUTRAL:100600:BALANCE_COMPLETED:105400"",""BAL:ABB:2026-08-03:001:NEUTRAL:100600:BALANCE_ESCAPE_ACCEPTED:105100"",""BAL:ABB:2026-08-03:001:NEUTRAL:100600:BALANCE_ESCAPE_STARTED:104800"",""BAL:ABB:2026-08-03:001:NEUTRAL:100600:BALANCE_FORMING_STARTED:100600"",""BAL:ABB:2026-08-03:001:NEUTRAL:100600:BALANCE_LOCKED:102700"",""BAL:ABB:2026-08-03:001:NEUTRAL:100600:BALANCE_PROBABLE:101800"",""BAL:ABB:2026-08-03:002:NEUTRAL:112100:BALANCE_COMPLETED:113000"",""BAL:ABB:2026-08-03:002:NEUTRAL:112100:BALANCE_FORMING_STARTED:112100"",""BAL:ABB:2026-08-03:003:NEUTRAL:114800:BALANCE_COMPLETED:115400"",""BAL:ABB:2026-08-03:003:NEUTRAL:114800:BALANCE_FORMING_STARTED:114800""],""episode_id"":null,""escape_attempt_count"":0,""escape_direction"":""UNKNOWN"",""failed_escape_count"":0,""forming_bars_observed"":0,""forming_invalid_bars"":0,""frozen_high"":null,""frozen_low"":null,""last_escape_direction"":""UNKNOWN"",""last_escape_failed_at"":null,""last_escape_started_at"":null,""last_reason_codes"":[""NO_QUALIFIED_ACCEPTED_RANGE""],""marginal_excursion_bars"":0,""meaningful_escape_bars"":0,""outside_close_count"":0,""range_id"":null,""rearm_bars_elapsed"":0,""rearm_inside_close_count"":0,""rearm_required"":false,""reentry_close_count"":0,""sequence"":3,""source_range_ids"":[],""started_at"":null,""state"":""NONE"",""state_age_bars"":0,""state_started_at"":null,""up_escape_attempt_count"":0},""directional"":{""continuation_failure_progress_bars"":1,""continuation_failure_seen"":true,""continuation_failure_seen_at"":""2026-08-03T12:06:00+05:30"",""direction"":""UP"",""emitted_event_ids"":[""DIR:ABB:2026-08-03:001:DOWN:101500:DIRECTIONAL_COMPLETED:105100"",""DIR:ABB:2026-08-03:001:DOWN:101500:DIRECTIONAL_STARTED:101500"",""DIR:ABB:2026-08-03:002:UP:110000:DIRECTIONAL_COMPLETED:113900"",""DIR:ABB:2026-08-03:002:UP:110000:DIRECTIONAL_MATURED:110300"",""DIR:ABB:2026-08-03:002:UP:110000:DIRECTIONAL_REVERSAL_CONFIRMED:113900"",""DIR:ABB:2026-08-03:002:UP:110000:DIRECTIONAL_STARTED:110000"",""DIR:ABB:2026-08-03:002:UP:110000:REVERSAL_WATCH_STARTED:110600"",""DIR:ABB:2026-08-03:003:DOWN:113900:DIRECTIONAL_COMPLETED:115400"",""DIR:ABB:2026-08-03:003:DOWN:113900:DIRECTIONAL_REVERSAL_LEG_FAILED:115400"",""DIR:ABB:2026-08-03:003:DOWN:113900:DIRECTIONAL_REVERSAL_LEG_STARTED:113900"",""DIR:ABB:2026-08-03:004:UP:120000:DIRECTIONAL_MATURED:120300"",""DIR:ABB:2026-08-03:004:UP:120000:DIRECTIONAL_STARTED:120000"",""DIR:ABB:2026-08-03:004:UP:120000:REVERSAL_WATCH_STARTED:120600""],""episode_id"":""DIR:ABB:2026-08-03:004:UP:120000"",""extreme_price"":7570.0,""extreme_time"":""2026-08-03T12:00:00+05:30"",""first_adverse_bar_close"":7546.5,""first_adverse_bar_level"":7540.0,""first_adverse_bar_time"":""2026-08-03T12:06:00+05:30"",""inactive_bars"":0,""last_close"":7553.0,""last_observation_state"":""ORDERLY_UPTREND"",""last_observation_state_time"":""2026-08-03T12:15:00+05:30"",""last_reason_codes"":[""REVERSAL_WATCH_RETAINED""],""opposite_control_bars"":0,""origin_event_id"":null,""origin_price"":7549.5,""origin_source"":""OBSERVATION_CONFIRMATION"",""parent_episode_id"":null,""protection_level"":7407.0,""protection_source"":""CONFIRMED_RECOMPRESSION_BOX"",""protection_time"":""2026-08-03T11:27:00+05:30"",""rejection_seen"":true,""rejection_seen_at"":""2026-08-03T12:06:00+05:30"",""reversal_confirmation_breach_closes"":0,""reversal_confirmation_level"":7540.0,""reversal_confirmation_level_time"":""2026-08-03T12:06:00+05:30"",""reversal_confirmation_source"":""EPISODE_PRICE_ACTION_FIRST_ADVERSE_BAR:BAR_LOW"",""reversal_leg_failure_closes"":0,""reversal_leg_progress_atr"":0.0,""reversal_leg_progress_bars"":0,""reversal_watch_age_bars"":4,""sequence"":4,""start_candidate_bars"":0,""start_candidate_side"":""UNKNOWN"",""started_at"":""2026-08-03T12:00:00+05:30"",""state"":""REVERSAL_WATCH"",""state_age_bars"":4,""state_started_at"":""2026-08-03T12:06:00+05:30"",""trend_restore_bars"":0},""evidence_history"":[{""atr"":20.124819379062853,""bar"":{""body_fraction"":0.55,""close"":7449.5,""close_position"":0.75,""direction"":""UP"",""high"":7452.0,""low"":7442.0,""lower_wick_fraction"":0.2,""move_atr"":0.2732943782701476,""move_points"":5.5,""open"":7444.0,""snapshot_time"":""2026-08-03T11:42:00+05:30"",""upper_wick_fraction"":0.25,""volume"":3347.0},""close"":7449.5,""trend"":{""ema_ref"":7369.124606724523,""ema_slow"":7381.830481816316,""hma_order"":""BUY"",""hma_spread_atr"":4.957592117345721}},{""atr"":19.794475137701223,""bar"":{""body_fraction"":0.6129032258064516,""close"":7440.0,""close_position"":0.3225806451612903,""direction"":""DOWN"",""high"":7450.5,""low"":7435.0,""lower_wick_fraction"":0.3225806451612903,""move_atr"":-0.479931896850651,""move_points"":-9.5,""open"":7449.5,""snapshot_time"":""2026-08-03T11:45:00+05:30"",""upper_wick_fraction"":0.06451612903225806,""volume"":4576.0},""close"":7440.0,""trend"":{""ema_ref"":7369.829834518309,""ema_slow"":7382.982353463518,""hma_order"":""BUY"",""hma_spread_atr"":4.88222068537548}},{""atr"":19.416298342151137,""bar"":{""body_fraction"":0.5862068965517241,""close"":7431.5,""close_position"":0.3103448275862069,""direction"":""DOWN"",""high"":7441.5,""low"":7427.0,""lower_wick_fraction"":0.3103448275862069,""move_atr"":-0.4377765447468028,""move_points"":-8.5,""open"":7440.0,""snapshot_time"":""2026-08-03T11:48:00+05:30"",""upper_wick_fraction"":0.10344827586206896,""volume"":4196.0},""close"":7431.5,""trend"":{""ema_ref"":7370.443468005689,""ema_slow"":7383.943098939488,""hma_order"":""BUY"",""hma_spread_atr"":4.583525478969616}},{""atr"":19.922277031997485,""bar"":{""body_fraction"":0.9622641509433962,""close"":7457.0,""close_position"":1.0,""direction"":""UP"",""high"":7457.0,""low"":7430.5,""lower_wick_fraction"":0.03773584905660377,""move_atr"":1.2799741695712816,""move_points"":25.5,""open"":7431.5,""snapshot_time"":""2026-08-03T11:51:00+05:30"",""upper_wick_fraction"":0.0,""volume"":19542.0},""close"":7457.0,""trend"":{""ema_ref"":7371.304727030509,""ema_slow"":7385.389770247617,""hma_order"":""BUY"",""hma_spread_atr"":4.230906675429625}},{""atr"":22.499257243997665,""bar"":{""body_fraction"":0.7767857142857143,""close"":7500.0,""close_position"":0.8035714285714286,""direction"":""UP"",""high"":7511.0,""low"":7455.0,""lower_wick_fraction"":0.026785714285714284,""move_atr"":1.9333971574374929,""move_points"":43.5,""open"":7456.5,""snapshot_time"":""2026-08-03T11:54:00+05:30"",""upper_wick_fraction"":0.19642857142857145,""volume"":27744.0},""close"":7500.0,""trend"":{""ema_ref"":7372.585277010306,""ema_slow"":7387.659279747664,""hma_order"":""BUY"",""hma_spread_atr"":4.037827844863514}},{""atr"":26.60645315514069,""bar"":{""body_fraction"":0.8375,""close"":7569.0,""close_position"":0.8625,""direction"":""UP"",""high"":7580.0,""low"":7500.0,""lower_wick_fraction"":0.025,""move_atr"":2.5181860809979772,""move_points"":67.0,""open"":7502.0,""snapshot_time"":""2026-08-03T11:57:00+05:30"",""upper_wick_fraction"":0.1375,""volume"":48810.0},""close"":7569.0,""trend"":{""ema_ref"":7374.539652363437,""ema_slow"":7391.250185099196,""hma_order"":""BUY"",""hma_spread_atr"":4.364533684758084}},{""atr"":27.09884935834493,""bar"":{""body_fraction"":0.47761194029850745,""close"":7549.5,""close_position"":0.3880597014925373,""direction"":""DOWN"",""high"":7570.0,""low"":7536.5,""lower_wick_fraction"":0.3880597014925373,""move_atr"":-0.590430973227758,""move_points"":-16.0,""open"":7565.5,""snapshot_time"":""2026-08-03T12:00:00+05:30"",""upper_wick_fraction"":0.13432835820895522,""volume"":19345.0},""close"":7549.5,""trend"":{""ema_ref"":7376.280551344896,""ema_slow"":7394.383844800202,""hma_order"":""BUY"",""hma_spread_atr"":5.332586989846007}},{""atr"":26.34178868989172,""bar"":{""body_fraction"":0.42424242424242425,""close"":7556.5,""close_position"":0.5151515151515151,""direction"":""UP"",""high"":7564.5,""low"":7548.0,""lower_wick_fraction"":0.09090909090909093,""move_atr"":0.2657374593049617,""move_points"":7.0,""open"":7549.5,""snapshot_time"":""2026-08-03T12:03:00+05:30"",""upper_wick_fraction"":0.48484848484848486,""volume"":6641.0},""close"":7556.5,""trend"":{""ema_ref"":7378.073779689723,""ema_slow"":7397.594065695247,""hma_order"":""BUY"",""hma_spread_atr"":6.449484754370961}},{""atr"":25.63880378347088,""bar"":{""body_fraction"":0.6060606060606061,""close"":7546.5,""close_position"":0.3939393939393939,""direction"":""DOWN"",""high"":7556.5,""low"":7540.0,""lower_wick_fraction"":0.3939393939393939,""move_atr"":-0.3900337973820337,""move_points"":-10.0,""open"":7556.5,""snapshot_time"":""2026-08-03T12:06:00+05:30"",""upper_wick_fraction"":0.0,""volume"":5275.0},""close"":7546.5,""trend"":{""ema_ref"":7379.749662478881,""ema_slow"":7400.542698057718,""hma_order"":""BUY"",""hma_spread_atr"":7.269772466044208}},{""atr"":24.950317798937245,""bar"":{""body_fraction"":0.25,""close"":7549.5,""close_position"":0.65625,""direction"":""UP"",""high"":7555.0,""low"":7539.0,""lower_wick_fraction"":0.40625,""move_atr"":0.1603185992352522,""move_points"":4.0,""open"":7545.5,""snapshot_time"":""2026-08-03T12:09:00+05:30"",""upper_wick_fraction"":0.34375,""volume"":4337.0},""close"":7549.5,""trend"":{""ema_ref"":7381.4387205636685,""ema_slow"":7403.492347601129,""hma_order"":""BUY"",""hma_spread_atr"":7.855622395053977}},{""atr"":25.025295099013157,""bar"":{""body_fraction"":0.6730769230769231,""close"":7567.0,""close_position"":0.9615384615384616,""direction"":""UP"",""high"":7568.0,""low"":7542.0,""lower_wick_fraction"":0.28846153846153844,""move_atr"":0.6992924531263606,""move_points"":17.5,""open"":7549.5,""snapshot_time"":""2026-08-03T12:12:00+05:30"",""upper_wick_fraction"":0.038461538461538464,""volume"":6160.0},""close"":7567.0,""trend"":{""ema_ref"":7383.285101453583,""ema_slow"":7406.730122896156,""hma_order"":""BUY"",""hma_spread_atr"":8.052580569974428}},{""atr"":24.559202591940792,""bar"":{""body_fraction"":0.7567567567567568,""close"":7553.0,""close_position"":0.16216216216216217,""direction"":""DOWN"",""high"":7568.5,""low"":7550.0,""lower_wick_fraction"":0.16216216216216217,""move_atr"":-0.5700510815686728,""move_points"":-14.0,""open"":7567.0,""snapshot_time"":""2026-08-03T12:15:00+05:30"",""upper_wick_fraction"":0.08108108108108109,""volume"":4035.0},""close"":7553.0,""trend"":{""ema_ref"":7384.973806911756,""ema_slow"":7409.626556106133,""hma_order"":""BUY"",""hma_spread_atr"":8.129802258749653}}],""last_observation_hash"":""7ba4aeb2634bfee469779e70db845da7768c8cbcb3341b7bc0dcd7232b036178"",""last_snapshot_time"":""2026-08-03T12:15:00+05:30"",""observation"":{""compression_box_high"":null,""compression_box_low"":null,""compression_candidate_bars"":0,""current_state"":""ORDERLY_UPTREND"",""established_side"":""UP"",""exhaustion_active"":true,""exhaustion_age_bars"":5,""exhaustion_clear_bars"":0,""exhaustion_last_seen_at"":""2026-08-03T12:15:00+05:30"",""exhaustion_side"":""UP"",""exhaustion_started_at"":""2026-08-03T12:03:00+05:30"",""failure_breach_bars"":0,""last_close"":7553.0,""last_reason_codes"":[""ESTABLISHED_DIRECTIONAL_CONTEXT_RETAINED"",""OBSERVATION_PROPOSAL_MATCHED_CURRENT"",""OBSERVATION_STATE_ORDERLY_UPTREND""],""last_snapshot_time"":""2026-08-03T12:15:00+05:30"",""leg_age_bars"":17,""leg_anchor_price"":7407.0,""leg_anchor_time"":""2026-08-03T11:27:00+05:30"",""leg_extreme_price"":7580.0,""leg_maturity_consumed"":false,""leg_maturity_extreme_price"":null,""leg_maturity_onset_time"":null,""leg_no_progress_bars"":6,""observation_count"":61,""pending_bars"":0,""pending_state"":null,""protection_level"":7407.0,""protection_source"":""CONFIRMED_RECOMPRESSION_BOX"",""protection_time"":""2026-08-03T11:27:00+05:30"",""pullback_age_bars"":0,""pullback_candidate_bars"":1,""pullback_extreme_price"":null,""reacceleration_age_bars"":2,""recompression_age_bars"":0,""reversal_confirmation_bars"":0,""reversal_side"":""UP"",""state_age_bars"":15,""trading_day"":""2026-08-03"",""trend_anchor_price"":7355.0,""trend_candidate_bars"":13,""trend_candidate_side"":""UP"",""trend_extreme_price"":7580.0,""trend_failure_age_bars"":0,""trend_onset_time"":""2026-08-03T10:48:00+05:30""},""symbol"":""ABB"",""trading_day"":""2026-08-03""}"
restoration-v3-current-day,development,restoration-trend-control-v3,backtest-default,OK,,,,ABB,2026-08-03,2026-08-03T12:18:00+05:30,2026-08-03T12:15:00+05:30,SNAPSHOT_AUCTION_AUTHORITY_V3A,3m,True,True,7568.0,2026-08-03T12:18:00,7546.0,7575.0,7544.0,7568.0,8610.0,25.01925954965931,BALANCE_QUALIFIED,BUY,dynamic_balance_waiting_for_stable_historical_cutoff,RANGE_ACCEPTED,DYNAMIC:2026-08-03T10:54:00+05:30:2026-08-03T11:18:00+05:30,7392.5,7433.0,20,ok,UP_SLOWING,0.01998460422090343,0.21483449537471191,OK,INCREMENTAL_PREVIOUS_SNAPSHOT,AUTOTRADES_AUCTION_ENGINE,1.1.0,,,ORDERLY_UPTREND,UP,UP,True,True,True,UP,False,False,False,7407.0,CONFIRMED_RECOMPRESSION_BOX,2026-08-03T11:27:00+05:30,DYNAMIC:2026-08-03T10:54:00+05:30:2026-08-03T11:18:00+05:30,7392.5,7433.0,False,4.333333333333333,0.011627906976744186,PRICE_ACTION,0.8476248976248977,CURRENT_DIRECTIONAL_LEG_MATURED|AWAITING_2_BAR_CONFIRMATION_FOR_MATURE_EXTENSION|OBSERVATION_STATE_ORDERLY_UPTREND|OBJECTIVE_ACCEPTED_RANGE_GEOMETRY_PRESENT|OBJECTIVE_TREND_PROTECTION_GEOMETRY_PRESENT,DIR:ABB:2026-08-03:004:UP:120000,REVERSAL_WATCH,REVERSAL_WATCH,UP,OBSERVATION_CONFIRMATION,,,2026-08-03T12:00:00+05:30,2026-08-03T12:06:00+05:30,5,7549.5,7575.0,2026-08-03T12:18:00+05:30,7407.0,CONFIRMED_RECOMPRESSION_BOX,,,,0,0.0,0,False,REVERSAL_WATCH_RETAINED,4,UNKNOWN,0,5,1,0,0,ORDERLY_UPTREND,2026-08-03T12:18:00+05:30,REVERSAL_WATCH_RETAINED,,NONE,NONE,0,,,,,,UNKNOWN,0,0,0,0,False,False,NO_QUALIFIED_ACCEPTED_RANGE,0,,,,,,0,,,,,MATCH,MATCH,MATCH,MATCH,False,0,False,False,False,True,,COHERENT,[],[],"{""accepted_range_breakout_eligible"":true,""accepted_range_established_at"":""2026-08-03T11:18:00+05:30"",""accepted_range_high"":7433.0,""accepted_range_id"":""DYNAMIC:2026-08-03T10:54:00+05:30:2026-08-03T11:18:00+05:30"",""accepted_range_inside"":false,""accepted_range_low"":7392.5,""accepted_range_outside_atr"":5.395843139643927,""accepted_range_position"":4.333333333333333,""accepted_range_provisional"":false,""atr"":25.01925954965931,""close"":7568.0,""current_leg_mature"":true,""directional_bias"":""UP"",""directional_efficiency"":0.011627906976744186,""directional_efficiency_source"":""PRICE_ACTION"",""exhausted_side"":""UP"",""exhaustion_active"":true,""extension_mature"":true,""failed_extreme_observed"":false,""high"":7575.0,""low"":7544.0,""observation_state"":""ORDERLY_UPTREND"",""overlap_ratio"":0.8476248976248977,""range_width_atr"":1.618752941893178,""rejection_observed"":false,""snapshot_time"":""2026-08-03T12:18:00+05:30"",""source_reason_codes"":[""CURRENT_DIRECTIONAL_LEG_MATURED"",""AWAITING_2_BAR_CONFIRMATION_FOR_MATURE_EXTENSION"",""OBSERVATION_STATE_ORDERLY_UPTREND"",""OBJECTIVE_ACCEPTED_RANGE_GEOMETRY_PRESENT"",""OBJECTIVE_TREND_PROTECTION_GEOMETRY_PRESENT""],""structural_failure_confirmed"":false,""symbol"":""ABB"",""trading_day"":""2026-08-03"",""trend_direction"":""UP"",""trend_protection_level"":7407.0,""trend_protection_source"":""CONFIRMED_RECOMPRESSION_BOX"",""trend_protection_time"":""2026-08-03T11:27:00+05:30""}","{""continuation_failure_seen"":false,""continuation_failure_time"":null,""current_state"":""REVERSAL_WATCH"",""direction"":""UP"",""episode_id"":""DIR:ABB:2026-08-03:004:UP:120000"",""extreme_price"":7575.0,""extreme_time"":""2026-08-03T12:18:00+05:30"",""first_adverse_bar_close"":null,""first_adverse_bar_level"":null,""first_adverse_bar_time"":null,""origin_event_id"":null,""origin_price"":7549.5,""origin_source"":""OBSERVATION_CONFIRMATION"",""parent_episode_id"":null,""previous_state"":""REVERSAL_WATCH"",""protection_level"":7407.0,""protection_source"":""CONFIRMED_RECOMPRESSION_BOX"",""reason_codes"":[""REVERSAL_WATCH_RETAINED""],""rejection_seen"":false,""reversal_confirmation_breach_closes"":0,""reversal_confirmation_level"":null,""reversal_confirmation_level_time"":null,""reversal_confirmation_source"":"""",""reversal_leg_failure_closes"":0,""reversal_leg_progress_atr"":0.0,""reversal_leg_progress_bars"":0,""started_at"":""2026-08-03T12:00:00+05:30"",""state_age_bars"":5,""state_started_at"":""2026-08-03T12:06:00+05:30""}","{""attempt_limit_reached"":false,""candidate_bar_expansion_count"":0,""candidate_high"":null,""candidate_last_valid_at"":null,""candidate_low"":null,""candidate_merge_count"":0,""containment_bars"":0,""containment_ratio"":0.0,""current_state"":""NONE"",""down_escape_attempt_count"":0,""episode_id"":null,""escape_attempt_count"":0,""escape_direction"":""UNKNOWN"",""failed_escape_count"":0,""forming_bars_observed"":0,""forming_invalid_bars"":0,""frozen_high"":null,""frozen_low"":null,""last_escape_direction"":""UNKNOWN"",""last_escape_failed_at"":null,""last_escape_started_at"":null,""marginal_excursion_bars"":0,""meaningful_escape_bars"":0,""outside_close_count"":0,""previous_state"":""NONE"",""range_id"":null,""rearm_bars_elapsed"":0,""rearm_inside_close_count"":0,""rearm_required"":false,""reason_codes"":[""NO_QUALIFIED_ACCEPTED_RANGE""],""reentry_close_count"":0,""source_range_ids"":[],""started_at"":null,""state_age_bars"":0,""state_started_at"":null,""up_escape_attempt_count"":0}","{""balance_attempt_limit_reached"":false,""balance_candidate_bar_expansion_count"":0,""balance_candidate_merge_count"":0,""balance_containment_ratio"":0.0,""balance_down_escape_attempt_count"":0,""balance_escape_attempt_count"":0,""balance_failed_escape_count"":0,""balance_forming_bars_observed"":0,""balance_forming_invalid_bars"":0,""balance_last_escape_direction"":""UNKNOWN"",""balance_last_escape_failed_at"":null,""balance_last_escape_started_at"":null,""balance_marginal_excursion_bars"":0,""balance_meaningful_escape_bars"":0,""balance_rearm_bars_elapsed"":0,""balance_rearm_inside_close_count"":0,""balance_rearm_required"":false,""balance_up_escape_attempt_count"":0,""directional_origin_event_id"":null,""directional_origin_source"":""OBSERVATION_CONFIRMATION"",""directional_parent_episode_id"":null,""directional_reversal_watch_age_bars"":5,""directional_start_candidate_bars"":0,""directional_start_candidate_side"":""UNKNOWN"",""observation_accepted_range_id"":""DYNAMIC:2026-08-03T10:54:00+05:30:2026-08-03T11:18:00+05:30"",""observation_current_leg_mature"":true,""observation_directional_bias"":""UP"",""observation_exhaustion_active"":true,""observation_state"":""ORDERLY_UPTREND""}","{""balance"":{""attempt_limit_reached"":false,""candidate_bar_expansion_count"":0,""candidate_high"":null,""candidate_last_valid_at"":null,""candidate_low"":null,""candidate_merge_count"":0,""containment_bars"":0,""down_escape_attempt_count"":0,""emitted_event_ids"":[""BAL:ABB:2026-08-03:001:NEUTRAL:100600:BALANCE_COMPLETED:105400"",""BAL:ABB:2026-08-03:001:NEUTRAL:100600:BALANCE_ESCAPE_ACCEPTED:105100"",""BAL:ABB:2026-08-03:001:NEUTRAL:100600:BALANCE_ESCAPE_STARTED:104800"",""BAL:ABB:2026-08-03:001:NEUTRAL:100600:BALANCE_FORMING_STARTED:100600"",""BAL:ABB:2026-08-03:001:NEUTRAL:100600:BALANCE_LOCKED:102700"",""BAL:ABB:2026-08-03:001:NEUTRAL:100600:BALANCE_PROBABLE:101800"",""BAL:ABB:2026-08-03:002:NEUTRAL:112100:BALANCE_COMPLETED:113000"",""BAL:ABB:2026-08-03:002:NEUTRAL:112100:BALANCE_FORMING_STARTED:112100"",""BAL:ABB:2026-08-03:003:NEUTRAL:114800:BALANCE_COMPLETED:115400"",""BAL:ABB:2026-08-03:003:NEUTRAL:114800:BALANCE_FORMING_STARTED:114800""],""episode_id"":null,""escape_attempt_count"":0,""escape_direction"":""UNKNOWN"",""failed_escape_count"":0,""forming_bars_observed"":0,""forming_invalid_bars"":0,""frozen_high"":null,""frozen_low"":null,""last_escape_direction"":""UNKNOWN"",""last_escape_failed_at"":null,""last_escape_started_at"":null,""last_reason_codes"":[""NO_QUALIFIED_ACCEPTED_RANGE""],""marginal_excursion_bars"":0,""meaningful_escape_bars"":0,""outside_close_count"":0,""range_id"":null,""rearm_bars_elapsed"":0,""rearm_inside_close_count"":0,""rearm_required"":false,""reentry_close_count"":0,""sequence"":3,""source_range_ids"":[],""started_at"":null,""state"":""NONE"",""state_age_bars"":0,""state_started_at"":null,""up_escape_attempt_count"":0},""directional"":{""continuation_failure_progress_bars"":0,""continuation_failure_seen"":false,""continuation_failure_seen_at"":null,""direction"":""UP"",""emitted_event_ids"":[""DIR:ABB:2026-08-03:001:DOWN:101500:DIRECTIONAL_COMPLETED:105100"",""DIR:ABB:2026-08-03:001:DOWN:101500:DIRECTIONAL_STARTED:101500"",""DIR:ABB:2026-08-03:002:UP:110000:DIRECTIONAL_COMPLETED:113900"",""DIR:ABB:2026-08-03:002:UP:110000:DIRECTIONAL_MATURED:110300"",""DIR:ABB:2026-08-03:002:UP:110000:DIRECTIONAL_REVERSAL_CONFIRMED:113900"",""DIR:ABB:2026-08-03:002:UP:110000:DIRECTIONAL_STARTED:110000"",""DIR:ABB:2026-08-03:002:UP:110000:REVERSAL_WATCH_STARTED:110600"",""DIR:ABB:2026-08-03:003:DOWN:113900:DIRECTIONAL_COMPLETED:115400"",""DIR:ABB:2026-08-03:003:DOWN:113900:DIRECTIONAL_REVERSAL_LEG_FAILED:115400"",""DIR:ABB:2026-08-03:003:DOWN:113900:DIRECTIONAL_REVERSAL_LEG_STARTED:113900"",""DIR:ABB:2026-08-03:004:UP:120000:DIRECTIONAL_MATURED:120300"",""DIR:ABB:2026-08-03:004:UP:120000:DIRECTIONAL_STARTED:120000"",""DIR:ABB:2026-08-03:004:UP:120000:REVERSAL_WATCH_STARTED:120600""],""episode_id"":""DIR:ABB:2026-08-03:004:UP:120000"",""extreme_price"":7575.0,""extreme_time"":""2026-08-03T12:18:00+05:30"",""first_adverse_bar_close"":null,""first_adverse_bar_level"":null,""first_adverse_bar_time"":null,""inactive_bars"":0,""last_close"":7568.0,""last_observation_state"":""ORDERLY_UPTREND"",""last_observation_state_time"":""2026-08-03T12:18:00+05:30"",""last_reason_codes"":[""REVERSAL_WATCH_RETAINED""],""opposite_control_bars"":0,""origin_event_id"":null,""origin_price"":7549.5,""origin_source"":""OBSERVATION_CONFIRMATION"",""parent_episode_id"":null,""protection_level"":7407.0,""protection_source"":""CONFIRMED_RECOMPRESSION_BOX"",""protection_time"":""2026-08-03T11:27:00+05:30"",""rejection_seen"":false,""rejection_seen_at"":null,""reversal_confirmation_breach_closes"":0,""reversal_confirmation_level"":null,""reversal_confirmation_level_time"":null,""reversal_confirmation_source"":"""",""reversal_leg_failure_closes"":0,""reversal_leg_progress_atr"":0.0,""reversal_leg_progress_bars"":0,""reversal_watch_age_bars"":5,""sequence"":4,""start_candidate_bars"":0,""start_candidate_side"":""UNKNOWN"",""started_at"":""2026-08-03T12:00:00+05:30"",""state"":""REVERSAL_WATCH"",""state_age_bars"":5,""state_started_at"":""2026-08-03T12:06:00+05:30"",""trend_restore_bars"":1},""evidence_history"":[{""atr"":19.794475137701223,""bar"":{""body_fraction"":0.6129032258064516,""close"":7440.0,""close_position"":0.3225806451612903,""direction"":""DOWN"",""high"":7450.5,""low"":7435.0,""lower_wick_fraction"":0.3225806451612903,""move_atr"":-0.479931896850651,""move_points"":-9.5,""open"":7449.5,""snapshot_time"":""2026-08-03T11:45:00+05:30"",""upper_wick_fraction"":0.06451612903225806,""volume"":4576.0},""close"":7440.0,""trend"":{""ema_ref"":7369.829834518309,""ema_slow"":7382.982353463518,""hma_order"":""BUY"",""hma_spread_atr"":4.88222068537548}},{""atr"":19.416298342151137,""bar"":{""body_fraction"":0.5862068965517241,""close"":7431.5,""close_position"":0.3103448275862069,""direction"":""DOWN"",""high"":7441.5,""low"":7427.0,""lower_wick_fraction"":0.3103448275862069,""move_atr"":-0.4377765447468028,""move_points"":-8.5,""open"":7440.0,""snapshot_time"":""2026-08-03T11:48:00+05:30"",""upper_wick_fraction"":0.10344827586206896,""volume"":4196.0},""close"":7431.5,""trend"":{""ema_ref"":7370.443468005689,""ema_slow"":7383.943098939488,""hma_order"":""BUY"",""hma_spread_atr"":4.583525478969616}},{""atr"":19.922277031997485,""bar"":{""body_fraction"":0.9622641509433962,""close"":7457.0,""close_position"":1.0,""direction"":""UP"",""high"":7457.0,""low"":7430.5,""lower_wick_fraction"":0.03773584905660377,""move_atr"":1.2799741695712816,""move_points"":25.5,""open"":7431.5,""snapshot_time"":""2026-08-03T11:51:00+05:30"",""upper_wick_fraction"":0.0,""volume"":19542.0},""close"":7457.0,""trend"":{""ema_ref"":7371.304727030509,""ema_slow"":7385.389770247617,""hma_order"":""BUY"",""hma_spread_atr"":4.230906675429625}},{""atr"":22.499257243997665,""bar"":{""body_fraction"":0.7767857142857143,""close"":7500.0,""close_position"":0.8035714285714286,""direction"":""UP"",""high"":7511.0,""low"":7455.0,""lower_wick_fraction"":0.026785714285714284,""move_atr"":1.9333971574374929,""move_points"":43.5,""open"":7456.5,""snapshot_time"":""2026-08-03T11:54:00+05:30"",""upper_wick_fraction"":0.19642857142857145,""volume"":27744.0},""close"":7500.0,""trend"":{""ema_ref"":7372.585277010306,""ema_slow"":7387.659279747664,""hma_order"":""BUY"",""hma_spread_atr"":4.037827844863514}},{""atr"":26.60645315514069,""bar"":{""body_fraction"":0.8375,""close"":7569.0,""close_position"":0.8625,""direction"":""UP"",""high"":7580.0,""low"":7500.0,""lower_wick_fraction"":0.025,""move_atr"":2.5181860809979772,""move_points"":67.0,""open"":7502.0,""snapshot_time"":""2026-08-03T11:57:00+05:30"",""upper_wick_fraction"":0.1375,""volume"":48810.0},""close"":7569.0,""trend"":{""ema_ref"":7374.539652363437,""ema_slow"":7391.250185099196,""hma_order"":""BUY"",""hma_spread_atr"":4.364533684758084}},{""atr"":27.09884935834493,""bar"":{""body_fraction"":0.47761194029850745,""close"":7549.5,""close_position"":0.3880597014925373,""direction"":""DOWN"",""high"":7570.0,""low"":7536.5,""lower_wick_fraction"":0.3880597014925373,""move_atr"":-0.590430973227758,""move_points"":-16.0,""open"":7565.5,""snapshot_time"":""2026-08-03T12:00:00+05:30"",""upper_wick_fraction"":0.13432835820895522,""volume"":19345.0},""close"":7549.5,""trend"":{""ema_ref"":7376.280551344896,""ema_slow"":7394.383844800202,""hma_order"":""BUY"",""hma_spread_atr"":5.332586989846007}},{""atr"":26.34178868989172,""bar"":{""body_fraction"":0.42424242424242425,""close"":7556.5,""close_position"":0.5151515151515151,""direction"":""UP"",""high"":7564.5,""low"":7548.0,""lower_wick_fraction"":0.09090909090909093,""move_atr"":0.2657374593049617,""move_points"":7.0,""open"":7549.5,""snapshot_time"":""2026-08-03T12:03:00+05:30"",""upper_wick_fraction"":0.48484848484848486,""volume"":6641.0},""close"":7556.5,""trend"":{""ema_ref"":7378.073779689723,""ema_slow"":7397.594065695247,""hma_order"":""BUY"",""hma_spread_atr"":6.449484754370961}},{""atr"":25.63880378347088,""bar"":{""body_fraction"":0.6060606060606061,""close"":7546.5,""close_position"":0.3939393939393939,""direction"":""DOWN"",""high"":7556.5,""low"":7540.0,""lower_wick_fraction"":0.3939393939393939,""move_atr"":-0.3900337973820337,""move_points"":-10.0,""open"":7556.5,""snapshot_time"":""2026-08-03T12:06:00+05:30"",""upper_wick_fraction"":0.0,""volume"":5275.0},""close"":7546.5,""trend"":{""ema_ref"":7379.749662478881,""ema_slow"":7400.542698057718,""hma_order"":""BUY"",""hma_spread_atr"":7.269772466044208}},{""atr"":24.950317798937245,""bar"":{""body_fraction"":0.25,""close"":7549.5,""close_position"":0.65625,""direction"":""UP"",""high"":7555.0,""low"":7539.0,""lower_wick_fraction"":0.40625,""move_atr"":0.1603185992352522,""move_points"":4.0,""open"":7545.5,""snapshot_time"":""2026-08-03T12:09:00+05:30"",""upper_wick_fraction"":0.34375,""volume"":4337.0},""close"":7549.5,""trend"":{""ema_ref"":7381.4387205636685,""ema_slow"":7403.492347601129,""hma_order"":""BUY"",""hma_spread_atr"":7.855622395053977}},{""atr"":25.025295099013157,""bar"":{""body_fraction"":0.6730769230769231,""close"":7567.0,""close_position"":0.9615384615384616,""direction"":""UP"",""high"":7568.0,""low"":7542.0,""lower_wick_fraction"":0.28846153846153844,""move_atr"":0.6992924531263606,""move_points"":17.5,""open"":7549.5,""snapshot_time"":""2026-08-03T12:12:00+05:30"",""upper_wick_fraction"":0.038461538461538464,""volume"":6160.0},""close"":7567.0,""trend"":{""ema_ref"":7383.285101453583,""ema_slow"":7406.730122896156,""hma_order"":""BUY"",""hma_spread_atr"":8.052580569974428}},{""atr"":24.559202591940792,""bar"":{""body_fraction"":0.7567567567567568,""close"":7553.0,""close_position"":0.16216216216216217,""direction"":""DOWN"",""high"":7568.5,""low"":7550.0,""lower_wick_fraction"":0.16216216216216217,""move_atr"":-0.5700510815686728,""move_points"":-14.0,""open"":7567.0,""snapshot_time"":""2026-08-03T12:15:00+05:30"",""upper_wick_fraction"":0.08108108108108109,""volume"":4035.0},""close"":7553.0,""trend"":{""ema_ref"":7384.973806911756,""ema_slow"":7409.626556106133,""hma_order"":""BUY"",""hma_spread_atr"":8.129802258749653}},{""atr"":25.01925954965931,""bar"":{""body_fraction"":0.7096774193548387,""close"":7568.0,""close_position"":0.7741935483870968,""direction"":""UP"",""high"":7575.0,""low"":7544.0,""lower_wick_fraction"":0.06451612903225806,""move_atr"":0.8793225857197511,""move_points"":22.0,""open"":7546.0,""snapshot_time"":""2026-08-03T12:18:00+05:30"",""upper_wick_fraction"":0.2258064516129032,""volume"":8610.0},""close"":7568.0,""trend"":{""ema_ref"":7386.794963061888,""ema_slow"":7412.762663906011,""hma_order"":""BUY"",""hma_spread_atr"":7.783379908304845}}],""last_observation_hash"":""76ff7030ef65f0419ab28ec132f924f718a1889c376a83d76ba28d5f4b2be0d9"",""last_snapshot_time"":""2026-08-03T12:18:00+05:30"",""observation"":{""compression_box_high"":null,""compression_box_low"":null,""compression_candidate_bars"":0,""current_state"":""ORDERLY_UPTREND"",""established_side"":""UP"",""exhaustion_active"":true,""exhaustion_age_bars"":6,""exhaustion_clear_bars"":0,""exhaustion_last_seen_at"":""2026-08-03T12:18:00+05:30"",""exhaustion_side"":""UP"",""exhaustion_started_at"":""2026-08-03T12:03:00+05:30"",""failure_breach_bars"":0,""last_close"":7568.0,""last_reason_codes"":[""CURRENT_DIRECTIONAL_LEG_MATURED"",""AWAITING_2_BAR_CONFIRMATION_FOR_MATURE_EXTENSION"",""OBSERVATION_STATE_ORDERLY_UPTREND""],""last_snapshot_time"":""2026-08-03T12:18:00+05:30"",""leg_age_bars"":18,""leg_anchor_price"":7407.0,""leg_anchor_time"":""2026-08-03T11:27:00+05:30"",""leg_extreme_price"":7580.0,""leg_maturity_consumed"":false,""leg_maturity_extreme_price"":null,""leg_maturity_onset_time"":null,""leg_no_progress_bars"":7,""observation_count"":62,""pending_bars"":1,""pending_state"":""MATURE_EXTENSION"",""protection_level"":7407.0,""protection_source"":""CONFIRMED_RECOMPRESSION_BOX"",""protection_time"":""2026-08-03T11:27:00+05:30"",""pullback_age_bars"":0,""pullback_candidate_bars"":0,""pullback_extreme_price"":null,""reacceleration_age_bars"":2,""recompression_age_bars"":0,""reversal_confirmation_bars"":0,""reversal_side"":""UP"",""state_age_bars"":16,""trading_day"":""2026-08-03"",""trend_anchor_price"":7355.0,""trend_candidate_bars"":12,""trend_candidate_side"":""UP"",""trend_extreme_price"":7580.0,""trend_failure_age_bars"":0,""trend_onset_time"":""2026-08-03T10:48:00+05:30""},""symbol"":""ABB"",""trading_day"":""2026-08-03""}"
restoration-v3-current-day,development,restoration-trend-control-v3,backtest-default,OK,,,,ABB,2026-08-03,2026-08-03T12:21:00+05:30,2026-08-03T12:18:00+05:30,SNAPSHOT_AUCTION_AUTHORITY_V3A,3m,True,True,7595.5,2026-08-03T12:21:00,7568.0,7614.0,7564.0,7595.5,24083.0,26.803598153255074,BALANCE_QUALIFIED,BUY,dynamic_balance_stable_across_historical_cutoffs,RANGE_ACCEPTED,DYNAMIC:2026-08-03T12:03:00+05:30:2026-08-03T12:18:00+05:30,7539.0,7575.0,1,ok,UP_ACCELERATING,0.792804006331492,0.4290468740146897,OK,INCREMENTAL_PREVIOUS_SNAPSHOT,AUTOTRADES_AUCTION_ENGINE,1.1.0,,,ORDERLY_UPTREND,UP,UP,False,False,False,UNKNOWN,False,False,False,7407.0,CONFIRMED_RECOMPRESSION_BOX,2026-08-03T11:27:00+05:30,DYNAMIC:2026-08-03T12:03:00+05:30:2026-08-03T12:18:00+05:30,7539.0,7575.0,False,1.5694444444444444,0.4893617021276595,PRICE_ACTION,0.8155623365300784,ESTABLISHED_DIRECTIONAL_CONTEXT_RETAINED|OBSERVATION_PROPOSAL_MATCHED_CURRENT|OBSERVATION_STATE_ORDERLY_UPTREND|OBJECTIVE_ACCEPTED_RANGE_GEOMETRY_PRESENT|OBJECTIVE_TREND_PROTECTION_GEOMETRY_PRESENT|EXHAUSTION_RESOLVED_BY_TREND_RESTORATION,DIR:ABB:2026-08-03:004:UP:120000,REVERSAL_WATCH,DIRECTIONAL,UP,OBSERVATION_CONFIRMATION,,,2026-08-03T12:00:00+05:30,2026-08-03T12:21:00+05:30,1,7549.5,7614.0,2026-08-03T12:21:00+05:30,7407.0,CONFIRMED_RECOMPRESSION_BOX,,,,0,0.0,0,False,DIRECTIONAL_TREND_RESTORED_TO_DIRECTIONAL,4,UNKNOWN,0,0,0,0,0,ORDERLY_UPTREND,2026-08-03T12:21:00+05:30,DIRECTIONAL_TREND_RESTORED_TO_DIRECTIONAL,,NONE,NONE,0,,,,,,UNKNOWN,0,0,0,0,False,False,NO_QUALIFIED_ACCEPTED_RANGE,1,DIR:ABB:2026-08-03:004:UP:120000:DIRECTIONAL_TREND_RESTORED:122100,DIRECTIONAL_TREND_RESTORED,UP,DIR:ABB:2026-08-03:004:UP:120000,DIRECTIONAL_TREND_RESTORED:ORIGINAL_DIRECTION_REESTABLISHED_AFTER_WATCH,1,CONTINUATION,PERMIT,DIR:ABB:2026-08-03:004:UP:120000:DIRECTIONAL_TREND_RESTORED:122100,CONTINUATION:EVENT_DIRECTIONAL_TREND_RESTORED_PERMIT,MATCH,MATCH,MATCH,MATCH,False,0,False,False,True,True,,COHERENT,"[""event_id='DIR:ABB:2026-08-03:004:UP:120000:DIRECTIONAL_TREND_RESTORED:122100' event_type=<AuctionEventType.DIRECTIONAL_TREND_RESTORED: 'DIRECTIONAL_TREND_RESTORED'> episode_id='DIR:ABB:2026-08-03:004:UP:120000' symbol='ABB' trading_day=datetime.date(2026, 8, 3) event_time=datetime.datetime(2026, 8, 3, 12, 21, tzinfo=TzInfo(19800)) direction=<DirectionalBias.UP: 'UP'> reason_codes=('ORIGINAL_DIRECTION_REESTABLISHED_AFTER_WATCH',) data={'origin_price': 7549.5, 'extreme_price': 7614.0, 'origin_source': 'OBSERVATION_CONFIRMATION', 'origin_event_id': None, 'protection_level': 7407.0, 'parent_episode_id': None, 'protection_source': 'CONFIRMED_RECOMPRESSION_BOX', 'first_adverse_bar_time': None, 'first_adverse_bar_close': None, 'first_adverse_bar_level': None, 'continuation_failure_time': None, 'reversal_leg_progress_atr': 0.0, 'reversal_leg_progress_bars': 0, 'reversal_confirmation_level': None, 'reversal_leg_failure_closes': 0, 'reversal_confirmation_source': '', 'reversal_confirmation_level_time': None}""]","[""setup_family=<SetupFamily.CONTINUATION: 'CONTINUATION'> result=<StructuralPermissionResult.PERMIT: 'PERMIT'> source_event_ids=('DIR:ABB:2026-08-03:004:UP:120000:DIRECTIONAL_TREND_RESTORED:122100',) source_event_types=(<AuctionEventType.DIRECTIONAL_TREND_RESTORED: 'DIRECTIONAL_TREND_RESTORED'>,) balance_state=<BalanceEpisodeState.NONE: 'NONE'> reason_codes=('EVENT_DIRECTIONAL_TREND_RESTORED_PERMIT',)""]","{""accepted_range_breakout_eligible"":true,""accepted_range_established_at"":""2026-08-03T12:18:00+05:30"",""accepted_range_high"":7575.0,""accepted_range_id"":""DYNAMIC:2026-08-03T12:03:00+05:30:2026-08-03T12:18:00+05:30"",""accepted_range_inside"":false,""accepted_range_low"":7539.0,""accepted_range_outside_atr"":0.7648226884609687,""accepted_range_position"":1.5694444444444444,""accepted_range_provisional"":false,""atr"":26.803598153255074,""close"":7595.5,""current_leg_mature"":false,""directional_bias"":""UP"",""directional_efficiency"":0.4893617021276595,""directional_efficiency_source"":""PRICE_ACTION"",""exhausted_side"":""UNKNOWN"",""exhaustion_active"":false,""extension_mature"":false,""failed_extreme_observed"":false,""high"":7614.0,""low"":7564.0,""observation_state"":""ORDERLY_UPTREND"",""overlap_ratio"":0.8155623365300784,""range_width_atr"":1.3431032577851156,""rejection_observed"":false,""snapshot_time"":""2026-08-03T12:21:00+05:30"",""source_reason_codes"":[""ESTABLISHED_DIRECTIONAL_CONTEXT_RETAINED"",""OBSERVATION_PROPOSAL_MATCHED_CURRENT"",""OBSERVATION_STATE_ORDERLY_UPTREND"",""OBJECTIVE_ACCEPTED_RANGE_GEOMETRY_PRESENT"",""OBJECTIVE_TREND_PROTECTION_GEOMETRY_PRESENT"",""EXHAUSTION_RESOLVED_BY_TREND_RESTORATION""],""structural_failure_confirmed"":false,""symbol"":""ABB"",""trading_day"":""2026-08-03"",""trend_direction"":""UP"",""trend_protection_level"":7407.0,""trend_protection_source"":""CONFIRMED_RECOMPRESSION_BOX"",""trend_protection_time"":""2026-08-03T11:27:00+05:30""}","{""continuation_failure_seen"":false,""continuation_failure_time"":null,""current_state"":""DIRECTIONAL"",""direction"":""UP"",""episode_id"":""DIR:ABB:2026-08-03:004:UP:120000"",""extreme_price"":7614.0,""extreme_time"":""2026-08-03T12:21:00+05:30"",""first_adverse_bar_close"":null,""first_adverse_bar_level"":null,""first_adverse_bar_time"":null,""origin_event_id"":null,""origin_price"":7549.5,""origin_source"":""OBSERVATION_CONFIRMATION"",""parent_episode_id"":null,""previous_state"":""REVERSAL_WATCH"",""protection_level"":7407.0,""protection_source"":""CONFIRMED_RECOMPRESSION_BOX"",""reason_codes"":[""DIRECTIONAL_TREND_RESTORED_TO_DIRECTIONAL""],""rejection_seen"":false,""reversal_confirmation_breach_closes"":0,""reversal_confirmation_level"":null,""reversal_confirmation_level_time"":null,""reversal_confirmation_source"":"""",""reversal_leg_failure_closes"":0,""reversal_leg_progress_atr"":0.0,""reversal_leg_progress_bars"":0,""started_at"":""2026-08-03T12:00:00+05:30"",""state_age_bars"":1,""state_started_at"":""2026-08-03T12:21:00+05:30""}","{""attempt_limit_reached"":false,""candidate_bar_expansion_count"":0,""candidate_high"":null,""candidate_last_valid_at"":null,""candidate_low"":null,""candidate_merge_count"":0,""containment_bars"":0,""containment_ratio"":0.0,""current_state"":""NONE"",""down_escape_attempt_count"":0,""episode_id"":null,""escape_attempt_count"":0,""escape_direction"":""UNKNOWN"",""failed_escape_count"":0,""forming_bars_observed"":0,""forming_invalid_bars"":0,""frozen_high"":null,""frozen_low"":null,""last_escape_direction"":""UNKNOWN"",""last_escape_failed_at"":null,""last_escape_started_at"":null,""marginal_excursion_bars"":0,""meaningful_escape_bars"":0,""outside_close_count"":0,""previous_state"":""NONE"",""range_id"":null,""rearm_bars_elapsed"":0,""rearm_inside_close_count"":0,""rearm_required"":false,""reason_codes"":[""NO_QUALIFIED_ACCEPTED_RANGE""],""reentry_close_count"":0,""source_range_ids"":[],""started_at"":null,""state_age_bars"":0,""state_started_at"":null,""up_escape_attempt_count"":0}","{""balance_attempt_limit_reached"":false,""balance_candidate_bar_expansion_count"":0,""balance_candidate_merge_count"":0,""balance_containment_ratio"":0.0,""balance_down_escape_attempt_count"":0,""balance_escape_attempt_count"":0,""balance_failed_escape_count"":0,""balance_forming_bars_observed"":0,""balance_forming_invalid_bars"":0,""balance_last_escape_direction"":""UNKNOWN"",""balance_last_escape_failed_at"":null,""balance_last_escape_started_at"":null,""balance_marginal_excursion_bars"":0,""balance_meaningful_escape_bars"":0,""balance_rearm_bars_elapsed"":0,""balance_rearm_inside_close_count"":0,""balance_rearm_required"":false,""balance_up_escape_attempt_count"":0,""directional_origin_event_id"":null,""directional_origin_source"":""OBSERVATION_CONFIRMATION"",""directional_parent_episode_id"":null,""directional_reversal_watch_age_bars"":0,""directional_start_candidate_bars"":0,""directional_start_candidate_side"":""UNKNOWN"",""exhaustion_resolution_applied"":true,""exhaustion_resolution_event_id"":""DIR:ABB:2026-08-03:004:UP:120000:DIRECTIONAL_TREND_RESTORED:122100"",""exhaustion_resolution_reason"":""PARENT_TREND_RESTORED_AFTER_ESTABLISHED_REVERSAL"",""observation_accepted_range_id"":""DYNAMIC:2026-08-03T12:03:00+05:30:2026-08-03T12:18:00+05:30"",""observation_current_leg_mature"":false,""observation_directional_bias"":""UP"",""observation_exhausted_side"":""UNKNOWN"",""observation_exhaustion_active"":false,""observation_state"":""ORDERLY_UPTREND""}","{""balance"":{""attempt_limit_reached"":false,""candidate_bar_expansion_count"":0,""candidate_high"":null,""candidate_last_valid_at"":null,""candidate_low"":null,""candidate_merge_count"":0,""containment_bars"":0,""down_escape_attempt_count"":0,""emitted_event_ids"":[""BAL:ABB:2026-08-03:001:NEUTRAL:100600:BALANCE_COMPLETED:105400"",""BAL:ABB:2026-08-03:001:NEUTRAL:100600:BALANCE_ESCAPE_ACCEPTED:105100"",""BAL:ABB:2026-08-03:001:NEUTRAL:100600:BALANCE_ESCAPE_STARTED:104800"",""BAL:ABB:2026-08-03:001:NEUTRAL:100600:BALANCE_FORMING_STARTED:100600"",""BAL:ABB:2026-08-03:001:NEUTRAL:100600:BALANCE_LOCKED:102700"",""BAL:ABB:2026-08-03:001:NEUTRAL:100600:BALANCE_PROBABLE:101800"",""BAL:ABB:2026-08-03:002:NEUTRAL:112100:BALANCE_COMPLETED:113000"",""BAL:ABB:2026-08-03:002:NEUTRAL:112100:BALANCE_FORMING_STARTED:112100"",""BAL:ABB:2026-08-03:003:NEUTRAL:114800:BALANCE_COMPLETED:115400"",""BAL:ABB:2026-08-03:003:NEUTRAL:114800:BALANCE_FORMING_STARTED:114800""],""episode_id"":null,""escape_attempt_count"":0,""escape_direction"":""UNKNOWN"",""failed_escape_count"":0,""forming_bars_observed"":0,""forming_invalid_bars"":0,""frozen_high"":null,""frozen_low"":null,""last_escape_direction"":""UNKNOWN"",""last_escape_failed_at"":null,""last_escape_started_at"":null,""last_reason_codes"":[""NO_QUALIFIED_ACCEPTED_RANGE""],""marginal_excursion_bars"":0,""meaningful_escape_bars"":0,""outside_close_count"":0,""range_id"":null,""rearm_bars_elapsed"":0,""rearm_inside_close_count"":0,""rearm_required"":false,""reentry_close_count"":0,""sequence"":3,""source_range_ids"":[],""started_at"":null,""state"":""NONE"",""state_age_bars"":0,""state_started_at"":null,""up_escape_attempt_count"":0},""directional"":{""continuation_failure_progress_bars"":0,""continuation_failure_seen"":false,""continuation_failure_seen_at"":null,""direction"":""UP"",""emitted_event_ids"":[""DIR:ABB:2026-08-03:001:DOWN:101500:DIRECTIONAL_COMPLETED:105100"",""DIR:ABB:2026-08-03:001:DOWN:101500:DIRECTIONAL_STARTED:101500"",""DIR:ABB:2026-08-03:002:UP:110000:DIRECTIONAL_COMPLETED:113900"",""DIR:ABB:2026-08-03:002:UP:110000:DIRECTIONAL_MATURED:110300"",""DIR:ABB:2026-08-03:002:UP:110000:DIRECTIONAL_REVERSAL_CONFIRMED:113900"",""DIR:ABB:2026-08-03:002:UP:110000:DIRECTIONAL_STARTED:110000"",""DIR:ABB:2026-08-03:002:UP:110000:REVERSAL_WATCH_STARTED:110600"",""DIR:ABB:2026-08-03:003:DOWN:113900:DIRECTIONAL_COMPLETED:115400"",""DIR:ABB:2026-08-03:003:DOWN:113900:DIRECTIONAL_REVERSAL_LEG_FAILED:115400"",""DIR:ABB:2026-08-03:003:DOWN:113900:DIRECTIONAL_REVERSAL_LEG_STARTED:113900"",""DIR:ABB:2026-08-03:004:UP:120000:DIRECTIONAL_MATURED:120300"",""DIR:ABB:2026-08-03:004:UP:120000:DIRECTIONAL_STARTED:120000"",""DIR:ABB:2026-08-03:004:UP:120000:DIRECTIONAL_TREND_RESTORED:122100"",""DIR:ABB:2026-08-03:004:UP:120000:REVERSAL_WATCH_STARTED:120600""],""episode_id"":""DIR:ABB:2026-08-03:004:UP:120000"",""extreme_price"":7614.0,""extreme_time"":""2026-08-03T12:21:00+05:30"",""first_adverse_bar_close"":null,""first_adverse_bar_level"":null,""first_adverse_bar_time"":null,""inactive_bars"":0,""last_close"":7595.5,""last_observation_state"":""ORDERLY_UPTREND"",""last_observation_state_time"":""2026-08-03T12:21:00+05:30"",""last_reason_codes"":[""DIRECTIONAL_TREND_RESTORED_TO_DIRECTIONAL""],""opposite_control_bars"":0,""origin_event_id"":null,""origin_price"":7549.5,""origin_source"":""OBSERVATION_CONFIRMATION"",""parent_episode_id"":null,""protection_level"":7407.0,""protection_source"":""CONFIRMED_RECOMPRESSION_BOX"",""protection_time"":""2026-08-03T11:27:00+05:30"",""rejection_seen"":false,""rejection_seen_at"":null,""reversal_confirmation_breach_closes"":0,""reversal_confirmation_level"":null,""reversal_confirmation_level_time"":null,""reversal_confirmation_source"":"""",""reversal_leg_failure_closes"":0,""reversal_leg_progress_atr"":0.0,""reversal_leg_progress_bars"":0,""reversal_watch_age_bars"":0,""sequence"":4,""start_candidate_bars"":0,""start_candidate_side"":""UNKNOWN"",""started_at"":""2026-08-03T12:00:00+05:30"",""state"":""DIRECTIONAL"",""state_age_bars"":1,""state_started_at"":""2026-08-03T12:21:00+05:30"",""trend_restore_bars"":0},""evidence_history"":[{""atr"":19.416298342151137,""bar"":{""body_fraction"":0.5862068965517241,""close"":7431.5,""close_position"":0.3103448275862069,""direction"":""DOWN"",""high"":7441.5,""low"":7427.0,""lower_wick_fraction"":0.3103448275862069,""move_atr"":-0.4377765447468028,""move_points"":-8.5,""open"":7440.0,""snapshot_time"":""2026-08-03T11:48:00+05:30"",""upper_wick_fraction"":0.10344827586206896,""volume"":4196.0},""close"":7431.5,""trend"":{""ema_ref"":7370.443468005689,""ema_slow"":7383.943098939488,""hma_order"":""BUY"",""hma_spread_atr"":4.583525478969616}},{""atr"":19.922277031997485,""bar"":{""body_fraction"":0.9622641509433962,""close"":7457.0,""close_position"":1.0,""direction"":""UP"",""high"":7457.0,""low"":7430.5,""lower_wick_fraction"":0.03773584905660377,""move_atr"":1.2799741695712816,""move_points"":25.5,""open"":7431.5,""snapshot_time"":""2026-08-03T11:51:00+05:30"",""upper_wick_fraction"":0.0,""volume"":19542.0},""close"":7457.0,""trend"":{""ema_ref"":7371.304727030509,""ema_slow"":7385.389770247617,""hma_order"":""BUY"",""hma_spread_atr"":4.230906675429625}},{""atr"":22.499257243997665,""bar"":{""body_fraction"":0.7767857142857143,""close"":7500.0,""close_position"":0.8035714285714286,""direction"":""UP"",""high"":7511.0,""low"":7455.0,""lower_wick_fraction"":0.026785714285714284,""move_atr"":1.9333971574374929,""move_points"":43.5,""open"":7456.5,""snapshot_time"":""2026-08-03T11:54:00+05:30"",""upper_wick_fraction"":0.19642857142857145,""volume"":27744.0},""close"":7500.0,""trend"":{""ema_ref"":7372.585277010306,""ema_slow"":7387.659279747664,""hma_order"":""BUY"",""hma_spread_atr"":4.037827844863514}},{""atr"":26.60645315514069,""bar"":{""body_fraction"":0.8375,""close"":7569.0,""close_position"":0.8625,""direction"":""UP"",""high"":7580.0,""low"":7500.0,""lower_wick_fraction"":0.025,""move_atr"":2.5181860809979772,""move_points"":67.0,""open"":7502.0,""snapshot_time"":""2026-08-03T11:57:00+05:30"",""upper_wick_fraction"":0.1375,""volume"":48810.0},""close"":7569.0,""trend"":{""ema_ref"":7374.539652363437,""ema_slow"":7391.250185099196,""hma_order"":""BUY"",""hma_spread_atr"":4.364533684758084}},{""atr"":27.09884935834493,""bar"":{""body_fraction"":0.47761194029850745,""close"":7549.5,""close_position"":0.3880597014925373,""direction"":""DOWN"",""high"":7570.0,""low"":7536.5,""lower_wick_fraction"":0.3880597014925373,""move_atr"":-0.590430973227758,""move_points"":-16.0,""open"":7565.5,""snapshot_time"":""2026-08-03T12:00:00+05:30"",""upper_wick_fraction"":0.13432835820895522,""volume"":19345.0},""close"":7549.5,""trend"":{""ema_ref"":7376.280551344896,""ema_slow"":7394.383844800202,""hma_order"":""BUY"",""hma_spread_atr"":5.332586989846007}},{""atr"":26.34178868989172,""bar"":{""body_fraction"":0.42424242424242425,""close"":7556.5,""close_position"":0.5151515151515151,""direction"":""UP"",""high"":7564.5,""low"":7548.0,""lower_wick_fraction"":0.09090909090909093,""move_atr"":0.2657374593049617,""move_points"":7.0,""open"":7549.5,""snapshot_time"":""2026-08-03T12:03:00+05:30"",""upper_wick_fraction"":0.48484848484848486,""volume"":6641.0},""close"":7556.5,""trend"":{""ema_ref"":7378.073779689723,""ema_slow"":7397.594065695247,""hma_order"":""BUY"",""hma_spread_atr"":6.449484754370961}},{""atr"":25.63880378347088,""bar"":{""body_fraction"":0.6060606060606061,""close"":7546.5,""close_position"":0.3939393939393939,""direction"":""DOWN"",""high"":7556.5,""low"":7540.0,""lower_wick_fraction"":0.3939393939393939,""move_atr"":-0.3900337973820337,""move_points"":-10.0,""open"":7556.5,""snapshot_time"":""2026-08-03T12:06:00+05:30"",""upper_wick_fraction"":0.0,""volume"":5275.0},""close"":7546.5,""trend"":{""ema_ref"":7379.749662478881,""ema_slow"":7400.542698057718,""hma_order"":""BUY"",""hma_spread_atr"":7.269772466044208}},{""atr"":24.950317798937245,""bar"":{""body_fraction"":0.25,""close"":7549.5,""close_position"":0.65625,""direction"":""UP"",""high"":7555.0,""low"":7539.0,""lower_wick_fraction"":0.40625,""move_atr"":0.1603185992352522,""move_points"":4.0,""open"":7545.5,""snapshot_time"":""2026-08-03T12:09:00+05:30"",""upper_wick_fraction"":0.34375,""volume"":4337.0},""close"":7549.5,""trend"":{""ema_ref"":7381.4387205636685,""ema_slow"":7403.492347601129,""hma_order"":""BUY"",""hma_spread_atr"":7.855622395053977}},{""atr"":25.025295099013157,""bar"":{""body_fraction"":0.6730769230769231,""close"":7567.0,""close_position"":0.9615384615384616,""direction"":""UP"",""high"":7568.0,""low"":7542.0,""lower_wick_fraction"":0.28846153846153844,""move_atr"":0.6992924531263606,""move_points"":17.5,""open"":7549.5,""snapshot_time"":""2026-08-03T12:12:00+05:30"",""upper_wick_fraction"":0.038461538461538464,""volume"":6160.0},""close"":7567.0,""trend"":{""ema_ref"":7383.285101453583,""ema_slow"":7406.730122896156,""hma_order"":""BUY"",""hma_spread_atr"":8.052580569974428}},{""atr"":24.559202591940792,""bar"":{""body_fraction"":0.7567567567567568,""close"":7553.0,""close_position"":0.16216216216216217,""direction"":""DOWN"",""high"":7568.5,""low"":7550.0,""lower_wick_fraction"":0.16216216216216217,""move_atr"":-0.5700510815686728,""move_points"":-14.0,""open"":7567.0,""snapshot_time"":""2026-08-03T12:15:00+05:30"",""upper_wick_fraction"":0.08108108108108109,""volume"":4035.0},""close"":7553.0,""trend"":{""ema_ref"":7384.973806911756,""ema_slow"":7409.626556106133,""hma_order"":""BUY"",""hma_spread_atr"":8.129802258749653}},{""atr"":25.01925954965931,""bar"":{""body_fraction"":0.7096774193548387,""close"":7568.0,""close_position"":0.7741935483870968,""direction"":""UP"",""high"":7575.0,""low"":7544.0,""lower_wick_fraction"":0.06451612903225806,""move_atr"":0.8793225857197511,""move_points"":22.0,""open"":7546.0,""snapshot_time"":""2026-08-03T12:18:00+05:30"",""upper_wick_fraction"":0.2258064516129032,""volume"":8610.0},""close"":7568.0,""trend"":{""ema_ref"":7386.794963061888,""ema_slow"":7412.762663906011,""hma_order"":""BUY"",""hma_spread_atr"":7.783379908304845}},{""atr"":26.803598153255074,""bar"":{""body_fraction"":0.55,""close"":7595.5,""close_position"":0.63,""direction"":""UP"",""high"":7614.0,""low"":7564.0,""lower_wick_fraction"":0.08,""move_atr"":1.025981655252519,""move_points"":27.5,""open"":7568.0,""snapshot_time"":""2026-08-03T12:21:00+05:30"",""upper_wick_fraction"":0.37,""volume"":24083.0},""close"":7595.5,""trend"":{""ema_ref"":7388.871630096098,""ema_slow"":7416.381225016783,""hma_order"":""BUY"",""hma_spread_atr"":7.24055244260279}}],""last_observation_hash"":""8a6e022cadda9f0f437625f77b8883264bfc7c277158a8a99ba15248d24e7d12"",""last_snapshot_time"":""2026-08-03T12:21:00+05:30"",""observation"":{""compression_box_high"":null,""compression_box_low"":null,""compression_candidate_bars"":0,""current_state"":""ORDERLY_UPTREND"",""established_side"":""UP"",""exhaustion_active"":false,""exhaustion_age_bars"":0,""exhaustion_clear_bars"":0,""exhaustion_last_seen_at"":null,""exhaustion_side"":""UNKNOWN"",""exhaustion_started_at"":null,""failure_breach_bars"":0,""last_close"":7595.5,""last_reason_codes"":[""ESTABLISHED_DIRECTIONAL_CONTEXT_RETAINED"",""OBSERVATION_PROPOSAL_MATCHED_CURRENT"",""OBSERVATION_STATE_ORDERLY_UPTREND"",""EXHAUSTION_RESOLVED_BY_TREND_RESTORATION""],""last_snapshot_time"":""2026-08-03T12:21:00+05:30"",""leg_age_bars"":19,""leg_anchor_price"":7407.0,""leg_anchor_time"":""2026-08-03T11:27:00+05:30"",""leg_extreme_price"":7614.0,""leg_maturity_consumed"":false,""leg_maturity_extreme_price"":null,""leg_maturity_onset_time"":null,""leg_no_progress_bars"":0,""observation_count"":63,""pending_bars"":0,""pending_state"":null,""protection_level"":7407.0,""protection_source"":""CONFIRMED_RECOMPRESSION_BOX"",""protection_time"":""2026-08-03T11:27:00+05:30"",""pullback_age_bars"":0,""pullback_candidate_bars"":0,""pullback_extreme_price"":null,""reacceleration_age_bars"":2,""recompression_age_bars"":0,""reversal_confirmation_bars"":0,""reversal_side"":""UP"",""state_age_bars"":17,""trading_day"":""2026-08-03"",""trend_anchor_price"":7355.0,""trend_candidate_bars"":13,""trend_candidate_side"":""UP"",""trend_extreme_price"":7614.0,""trend_failure_age_bars"":0,""trend_onset_time"":""2026-08-03T10:48:00+05:30""},""symbol"":""ABB"",""trading_day"":""2026-08-03""}"
restoration-v3-current-day,development,restoration-trend-control-v3,backtest-default,OK,,,,ABB,2026-08-03,2026-08-03T12:24:00+05:30,2026-08-03T12:21:00+05:30,SNAPSHOT_AUCTION_AUTHORITY_V3A,3m,True,True,7573.0,2026-08-03T12:24:00,7585.5,7591.5,7571.0,7573.0,7490.0,26.63905542802257,EXPANDING_RANGE,BUY,candidate_boundaries_or_midpoint_still_drifting,RANGE_ACCEPTED,DYNAMIC:2026-08-03T12:03:00+05:30:2026-08-03T12:18:00+05:30,7539.0,7575.0,2,ok,UP_ACCELERATING,0.09384717137418323,0.05630830282450994,OK,INCREMENTAL_PREVIOUS_SNAPSHOT,AUTOTRADES_AUCTION_ENGINE,1.1.0,,,ORDERLY_UPTREND,UP,UP,False,False,False,UNKNOWN,False,False,False,7407.0,CONFIRMED_RECOMPRESSION_BOX,2026-08-03T11:27:00+05:30,DYNAMIC:2026-08-03T12:03:00+05:30:2026-08-03T12:18:00+05:30,7539.0,7575.0,True,0.9444444444444444,0.1506849315068493,PRICE_ACTION,0.8280623365300783,ESTABLISHED_DIRECTIONAL_CONTEXT_RETAINED|OBSERVATION_PROPOSAL_MATCHED_CURRENT|OBSERVATION_STATE_ORDERLY_UPTREND|OBJECTIVE_ACCEPTED_RANGE_GEOMETRY_PRESENT|OBJECTIVE_TREND_PROTECTION_GEOMETRY_PRESENT,DIR:ABB:2026-08-03:004:UP:120000,DIRECTIONAL,DIRECTIONAL,UP,OBSERVATION_CONFIRMATION,,,2026-08-03T12:00:00+05:30,2026-08-03T12:21:00+05:30,2,7549.5,7614.0,2026-08-03T12:21:00+05:30,7407.0,CONFIRMED_RECOMPRESSION_BOX,,,,0,0.0,0,False,DIRECTIONAL_EPISODE_RETAINED,4,UNKNOWN,0,0,0,0,0,ORDERLY_UPTREND,2026-08-03T12:24:00+05:30,DIRECTIONAL_EPISODE_RETAINED,BAL:ABB:2026-08-03:004:NEUTRAL:122400,NONE,FORMING,1,,7539.0,7575.0,,,UNKNOWN,0,0,0,0,False,False,BALANCE_FORMING_STARTED,1,BAL:ABB:2026-08-03:004:NEUTRAL:122400:BALANCE_FORMING_STARTED:122400,BALANCE_FORMING_STARTED,UNKNOWN,BAL:ABB:2026-08-03:004:NEUTRAL:122400,BALANCE_FORMING_STARTED:QUALIFIED_ACCEPTED_RANGE_OBSERVED,0,,,,,MATCH,MATCH,MATCH,MATCH,False,0,False,False,False,True,,COHERENT,"[""event_id='BAL:ABB:2026-08-03:004:NEUTRAL:122400:BALANCE_FORMING_STARTED:122400' event_type=<AuctionEventType.BALANCE_FORMING_STARTED: 'BALANCE_FORMING_STARTED'> episode_id='BAL:ABB:2026-08-03:004:NEUTRAL:122400' symbol='ABB' trading_day=datetime.date(2026, 8, 3) event_time=datetime.datetime(2026, 8, 3, 12, 24, tzinfo=TzInfo(19800)) direction=<DirectionalBias.UNKNOWN: 'UNKNOWN'> reason_codes=('QUALIFIED_ACCEPTED_RANGE_OBSERVED',) data={'range_id': None, 'frozen_low': None, 'frozen_high': None, 'candidate_low': 7539.0, 'candidate_high': 7575.0, 'rearm_required': False, 'containment_bars': 1, 'source_range_ids': ['DYNAMIC:2026-08-03T12:03:00+05:30:2026-08-03T12:18:00+05:30'], 'containment_ratio': 1.0, 'rearm_bars_elapsed': 0, 'failed_escape_count': 0, 'escape_attempt_count': 0, 'attempt_limit_reached': False, 'candidate_merge_count': 0, 'forming_bars_observed': 1, 'last_escape_direction': 'UNKNOWN', 'last_escape_failed_at': None, 'last_escape_started_at': None, 'meaningful_escape_bars': 0, 'candidate_last_valid_at': '2026-08-03T12:24:00+05:30', 'marginal_excursion_bars': 0, 'up_escape_attempt_count': 0, 'rearm_inside_close_count': 0, 'down_escape_attempt_count': 0, 'candidate_bar_expansion_count': 0}""]",[],"{""accepted_range_breakout_eligible"":true,""accepted_range_established_at"":""2026-08-03T12:18:00+05:30"",""accepted_range_high"":7575.0,""accepted_range_id"":""DYNAMIC:2026-08-03T12:03:00+05:30:2026-08-03T12:18:00+05:30"",""accepted_range_inside"":true,""accepted_range_low"":7539.0,""accepted_range_outside_atr"":0.0,""accepted_range_position"":0.9444444444444444,""accepted_range_provisional"":false,""atr"":26.63905542802257,""close"":7573.0,""current_leg_mature"":false,""directional_bias"":""UP"",""directional_efficiency"":0.1506849315068493,""directional_efficiency_source"":""PRICE_ACTION"",""exhausted_side"":""UNKNOWN"",""exhaustion_active"":false,""extension_mature"":false,""failed_extreme_observed"":false,""high"":7591.5,""low"":7571.0,""observation_state"":""ORDERLY_UPTREND"",""overlap_ratio"":0.8280623365300783,""range_width_atr"":1.3513992677882385,""rejection_observed"":false,""snapshot_time"":""2026-08-03T12:24:00+05:30"",""source_reason_codes"":[""ESTABLISHED_DIRECTIONAL_CONTEXT_RETAINED"",""OBSERVATION_PROPOSAL_MATCHED_CURRENT"",""OBSERVATION_STATE_ORDERLY_UPTREND"",""OBJECTIVE_ACCEPTED_RANGE_GEOMETRY_PRESENT"",""OBJECTIVE_TREND_PROTECTION_GEOMETRY_PRESENT""],""structural_failure_confirmed"":false,""symbol"":""ABB"",""trading_day"":""2026-08-03"",""trend_direction"":""UP"",""trend_protection_level"":7407.0,""trend_protection_source"":""CONFIRMED_RECOMPRESSION_BOX"",""trend_protection_time"":""2026-08-03T11:27:00+05:30""}","{""continuation_failure_seen"":false,""continuation_failure_time"":null,""current_state"":""DIRECTIONAL"",""direction"":""UP"",""episode_id"":""DIR:ABB:2026-08-03:004:UP:120000"",""extreme_price"":7614.0,""extreme_time"":""2026-08-03T12:21:00+05:30"",""first_adverse_bar_close"":null,""first_adverse_bar_level"":null,""first_adverse_bar_time"":null,""origin_event_id"":null,""origin_price"":7549.5,""origin_source"":""OBSERVATION_CONFIRMATION"",""parent_episode_id"":null,""previous_state"":""DIRECTIONAL"",""protection_level"":7407.0,""protection_source"":""CONFIRMED_RECOMPRESSION_BOX"",""reason_codes"":[""DIRECTIONAL_EPISODE_RETAINED""],""rejection_seen"":false,""reversal_confirmation_breach_closes"":0,""reversal_confirmation_level"":null,""reversal_confirmation_level_time"":null,""reversal_confirmation_source"":"""",""reversal_leg_failure_closes"":0,""reversal_leg_progress_atr"":0.0,""reversal_leg_progress_bars"":0,""started_at"":""2026-08-03T12:00:00+05:30"",""state_age_bars"":2,""state_started_at"":""2026-08-03T12:21:00+05:30""}","{""attempt_limit_reached"":false,""candidate_bar_expansion_count"":0,""candidate_high"":7575.0,""candidate_last_valid_at"":""2026-08-03T12:24:00+05:30"",""candidate_low"":7539.0,""candidate_merge_count"":0,""containment_bars"":1,""containment_ratio"":1.0,""current_state"":""FORMING"",""down_escape_attempt_count"":0,""episode_id"":""BAL:ABB:2026-08-03:004:NEUTRAL:122400"",""escape_attempt_count"":0,""escape_direction"":""UNKNOWN"",""failed_escape_count"":0,""forming_bars_observed"":1,""forming_invalid_bars"":0,""frozen_high"":null,""frozen_low"":null,""last_escape_direction"":""UNKNOWN"",""last_escape_failed_at"":null,""last_escape_started_at"":null,""marginal_excursion_bars"":0,""meaningful_escape_bars"":0,""outside_close_count"":0,""previous_state"":""NONE"",""range_id"":null,""rearm_bars_elapsed"":0,""rearm_inside_close_count"":0,""rearm_required"":false,""reason_codes"":[""BALANCE_FORMING_STARTED""],""reentry_close_count"":0,""source_range_ids"":[""DYNAMIC:2026-08-03T12:03:00+05:30:2026-08-03T12:18:00+05:30""],""started_at"":""2026-08-03T12:24:00+05:30"",""state_age_bars"":1,""state_started_at"":""2026-08-03T12:24:00+05:30"",""up_escape_attempt_count"":0}","{""balance_attempt_limit_reached"":false,""balance_candidate_bar_expansion_count"":0,""balance_candidate_merge_count"":0,""balance_containment_ratio"":1.0,""balance_down_escape_attempt_count"":0,""balance_escape_attempt_count"":0,""balance_failed_escape_count"":0,""balance_forming_bars_observed"":1,""balance_forming_invalid_bars"":0,""balance_last_escape_direction"":""UNKNOWN"",""balance_last_escape_failed_at"":null,""balance_last_escape_started_at"":null,""balance_marginal_excursion_bars"":0,""balance_meaningful_escape_bars"":0,""balance_rearm_bars_elapsed"":0,""balance_rearm_inside_close_count"":0,""balance_rearm_required"":false,""balance_up_escape_attempt_count"":0,""directional_origin_event_id"":null,""directional_origin_source"":""OBSERVATION_CONFIRMATION"",""directional_parent_episode_id"":null,""directional_reversal_watch_age_bars"":0,""directional_start_candidate_bars"":0,""directional_start_candidate_side"":""UNKNOWN"",""observation_accepted_range_id"":""DYNAMIC:2026-08-03T12:03:00+05:30:2026-08-03T12:18:00+05:30"",""observation_current_leg_mature"":false,""observation_directional_bias"":""UP"",""observation_exhaustion_active"":false,""observation_state"":""ORDERLY_UPTREND""}","{""balance"":{""attempt_limit_reached"":false,""candidate_bar_expansion_count"":0,""candidate_high"":7575.0,""candidate_last_valid_at"":""2026-08-03T12:24:00+05:30"",""candidate_low"":7539.0,""candidate_merge_count"":0,""containment_bars"":1,""down_escape_attempt_count"":0,""emitted_event_ids"":[""BAL:ABB:2026-08-03:001:NEUTRAL:100600:BALANCE_COMPLETED:105400"",""BAL:ABB:2026-08-03:001:NEUTRAL:100600:BALANCE_ESCAPE_ACCEPTED:105100"",""BAL:ABB:2026-08-03:001:NEUTRAL:100600:BALANCE_ESCAPE_STARTED:104800"",""BAL:ABB:2026-08-03:001:NEUTRAL:100600:BALANCE_FORMING_STARTED:100600"",""BAL:ABB:2026-08-03:001:NEUTRAL:100600:BALANCE_LOCKED:102700"",""BAL:ABB:2026-08-03:001:NEUTRAL:100600:BALANCE_PROBABLE:101800"",""BAL:ABB:2026-08-03:002:NEUTRAL:112100:BALANCE_COMPLETED:113000"",""BAL:ABB:2026-08-03:002:NEUTRAL:112100:BALANCE_FORMING_STARTED:112100"",""BAL:ABB:2026-08-03:003:NEUTRAL:114800:BALANCE_COMPLETED:115400"",""BAL:ABB:2026-08-03:003:NEUTRAL:114800:BALANCE_FORMING_STARTED:114800"",""BAL:ABB:2026-08-03:004:NEUTRAL:122400:BALANCE_FORMING_STARTED:122400""],""episode_id"":""BAL:ABB:2026-08-03:004:NEUTRAL:122400"",""escape_attempt_count"":0,""escape_direction"":""UNKNOWN"",""failed_escape_count"":0,""forming_bars_observed"":1,""forming_invalid_bars"":0,""frozen_high"":null,""frozen_low"":null,""last_escape_direction"":""UNKNOWN"",""last_escape_failed_at"":null,""last_escape_started_at"":null,""last_reason_codes"":[""BALANCE_FORMING_STARTED""],""marginal_excursion_bars"":0,""meaningful_escape_bars"":0,""outside_close_count"":0,""range_id"":null,""rearm_bars_elapsed"":0,""rearm_inside_close_count"":0,""rearm_required"":false,""reentry_close_count"":0,""sequence"":4,""source_range_ids"":[""DYNAMIC:2026-08-03T12:03:00+05:30:2026-08-03T12:18:00+05:30""],""started_at"":""2026-08-03T12:24:00+05:30"",""state"":""FORMING"",""state_age_bars"":1,""state_started_at"":""2026-08-03T12:24:00+05:30"",""up_escape_attempt_count"":0},""directional"":{""continuation_failure_progress_bars"":0,""continuation_failure_seen"":false,""continuation_failure_seen_at"":null,""direction"":""UP"",""emitted_event_ids"":[""DIR:ABB:2026-08-03:001:DOWN:101500:DIRECTIONAL_COMPLETED:105100"",""DIR:ABB:2026-08-03:001:DOWN:101500:DIRECTIONAL_STARTED:101500"",""DIR:ABB:2026-08-03:002:UP:110000:DIRECTIONAL_COMPLETED:113900"",""DIR:ABB:2026-08-03:002:UP:110000:DIRECTIONAL_MATURED:110300"",""DIR:ABB:2026-08-03:002:UP:110000:DIRECTIONAL_REVERSAL_CONFIRMED:113900"",""DIR:ABB:2026-08-03:002:UP:110000:DIRECTIONAL_STARTED:110000"",""DIR:ABB:2026-08-03:002:UP:110000:REVERSAL_WATCH_STARTED:110600"",""DIR:ABB:2026-08-03:003:DOWN:113900:DIRECTIONAL_COMPLETED:115400"",""DIR:ABB:2026-08-03:003:DOWN:113900:DIRECTIONAL_REVERSAL_LEG_FAILED:115400"",""DIR:ABB:2026-08-03:003:DOWN:113900:DIRECTIONAL_REVERSAL_LEG_STARTED:113900"",""DIR:ABB:2026-08-03:004:UP:120000:DIRECTIONAL_MATURED:120300"",""DIR:ABB:2026-08-03:004:UP:120000:DIRECTIONAL_STARTED:120000"",""DIR:ABB:2026-08-03:004:UP:120000:DIRECTIONAL_TREND_RESTORED:122100"",""DIR:ABB:2026-08-03:004:UP:120000:REVERSAL_WATCH_STARTED:120600""],""episode_id"":""DIR:ABB:2026-08-03:004:UP:120000"",""extreme_price"":7614.0,""extreme_time"":""2026-08-03T12:21:00+05:30"",""first_adverse_bar_close"":null,""first_adverse_bar_level"":null,""first_adverse_bar_time"":null,""inactive_bars"":0,""last_close"":7573.0,""last_observation_state"":""ORDERLY_UPTREND"",""last_observation_state_time"":""2026-08-03T12:24:00+05:30"",""last_reason_codes"":[""DIRECTIONAL_EPISODE_RETAINED""],""opposite_control_bars"":0,""origin_event_id"":null,""origin_price"":7549.5,""origin_source"":""OBSERVATION_CONFIRMATION"",""parent_episode_id"":null,""protection_level"":7407.0,""protection_source"":""CONFIRMED_RECOMPRESSION_BOX"",""protection_time"":""2026-08-03T11:27:00+05:30"",""rejection_seen"":false,""rejection_seen_at"":null,""reversal_confirmation_breach_closes"":0,""reversal_confirmation_level"":null,""reversal_confirmation_level_time"":null,""reversal_confirmation_source"":"""",""reversal_leg_failure_closes"":0,""reversal_leg_progress_atr"":0.0,""reversal_leg_progress_bars"":0,""reversal_watch_age_bars"":0,""sequence"":4,""start_candidate_bars"":0,""start_candidate_side"":""UNKNOWN"",""started_at"":""2026-08-03T12:00:00+05:30"",""state"":""DIRECTIONAL"",""state_age_bars"":2,""state_started_at"":""2026-08-03T12:21:00+05:30"",""trend_restore_bars"":0},""evidence_history"":[{""atr"":19.922277031997485,""bar"":{""body_fraction"":0.9622641509433962,""close"":7457.0,""close_position"":1.0,""direction"":""UP"",""high"":7457.0,""low"":7430.5,""lower_wick_fraction"":0.03773584905660377,""move_atr"":1.2799741695712816,""move_points"":25.5,""open"":7431.5,""snapshot_time"":""2026-08-03T11:51:00+05:30"",""upper_wick_fraction"":0.0,""volume"":19542.0},""close"":7457.0,""trend"":{""ema_ref"":7371.304727030509,""ema_slow"":7385.389770247617,""hma_order"":""BUY"",""hma_spread_atr"":4.230906675429625}},{""atr"":22.499257243997665,""bar"":{""body_fraction"":0.7767857142857143,""close"":7500.0,""close_position"":0.8035714285714286,""direction"":""UP"",""high"":7511.0,""low"":7455.0,""lower_wick_fraction"":0.026785714285714284,""move_atr"":1.9333971574374929,""move_points"":43.5,""open"":7456.5,""snapshot_time"":""2026-08-03T11:54:00+05:30"",""upper_wick_fraction"":0.19642857142857145,""volume"":27744.0},""close"":7500.0,""trend"":{""ema_ref"":7372.585277010306,""ema_slow"":7387.659279747664,""hma_order"":""BUY"",""hma_spread_atr"":4.037827844863514}},{""atr"":26.60645315514069,""bar"":{""body_fraction"":0.8375,""close"":7569.0,""close_position"":0.8625,""direction"":""UP"",""high"":7580.0,""low"":7500.0,""lower_wick_fraction"":0.025,""move_atr"":2.5181860809979772,""move_points"":67.0,""open"":7502.0,""snapshot_time"":""2026-08-03T11:57:00+05:30"",""upper_wick_fraction"":0.1375,""volume"":48810.0},""close"":7569.0,""trend"":{""ema_ref"":7374.539652363437,""ema_slow"":7391.250185099196,""hma_order"":""BUY"",""hma_spread_atr"":4.364533684758084}},{""atr"":27.09884935834493,""bar"":{""body_fraction"":0.47761194029850745,""close"":7549.5,""close_position"":0.3880597014925373,""direction"":""DOWN"",""high"":7570.0,""low"":7536.5,""lower_wick_fraction"":0.3880597014925373,""move_atr"":-0.590430973227758,""move_points"":-16.0,""open"":7565.5,""snapshot_time"":""2026-08-03T12:00:00+05:30"",""upper_wick_fraction"":0.13432835820895522,""volume"":19345.0},""close"":7549.5,""trend"":{""ema_ref"":7376.280551344896,""ema_slow"":7394.383844800202,""hma_order"":""BUY"",""hma_spread_atr"":5.332586989846007}},{""atr"":26.34178868989172,""bar"":{""body_fraction"":0.42424242424242425,""close"":7556.5,""close_position"":0.5151515151515151,""direction"":""UP"",""high"":7564.5,""low"":7548.0,""lower_wick_fraction"":0.09090909090909093,""move_atr"":0.2657374593049617,""move_points"":7.0,""open"":7549.5,""snapshot_time"":""2026-08-03T12:03:00+05:30"",""upper_wick_fraction"":0.48484848484848486,""volume"":6641.0},""close"":7556.5,""trend"":{""ema_ref"":7378.073779689723,""ema_slow"":7397.594065695247,""hma_order"":""BUY"",""hma_spread_atr"":6.449484754370961}},{""atr"":25.63880378347088,""bar"":{""body_fraction"":0.6060606060606061,""close"":7546.5,""close_position"":0.3939393939393939,""direction"":""DOWN"",""high"":7556.5,""low"":7540.0,""lower_wick_fraction"":0.3939393939393939,""move_atr"":-0.3900337973820337,""move_points"":-10.0,""open"":7556.5,""snapshot_time"":""2026-08-03T12:06:00+05:30"",""upper_wick_fraction"":0.0,""volume"":5275.0},""close"":7546.5,""trend"":{""ema_ref"":7379.749662478881,""ema_slow"":7400.542698057718,""hma_order"":""BUY"",""hma_spread_atr"":7.269772466044208}},{""atr"":24.950317798937245,""bar"":{""body_fraction"":0.25,""close"":7549.5,""close_position"":0.65625,""direction"":""UP"",""high"":7555.0,""low"":7539.0,""lower_wick_fraction"":0.40625,""move_atr"":0.1603185992352522,""move_points"":4.0,""open"":7545.5,""snapshot_time"":""2026-08-03T12:09:00+05:30"",""upper_wick_fraction"":0.34375,""volume"":4337.0},""close"":7549.5,""trend"":{""ema_ref"":7381.4387205636685,""ema_slow"":7403.492347601129,""hma_order"":""BUY"",""hma_spread_atr"":7.855622395053977}},{""atr"":25.025295099013157,""bar"":{""body_fraction"":0.6730769230769231,""close"":7567.0,""close_position"":0.9615384615384616,""direction"":""UP"",""high"":7568.0,""low"":7542.0,""lower_wick_fraction"":0.28846153846153844,""move_atr"":0.6992924531263606,""move_points"":17.5,""open"":7549.5,""snapshot_time"":""2026-08-03T12:12:00+05:30"",""upper_wick_fraction"":0.038461538461538464,""volume"":6160.0},""close"":7567.0,""trend"":{""ema_ref"":7383.285101453583,""ema_slow"":7406.730122896156,""hma_order"":""BUY"",""hma_spread_atr"":8.052580569974428}},{""atr"":24.559202591940792,""bar"":{""body_fraction"":0.7567567567567568,""close"":7553.0,""close_position"":0.16216216216216217,""direction"":""DOWN"",""high"":7568.5,""low"":7550.0,""lower_wick_fraction"":0.16216216216216217,""move_atr"":-0.5700510815686728,""move_points"":-14.0,""open"":7567.0,""snapshot_time"":""2026-08-03T12:15:00+05:30"",""upper_wick_fraction"":0.08108108108108109,""volume"":4035.0},""close"":7553.0,""trend"":{""ema_ref"":7384.973806911756,""ema_slow"":7409.626556106133,""hma_order"":""BUY"",""hma_spread_atr"":8.129802258749653}},{""atr"":25.01925954965931,""bar"":{""body_fraction"":0.7096774193548387,""close"":7568.0,""close_position"":0.7741935483870968,""direction"":""UP"",""high"":7575.0,""low"":7544.0,""lower_wick_fraction"":0.06451612903225806,""move_atr"":0.8793225857197511,""move_points"":22.0,""open"":7546.0,""snapshot_time"":""2026-08-03T12:18:00+05:30"",""upper_wick_fraction"":0.2258064516129032,""volume"":8610.0},""close"":7568.0,""trend"":{""ema_ref"":7386.794963061888,""ema_slow"":7412.762663906011,""hma_order"":""BUY"",""hma_spread_atr"":7.783379908304845}},{""atr"":26.803598153255074,""bar"":{""body_fraction"":0.55,""close"":7595.5,""close_position"":0.63,""direction"":""UP"",""high"":7614.0,""low"":7564.0,""lower_wick_fraction"":0.08,""move_atr"":1.025981655252519,""move_points"":27.5,""open"":7568.0,""snapshot_time"":""2026-08-03T12:21:00+05:30"",""upper_wick_fraction"":0.37,""volume"":24083.0},""close"":7595.5,""trend"":{""ema_ref"":7388.871630096098,""ema_slow"":7416.381225016783,""hma_order"":""BUY"",""hma_spread_atr"":7.24055244260279}},{""atr"":26.63905542802257,""bar"":{""body_fraction"":0.6097560975609756,""close"":7573.0,""close_position"":0.0975609756097561,""direction"":""DOWN"",""high"":7591.5,""low"":7571.0,""lower_wick_fraction"":0.0975609756097561,""move_atr"":-0.4692358568709161,""move_points"":-12.5,""open"":7585.5,""snapshot_time"":""2026-08-03T12:24:00+05:30"",""upper_wick_fraction"":0.2926829268292683,""volume"":7490.0},""close"":7573.0,""trend"":{""ema_ref"":7390.70375317972,""ema_slow"":7419.482586897639,""hma_order"":""BUY"",""hma_spread_atr"":7.215407133067264}}],""last_observation_hash"":""8091b29242105e9dc9df9f07a4f53019e9c9cf6a390e441499702ebd1283477d"",""last_snapshot_time"":""2026-08-03T12:24:00+05:30"",""observation"":{""compression_box_high"":null,""compression_box_low"":null,""compression_candidate_bars"":0,""current_state"":""ORDERLY_UPTREND"",""established_side"":""UP"",""exhaustion_active"":false,""exhaustion_age_bars"":0,""exhaustion_clear_bars"":0,""exhaustion_last_seen_at"":null,""exhaustion_side"":""UNKNOWN"",""exhaustion_started_at"":null,""failure_breach_bars"":0,""last_close"":7573.0,""last_reason_codes"":[""ESTABLISHED_DIRECTIONAL_CONTEXT_RETAINED"",""OBSERVATION_PROPOSAL_MATCHED_CURRENT"",""OBSERVATION_STATE_ORDERLY_UPTREND""],""last_snapshot_time"":""2026-08-03T12:24:00+05:30"",""leg_age_bars"":20,""leg_anchor_price"":7407.0,""leg_anchor_time"":""2026-08-03T11:27:00+05:30"",""leg_extreme_price"":7614.0,""leg_maturity_consumed"":false,""leg_maturity_extreme_price"":null,""leg_maturity_onset_time"":null,""leg_no_progress_bars"":1,""observation_count"":64,""pending_bars"":0,""pending_state"":null,""protection_level"":7407.0,""protection_source"":""CONFIRMED_RECOMPRESSION_BOX"",""protection_time"":""2026-08-03T11:27:00+05:30"",""pullback_age_bars"":0,""pullback_candidate_bars"":1,""pullback_extreme_price"":null,""reacceleration_age_bars"":2,""recompression_age_bars"":0,""reversal_confirmation_bars"":0,""reversal_side"":""UP"",""state_age_bars"":18,""trading_day"":""2026-08-03"",""trend_anchor_price"":7355.0,""trend_candidate_bars"":12,""trend_candidate_side"":""UP"",""trend_extreme_price"":7614.0,""trend_failure_age_bars"":0,""trend_onset_time"":""2026-08-03T10:48:00+05:30""},""symbol"":""ABB"",""trading_day"":""2026-08-03""}"
restoration-v3-current-day,development,restoration-trend-control-v3,backtest-default,OK,,,,ABB,2026-08-03,2026-08-03T12:27:00+05:30,2026-08-03T12:24:00+05:30,SNAPSHOT_AUCTION_AUTHORITY_V3A,3m,True,True,7560.0,2026-08-03T12:27:00,7572.5,7572.5,7554.0,7560.0,4842.0,26.09340861173525,EXPANDING_RANGE,BUY,candidate_boundaries_or_midpoint_still_drifting,RANGE_ACCEPTED,DYNAMIC:2026-08-03T12:03:00+05:30:2026-08-03T12:18:00+05:30,7539.0,7575.0,3,ok,TURNING_DOWN,-0.6802484207455026,0.06706674570730307,OK,INCREMENTAL_PREVIOUS_SNAPSHOT,AUTOTRADES_AUCTION_ENGINE,1.1.0,,,CONTROLLED_PULLBACK,UP,UP,False,False,True,UP,False,False,False,7407.0,CONFIRMED_RECOMPRESSION_BOX,2026-08-03T11:27:00+05:30,DYNAMIC:2026-08-03T12:03:00+05:30:2026-08-03T12:18:00+05:30,7539.0,7575.0,True,0.5833333333333334,0.12,PRICE_ACTION,0.6817785527462947,MULTIBAR_CONTROLLED_ADVERSE_MOVE|OBSERVATION_TRANSITION_CONFIRMED|OBSERVATION_STATE_CONTROLLED_PULLBACK|OBJECTIVE_ACCEPTED_RANGE_GEOMETRY_PRESENT|OBJECTIVE_TREND_PROTECTION_GEOMETRY_PRESENT,DIR:ABB:2026-08-03:004:UP:120000,DIRECTIONAL,DIRECTIONAL,UP,OBSERVATION_CONFIRMATION,,,2026-08-03T12:00:00+05:30,2026-08-03T12:21:00+05:30,3,7549.5,7614.0,2026-08-03T12:21:00+05:30,7407.0,CONFIRMED_RECOMPRESSION_BOX,,,,0,0.0,0,False,DIRECTIONAL_EPISODE_RETAINED,4,UNKNOWN,0,0,0,0,0,CONTROLLED_PULLBACK,2026-08-03T12:27:00+05:30,DIRECTIONAL_EPISODE_RETAINED,BAL:ABB:2026-08-03:004:NEUTRAL:122400,FORMING,FORMING,2,,7539.0,7575.0,,,UNKNOWN,0,0,0,0,False,False,BALANCE_SOURCE_RANGE_RETAINED|BALANCE_BAR_CONTAINED_IN_CANDIDATE|BALANCE_CONTAINMENT_PROGRESS|BALANCE_FORMING_RETAINED,0,,,,,,0,,,,,MATCH,MATCH,CONFLICT,MATCH,False,0,False,False,False,True,EPISODE_SLOPE_CONFLICT,TRANSITIONAL_CONFLICT,[],[],"{""accepted_range_breakout_eligible"":true,""accepted_range_established_at"":""2026-08-03T12:18:00+05:30"",""accepted_range_high"":7575.0,""accepted_range_id"":""DYNAMIC:2026-08-03T12:03:00+05:30:2026-08-03T12:18:00+05:30"",""accepted_range_inside"":true,""accepted_range_low"":7539.0,""accepted_range_outside_atr"":0.0,""accepted_range_position"":0.5833333333333334,""accepted_range_provisional"":false,""atr"":26.09340861173525,""close"":7560.0,""current_leg_mature"":false,""directional_bias"":""UP"",""directional_efficiency"":0.12,""directional_efficiency_source"":""PRICE_ACTION"",""exhausted_side"":""UP"",""exhaustion_active"":true,""extension_mature"":false,""failed_extreme_observed"":false,""high"":7572.5,""low"":7554.0,""observation_state"":""CONTROLLED_PULLBACK"",""overlap_ratio"":0.6817785527462947,""range_width_atr"":1.379658768835949,""rejection_observed"":false,""snapshot_time"":""2026-08-03T12:27:00+05:30"",""source_reason_codes"":[""MULTIBAR_CONTROLLED_ADVERSE_MOVE"",""OBSERVATION_TRANSITION_CONFIRMED"",""OBSERVATION_STATE_CONTROLLED_PULLBACK"",""OBJECTIVE_ACCEPTED_RANGE_GEOMETRY_PRESENT"",""OBJECTIVE_TREND_PROTECTION_GEOMETRY_PRESENT""],""structural_failure_confirmed"":false,""symbol"":""ABB"",""trading_day"":""2026-08-03"",""trend_direction"":""UP"",""trend_protection_level"":7407.0,""trend_protection_source"":""CONFIRMED_RECOMPRESSION_BOX"",""trend_protection_time"":""2026-08-03T11:27:00+05:30""}","{""continuation_failure_seen"":false,""continuation_failure_time"":null,""current_state"":""DIRECTIONAL"",""direction"":""UP"",""episode_id"":""DIR:ABB:2026-08-03:004:UP:120000"",""extreme_price"":7614.0,""extreme_time"":""2026-08-03T12:21:00+05:30"",""first_adverse_bar_close"":null,""first_adverse_bar_level"":null,""first_adverse_bar_time"":null,""origin_event_id"":null,""origin_price"":7549.5,""origin_source"":""OBSERVATION_CONFIRMATION"",""parent_episode_id"":null,""previous_state"":""DIRECTIONAL"",""protection_level"":7407.0,""protection_source"":""CONFIRMED_RECOMPRESSION_BOX"",""reason_codes"":[""DIRECTIONAL_EPISODE_RETAINED""],""rejection_seen"":false,""reversal_confirmation_breach_closes"":0,""reversal_confirmation_level"":null,""reversal_confirmation_level_time"":null,""reversal_confirmation_source"":"""",""reversal_leg_failure_closes"":0,""reversal_leg_progress_atr"":0.0,""reversal_leg_progress_bars"":0,""started_at"":""2026-08-03T12:00:00+05:30"",""state_age_bars"":3,""state_started_at"":""2026-08-03T12:21:00+05:30""}","{""attempt_limit_reached"":false,""candidate_bar_expansion_count"":0,""candidate_high"":7575.0,""candidate_last_valid_at"":""2026-08-03T12:27:00+05:30"",""candidate_low"":7539.0,""candidate_merge_count"":0,""containment_bars"":2,""containment_ratio"":1.0,""current_state"":""FORMING"",""down_escape_attempt_count"":0,""episode_id"":""BAL:ABB:2026-08-03:004:NEUTRAL:122400"",""escape_attempt_count"":0,""escape_direction"":""UNKNOWN"",""failed_escape_count"":0,""forming_bars_observed"":2,""forming_invalid_bars"":0,""frozen_high"":null,""frozen_low"":null,""last_escape_direction"":""UNKNOWN"",""last_escape_failed_at"":null,""last_escape_started_at"":null,""marginal_excursion_bars"":0,""meaningful_escape_bars"":0,""outside_close_count"":0,""previous_state"":""FORMING"",""range_id"":null,""rearm_bars_elapsed"":0,""rearm_inside_close_count"":0,""rearm_required"":false,""reason_codes"":[""BALANCE_SOURCE_RANGE_RETAINED"",""BALANCE_BAR_CONTAINED_IN_CANDIDATE"",""BALANCE_CONTAINMENT_PROGRESS"",""BALANCE_FORMING_RETAINED""],""reentry_close_count"":0,""source_range_ids"":[""DYNAMIC:2026-08-03T12:03:00+05:30:2026-08-03T12:18:00+05:30""],""started_at"":""2026-08-03T12:24:00+05:30"",""state_age_bars"":2,""state_started_at"":""2026-08-03T12:24:00+05:30"",""up_escape_attempt_count"":0}","{""balance_attempt_limit_reached"":false,""balance_candidate_bar_expansion_count"":0,""balance_candidate_merge_count"":0,""balance_containment_ratio"":1.0,""balance_down_escape_attempt_count"":0,""balance_escape_attempt_count"":0,""balance_failed_escape_count"":0,""balance_forming_bars_observed"":2,""balance_forming_invalid_bars"":0,""balance_last_escape_direction"":""UNKNOWN"",""balance_last_escape_failed_at"":null,""balance_last_escape_started_at"":null,""balance_marginal_excursion_bars"":0,""balance_meaningful_escape_bars"":0,""balance_rearm_bars_elapsed"":0,""balance_rearm_inside_close_count"":0,""balance_rearm_required"":false,""balance_up_escape_attempt_count"":0,""directional_origin_event_id"":null,""directional_origin_source"":""OBSERVATION_CONFIRMATION"",""directional_parent_episode_id"":null,""directional_reversal_watch_age_bars"":0,""directional_start_candidate_bars"":0,""directional_start_candidate_side"":""UNKNOWN"",""observation_accepted_range_id"":""DYNAMIC:2026-08-03T12:03:00+05:30:2026-08-03T12:18:00+05:30"",""observation_current_leg_mature"":false,""observation_directional_bias"":""UP"",""observation_exhaustion_active"":true,""observation_state"":""CONTROLLED_PULLBACK""}","{""balance"":{""attempt_limit_reached"":false,""candidate_bar_expansion_count"":0,""candidate_high"":7575.0,""candidate_last_valid_at"":""2026-08-03T12:27:00+05:30"",""candidate_low"":7539.0,""candidate_merge_count"":0,""containment_bars"":2,""down_escape_attempt_count"":0,""emitted_event_ids"":[""BAL:ABB:2026-08-03:001:NEUTRAL:100600:BALANCE_COMPLETED:105400"",""BAL:ABB:2026-08-03:001:NEUTRAL:100600:BALANCE_ESCAPE_ACCEPTED:105100"",""BAL:ABB:2026-08-03:001:NEUTRAL:100600:BALANCE_ESCAPE_STARTED:104800"",""BAL:ABB:2026-08-03:001:NEUTRAL:100600:BALANCE_FORMING_STARTED:100600"",""BAL:ABB:2026-08-03:001:NEUTRAL:100600:BALANCE_LOCKED:102700"",""BAL:ABB:2026-08-03:001:NEUTRAL:100600:BALANCE_PROBABLE:101800"",""BAL:ABB:2026-08-03:002:NEUTRAL:112100:BALANCE_COMPLETED:113000"",""BAL:ABB:2026-08-03:002:NEUTRAL:112100:BALANCE_FORMING_STARTED:112100"",""BAL:ABB:2026-08-03:003:NEUTRAL:114800:BALANCE_COMPLETED:115400"",""BAL:ABB:2026-08-03:003:NEUTRAL:114800:BALANCE_FORMING_STARTED:114800"",""BAL:ABB:2026-08-03:004:NEUTRAL:122400:BALANCE_FORMING_STARTED:122400""],""episode_id"":""BAL:ABB:2026-08-03:004:NEUTRAL:122400"",""escape_attempt_count"":0,""escape_direction"":""UNKNOWN"",""failed_escape_count"":0,""forming_bars_observed"":2,""forming_invalid_bars"":0,""frozen_high"":null,""frozen_low"":null,""last_escape_direction"":""UNKNOWN"",""last_escape_failed_at"":null,""last_escape_started_at"":null,""last_reason_codes"":[""BALANCE_SOURCE_RANGE_RETAINED"",""BALANCE_BAR_CONTAINED_IN_CANDIDATE"",""BALANCE_CONTAINMENT_PROGRESS"",""BALANCE_FORMING_RETAINED""],""marginal_excursion_bars"":0,""meaningful_escape_bars"":0,""outside_close_count"":0,""range_id"":null,""rearm_bars_elapsed"":0,""rearm_inside_close_count"":0,""rearm_required"":false,""reentry_close_count"":0,""sequence"":4,""source_range_ids"":[""DYNAMIC:2026-08-03T12:03:00+05:30:2026-08-03T12:18:00+05:30""],""started_at"":""2026-08-03T12:24:00+05:30"",""state"":""FORMING"",""state_age_bars"":2,""state_started_at"":""2026-08-03T12:24:00+05:30"",""up_escape_attempt_count"":0},""directional"":{""continuation_failure_progress_bars"":0,""continuation_failure_seen"":false,""continuation_failure_seen_at"":null,""direction"":""UP"",""emitted_event_ids"":[""DIR:ABB:2026-08-03:001:DOWN:101500:DIRECTIONAL_COMPLETED:105100"",""DIR:ABB:2026-08-03:001:DOWN:101500:DIRECTIONAL_STARTED:101500"",""DIR:ABB:2026-08-03:002:UP:110000:DIRECTIONAL_COMPLETED:113900"",""DIR:ABB:2026-08-03:002:UP:110000:DIRECTIONAL_MATURED:110300"",""DIR:ABB:2026-08-03:002:UP:110000:DIRECTIONAL_REVERSAL_CONFIRMED:113900"",""DIR:ABB:2026-08-03:002:UP:110000:DIRECTIONAL_STARTED:110000"",""DIR:ABB:2026-08-03:002:UP:110000:REVERSAL_WATCH_STARTED:110600"",""DIR:ABB:2026-08-03:003:DOWN:113900:DIRECTIONAL_COMPLETED:115400"",""DIR:ABB:2026-08-03:003:DOWN:113900:DIRECTIONAL_REVERSAL_LEG_FAILED:115400"",""DIR:ABB:2026-08-03:003:DOWN:113900:DIRECTIONAL_REVERSAL_LEG_STARTED:113900"",""DIR:ABB:2026-08-03:004:UP:120000:DIRECTIONAL_MATURED:120300"",""DIR:ABB:2026-08-03:004:UP:120000:DIRECTIONAL_STARTED:120000"",""DIR:ABB:2026-08-03:004:UP:120000:DIRECTIONAL_TREND_RESTORED:122100"",""DIR:ABB:2026-08-03:004:UP:120000:REVERSAL_WATCH_STARTED:120600""],""episode_id"":""DIR:ABB:2026-08-03:004:UP:120000"",""extreme_price"":7614.0,""extreme_time"":""2026-08-03T12:21:00+05:30"",""first_adverse_bar_close"":null,""first_adverse_bar_level"":null,""first_adverse_bar_time"":null,""inactive_bars"":0,""last_close"":7560.0,""last_observation_state"":""CONTROLLED_PULLBACK"",""last_observation_state_time"":""2026-08-03T12:27:00+05:30"",""last_reason_codes"":[""DIRECTIONAL_EPISODE_RETAINED""],""opposite_control_bars"":0,""origin_event_id"":null,""origin_price"":7549.5,""origin_source"":""OBSERVATION_CONFIRMATION"",""parent_episode_id"":null,""protection_level"":7407.0,""protection_source"":""CONFIRMED_RECOMPRESSION_BOX"",""protection_time"":""2026-08-03T11:27:00+05:30"",""rejection_seen"":false,""rejection_seen_at"":null,""reversal_confirmation_breach_closes"":0,""reversal_confirmation_level"":null,""reversal_confirmation_level_time"":null,""reversal_confirmation_source"":"""",""reversal_leg_failure_closes"":0,""reversal_leg_progress_atr"":0.0,""reversal_leg_progress_bars"":0,""reversal_watch_age_bars"":0,""sequence"":4,""start_candidate_bars"":0,""start_candidate_side"":""UNKNOWN"",""started_at"":""2026-08-03T12:00:00+05:30"",""state"":""DIRECTIONAL"",""state_age_bars"":3,""state_started_at"":""2026-08-03T12:21:00+05:30"",""trend_restore_bars"":0},""evidence_history"":[{""atr"":22.499257243997665,""bar"":{""body_fraction"":0.7767857142857143,""close"":7500.0,""close_position"":0.8035714285714286,""direction"":""UP"",""high"":7511.0,""low"":7455.0,""lower_wick_fraction"":0.026785714285714284,""move_atr"":1.9333971574374929,""move_points"":43.5,""open"":7456.5,""snapshot_time"":""2026-08-03T11:54:00+05:30"",""upper_wick_fraction"":0.19642857142857145,""volume"":27744.0},""close"":7500.0,""trend"":{""ema_ref"":7372.585277010306,""ema_slow"":7387.659279747664,""hma_order"":""BUY"",""hma_spread_atr"":4.037827844863514}},{""atr"":26.60645315514069,""bar"":{""body_fraction"":0.8375,""close"":7569.0,""close_position"":0.8625,""direction"":""UP"",""high"":7580.0,""low"":7500.0,""lower_wick_fraction"":0.025,""move_atr"":2.5181860809979772,""move_points"":67.0,""open"":7502.0,""snapshot_time"":""2026-08-03T11:57:00+05:30"",""upper_wick_fraction"":0.1375,""volume"":48810.0},""close"":7569.0,""trend"":{""ema_ref"":7374.539652363437,""ema_slow"":7391.250185099196,""hma_order"":""BUY"",""hma_spread_atr"":4.364533684758084}},{""atr"":27.09884935834493,""bar"":{""body_fraction"":0.47761194029850745,""close"":7549.5,""close_position"":0.3880597014925373,""direction"":""DOWN"",""high"":7570.0,""low"":7536.5,""lower_wick_fraction"":0.3880597014925373,""move_atr"":-0.590430973227758,""move_points"":-16.0,""open"":7565.5,""snapshot_time"":""2026-08-03T12:00:00+05:30"",""upper_wick_fraction"":0.13432835820895522,""volume"":19345.0},""close"":7549.5,""trend"":{""ema_ref"":7376.280551344896,""ema_slow"":7394.383844800202,""hma_order"":""BUY"",""hma_spread_atr"":5.332586989846007}},{""atr"":26.34178868989172,""bar"":{""body_fraction"":0.42424242424242425,""close"":7556.5,""close_position"":0.5151515151515151,""direction"":""UP"",""high"":7564.5,""low"":7548.0,""lower_wick_fraction"":0.09090909090909093,""move_atr"":0.2657374593049617,""move_points"":7.0,""open"":7549.5,""snapshot_time"":""2026-08-03T12:03:00+05:30"",""upper_wick_fraction"":0.48484848484848486,""volume"":6641.0},""close"":7556.5,""trend"":{""ema_ref"":7378.073779689723,""ema_slow"":7397.594065695247,""hma_order"":""BUY"",""hma_spread_atr"":6.449484754370961}},{""atr"":25.63880378347088,""bar"":{""body_fraction"":0.6060606060606061,""close"":7546.5,""close_position"":0.3939393939393939,""direction"":""DOWN"",""high"":7556.5,""low"":7540.0,""lower_wick_fraction"":0.3939393939393939,""move_atr"":-0.3900337973820337,""move_points"":-10.0,""open"":7556.5,""snapshot_time"":""2026-08-03T12:06:00+05:30"",""upper_wick_fraction"":0.0,""volume"":5275.0},""close"":7546.5,""trend"":{""ema_ref"":7379.749662478881,""ema_slow"":7400.542698057718,""hma_order"":""BUY"",""hma_spread_atr"":7.269772466044208}},{""atr"":24.950317798937245,""bar"":{""body_fraction"":0.25,""close"":7549.5,""close_position"":0.65625,""direction"":""UP"",""high"":7555.0,""low"":7539.0,""lower_wick_fraction"":0.40625,""move_atr"":0.1603185992352522,""move_points"":4.0,""open"":7545.5,""snapshot_time"":""2026-08-03T12:09:00+05:30"",""upper_wick_fraction"":0.34375,""volume"":4337.0},""close"":7549.5,""trend"":{""ema_ref"":7381.4387205636685,""ema_slow"":7403.492347601129,""hma_order"":""BUY"",""hma_spread_atr"":7.855622395053977}},{""atr"":25.025295099013157,""bar"":{""body_fraction"":0.6730769230769231,""close"":7567.0,""close_position"":0.9615384615384616,""direction"":""UP"",""high"":7568.0,""low"":7542.0,""lower_wick_fraction"":0.28846153846153844,""move_atr"":0.6992924531263606,""move_points"":17.5,""open"":7549.5,""snapshot_time"":""2026-08-03T12:12:00+05:30"",""upper_wick_fraction"":0.038461538461538464,""volume"":6160.0},""close"":7567.0,""trend"":{""ema_ref"":7383.285101453583,""ema_slow"":7406.730122896156,""hma_order"":""BUY"",""hma_spread_atr"":8.052580569974428}},{""atr"":24.559202591940792,""bar"":{""body_fraction"":0.7567567567567568,""close"":7553.0,""close_position"":0.16216216216216217,""direction"":""DOWN"",""high"":7568.5,""low"":7550.0,""lower_wick_fraction"":0.16216216216216217,""move_atr"":-0.5700510815686728,""move_points"":-14.0,""open"":7567.0,""snapshot_time"":""2026-08-03T12:15:00+05:30"",""upper_wick_fraction"":0.08108108108108109,""volume"":4035.0},""close"":7553.0,""trend"":{""ema_ref"":7384.973806911756,""ema_slow"":7409.626556106133,""hma_order"":""BUY"",""hma_spread_atr"":8.129802258749653}},{""atr"":25.01925954965931,""bar"":{""body_fraction"":0.7096774193548387,""close"":7568.0,""close_position"":0.7741935483870968,""direction"":""UP"",""high"":7575.0,""low"":7544.0,""lower_wick_fraction"":0.06451612903225806,""move_atr"":0.8793225857197511,""move_points"":22.0,""open"":7546.0,""snapshot_time"":""2026-08-03T12:18:00+05:30"",""upper_wick_fraction"":0.2258064516129032,""volume"":8610.0},""close"":7568.0,""trend"":{""ema_ref"":7386.794963061888,""ema_slow"":7412.762663906011,""hma_order"":""BUY"",""hma_spread_atr"":7.783379908304845}},{""atr"":26.803598153255074,""bar"":{""body_fraction"":0.55,""close"":7595.5,""close_position"":0.63,""direction"":""UP"",""high"":7614.0,""low"":7564.0,""lower_wick_fraction"":0.08,""move_atr"":1.025981655252519,""move_points"":27.5,""open"":7568.0,""snapshot_time"":""2026-08-03T12:21:00+05:30"",""upper_wick_fraction"":0.37,""volume"":24083.0},""close"":7595.5,""trend"":{""ema_ref"":7388.871630096098,""ema_slow"":7416.381225016783,""hma_order"":""BUY"",""hma_spread_atr"":7.24055244260279}},{""atr"":26.63905542802257,""bar"":{""body_fraction"":0.6097560975609756,""close"":7573.0,""close_position"":0.0975609756097561,""direction"":""DOWN"",""high"":7591.5,""low"":7571.0,""lower_wick_fraction"":0.0975609756097561,""move_atr"":-0.4692358568709161,""move_points"":-12.5,""open"":7585.5,""snapshot_time"":""2026-08-03T12:24:00+05:30"",""upper_wick_fraction"":0.2926829268292683,""volume"":7490.0},""close"":7573.0,""trend"":{""ema_ref"":7390.70375317972,""ema_slow"":7419.482586897639,""hma_order"":""BUY"",""hma_spread_atr"":7.215407133067264}},{""atr"":26.09340861173525,""bar"":{""body_fraction"":0.6756756756756757,""close"":7560.0,""close_position"":0.32432432432432434,""direction"":""DOWN"",""high"":7572.5,""low"":7554.0,""lower_wick_fraction"":0.32432432432432434,""move_atr"":-0.4790481836235934,""move_points"":-12.5,""open"":7572.5,""snapshot_time"":""2026-08-03T12:27:00+05:30"",""upper_wick_fraction"":0.0,""volume"":4842.0},""close"":7560.0,""trend"":{""ema_ref"":7392.388292949076,""ema_slow"":7422.265109929368,""hma_order"":""BUY"",""hma_spread_atr"":7.134054864885309}}],""last_observation_hash"":""1339f7d3960a7eab368441f4c406afc25ef9eff785863c32766e1f01636c01ca"",""last_snapshot_time"":""2026-08-03T12:27:00+05:30"",""observation"":{""compression_box_high"":null,""compression_box_low"":null,""compression_candidate_bars"":0,""current_state"":""CONTROLLED_PULLBACK"",""established_side"":""UP"",""exhaustion_active"":true,""exhaustion_age_bars"":1,""exhaustion_clear_bars"":0,""exhaustion_last_seen_at"":""2026-08-03T12:27:00+05:30"",""exhaustion_side"":""UP"",""exhaustion_started_at"":""2026-08-03T12:27:00+05:30"",""failure_breach_bars"":0,""last_close"":7560.0,""last_reason_codes"":[""MULTIBAR_CONTROLLED_ADVERSE_MOVE"",""OBSERVATION_TRANSITION_CONFIRMED"",""OBSERVATION_STATE_CONTROLLED_PULLBACK""],""last_snapshot_time"":""2026-08-03T12:27:00+05:30"",""leg_age_bars"":21,""leg_anchor_price"":7407.0,""leg_anchor_time"":""2026-08-03T11:27:00+05:30"",""leg_extreme_price"":7614.0,""leg_maturity_consumed"":false,""leg_maturity_extreme_price"":null,""leg_maturity_onset_time"":null,""leg_no_progress_bars"":2,""observation_count"":65,""pending_bars"":0,""pending_state"":null,""protection_level"":7407.0,""protection_source"":""CONFIRMED_RECOMPRESSION_BOX"",""protection_time"":""2026-08-03T11:27:00+05:30"",""pullback_age_bars"":1,""pullback_candidate_bars"":2,""pullback_extreme_price"":7554.0,""reacceleration_age_bars"":2,""recompression_age_bars"":0,""reversal_confirmation_bars"":0,""reversal_side"":""UP"",""state_age_bars"":1,""trading_day"":""2026-08-03"",""trend_anchor_price"":7355.0,""trend_candidate_bars"":11,""trend_candidate_side"":""UP"",""trend_extreme_price"":7614.0,""trend_failure_age_bars"":0,""trend_onset_time"":""2026-08-03T10:48:00+05:30""},""symbol"":""ABB"",""trading_day"":""2026-08-03""}"
restoration-v3-current-day,development,restoration-trend-control-v3,backtest-default,OK,,,,ABB,2026-08-03,2026-08-03T12:30:00+05:30,2026-08-03T12:27:00+05:30,SNAPSHOT_AUCTION_AUTHORITY_V3A,3m,True,True,7564.0,2026-08-03T12:30:00,7560.0,7573.0,7552.5,7564.0,5286.0,25.69387942518273,EXPANDING_RANGE,SELL,candidate_boundaries_or_midpoint_still_drifting,RANGE_ACCEPTED,DYNAMIC:2026-08-03T12:03:00+05:30:2026-08-03T12:18:00+05:30,7539.0,7575.0,4,ok,DOWN_ACCELERATING,-0.17513898643073425,-0.03891977476238539,OK,INCREMENTAL_PREVIOUS_SNAPSHOT,AUTOTRADES_AUCTION_ENGINE,1.1.0,,,CONTROLLED_PULLBACK,UP,UP,False,False,True,UP,False,False,False,7407.0,CONFIRMED_RECOMPRESSION_BOX,2026-08-03T11:27:00+05:30,DYNAMIC:2026-08-03T12:03:00+05:30:2026-08-03T12:18:00+05:30,7539.0,7575.0,True,0.6944444444444444,0.1277533039647577,PRICE_ACTION,0.6871839581517001,CONTROLLED_PULLBACK_OBSERVATION_ACTIVE|OBSERVATION_PROPOSAL_MATCHED_CURRENT|OBSERVATION_STATE_CONTROLLED_PULLBACK|OBJECTIVE_ACCEPTED_RANGE_GEOMETRY_PRESENT|OBJECTIVE_TREND_PROTECTION_GEOMETRY_PRESENT,DIR:ABB:2026-08-03:004:UP:120000,DIRECTIONAL,DIRECTIONAL,UP,OBSERVATION_CONFIRMATION,,,2026-08-03T12:00:00+05:30,2026-08-03T12:21:00+05:30,4,7549.5,7614.0,2026-08-03T12:21:00+05:30,7407.0,CONFIRMED_RECOMPRESSION_BOX,,,,0,0.0,0,False,DIRECTIONAL_EPISODE_RETAINED,4,UNKNOWN,0,0,0,0,0,CONTROLLED_PULLBACK,2026-08-03T12:30:00+05:30,DIRECTIONAL_EPISODE_RETAINED,BAL:ABB:2026-08-03:004:NEUTRAL:122400,FORMING,FORMING,3,,7539.0,7575.0,,,UNKNOWN,0,0,0,0,False,False,BALANCE_SOURCE_RANGE_RETAINED|BALANCE_BAR_CONTAINED_IN_CANDIDATE|BALANCE_CONTAINMENT_PROGRESS|BALANCE_FORMING_RETAINED,0,,,,,,0,,,,,MATCH,CONFLICT,CONFLICT,CONFLICT,False,0,False,False,False,True,EPISODE_RAW_STRUCTURE_CONFLICT|EPISODE_SLOPE_CONFLICT,TRANSITIONAL_CONFLICT,[],[],"{""accepted_range_breakout_eligible"":true,""accepted_range_established_at"":""2026-08-03T12:18:00+05:30"",""accepted_range_high"":7575.0,""accepted_range_id"":""DYNAMIC:2026-08-03T12:03:00+05:30:2026-08-03T12:18:00+05:30"",""accepted_range_inside"":true,""accepted_range_low"":7539.0,""accepted_range_outside_atr"":0.0,""accepted_range_position"":0.6944444444444444,""accepted_range_provisional"":false,""atr"":25.69387942518273,""close"":7564.0,""current_leg_mature"":false,""directional_bias"":""UP"",""directional_efficiency"":0.1277533039647577,""directional_efficiency_source"":""PRICE_ACTION"",""exhausted_side"":""UP"",""exhaustion_active"":true,""extension_mature"":false,""failed_extreme_observed"":false,""high"":7573.0,""low"":7552.5,""observation_state"":""CONTROLLED_PULLBACK"",""overlap_ratio"":0.6871839581517001,""range_width_atr"":1.401111891445874,""rejection_observed"":false,""snapshot_time"":""2026-08-03T12:30:00+05:30"",""source_reason_codes"":[""CONTROLLED_PULLBACK_OBSERVATION_ACTIVE"",""OBSERVATION_PROPOSAL_MATCHED_CURRENT"",""OBSERVATION_STATE_CONTROLLED_PULLBACK"",""OBJECTIVE_ACCEPTED_RANGE_GEOMETRY_PRESENT"",""OBJECTIVE_TREND_PROTECTION_GEOMETRY_PRESENT""],""structural_failure_confirmed"":false,""symbol"":""ABB"",""trading_day"":""2026-08-03"",""trend_direction"":""UP"",""trend_protection_level"":7407.0,""trend_protection_source"":""CONFIRMED_RECOMPRESSION_BOX"",""trend_protection_time"":""2026-08-03T11:27:00+05:30""}","{""continuation_failure_seen"":false,""continuation_failure_time"":null,""current_state"":""DIRECTIONAL"",""direction"":""UP"",""episode_id"":""DIR:ABB:2026-08-03:004:UP:120000"",""extreme_price"":7614.0,""extreme_time"":""2026-08-03T12:21:00+05:30"",""first_adverse_bar_close"":null,""first_adverse_bar_level"":null,""first_adverse_bar_time"":null,""origin_event_id"":null,""origin_price"":7549.5,""origin_source"":""OBSERVATION_CONFIRMATION"",""parent_episode_id"":null,""previous_state"":""DIRECTIONAL"",""protection_level"":7407.0,""protection_source"":""CONFIRMED_RECOMPRESSION_BOX"",""reason_codes"":[""DIRECTIONAL_EPISODE_RETAINED""],""rejection_seen"":false,""reversal_confirmation_breach_closes"":0,""reversal_confirmation_level"":null,""reversal_confirmation_level_time"":null,""reversal_confirmation_source"":"""",""reversal_leg_failure_closes"":0,""reversal_leg_progress_atr"":0.0,""reversal_leg_progress_bars"":0,""started_at"":""2026-08-03T12:00:00+05:30"",""state_age_bars"":4,""state_started_at"":""2026-08-03T12:21:00+05:30""}","{""attempt_limit_reached"":false,""candidate_bar_expansion_count"":0,""candidate_high"":7575.0,""candidate_last_valid_at"":""2026-08-03T12:30:00+05:30"",""candidate_low"":7539.0,""candidate_merge_count"":0,""containment_bars"":3,""containment_ratio"":1.0,""current_state"":""FORMING"",""down_escape_attempt_count"":0,""episode_id"":""BAL:ABB:2026-08-03:004:NEUTRAL:122400"",""escape_attempt_count"":0,""escape_direction"":""UNKNOWN"",""failed_escape_count"":0,""forming_bars_observed"":3,""forming_invalid_bars"":0,""frozen_high"":null,""frozen_low"":null,""last_escape_direction"":""UNKNOWN"",""last_escape_failed_at"":null,""last_escape_started_at"":null,""marginal_excursion_bars"":0,""meaningful_escape_bars"":0,""outside_close_count"":0,""previous_state"":""FORMING"",""range_id"":null,""rearm_bars_elapsed"":0,""rearm_inside_close_count"":0,""rearm_required"":false,""reason_codes"":[""BALANCE_SOURCE_RANGE_RETAINED"",""BALANCE_BAR_CONTAINED_IN_CANDIDATE"",""BALANCE_CONTAINMENT_PROGRESS"",""BALANCE_FORMING_RETAINED""],""reentry_close_count"":0,""source_range_ids"":[""DYNAMIC:2026-08-03T12:03:00+05:30:2026-08-03T12:18:00+05:30""],""started_at"":""2026-08-03T12:24:00+05:30"",""state_age_bars"":3,""state_started_at"":""2026-08-03T12:24:00+05:30"",""up_escape_attempt_count"":0}","{""balance_attempt_limit_reached"":false,""balance_candidate_bar_expansion_count"":0,""balance_candidate_merge_count"":0,""balance_containment_ratio"":1.0,""balance_down_escape_attempt_count"":0,""balance_escape_attempt_count"":0,""balance_failed_escape_count"":0,""balance_forming_bars_observed"":3,""balance_forming_invalid_bars"":0,""balance_last_escape_direction"":""UNKNOWN"",""balance_last_escape_failed_at"":null,""balance_last_escape_started_at"":null,""balance_marginal_excursion_bars"":0,""balance_meaningful_escape_bars"":0,""balance_rearm_bars_elapsed"":0,""balance_rearm_inside_close_count"":0,""balance_rearm_required"":false,""balance_up_escape_attempt_count"":0,""directional_origin_event_id"":null,""directional_origin_source"":""OBSERVATION_CONFIRMATION"",""directional_parent_episode_id"":null,""directional_reversal_watch_age_bars"":0,""directional_start_candidate_bars"":0,""directional_start_candidate_side"":""UNKNOWN"",""observation_accepted_range_id"":""DYNAMIC:2026-08-03T12:03:00+05:30:2026-08-03T12:18:00+05:30"",""observation_current_leg_mature"":false,""observation_directional_bias"":""UP"",""observation_exhaustion_active"":true,""observation_state"":""CONTROLLED_PULLBACK""}","{""balance"":{""attempt_limit_reached"":false,""candidate_bar_expansion_count"":0,""candidate_high"":7575.0,""candidate_last_valid_at"":""2026-08-03T12:30:00+05:30"",""candidate_low"":7539.0,""candidate_merge_count"":0,""containment_bars"":3,""down_escape_attempt_count"":0,""emitted_event_ids"":[""BAL:ABB:2026-08-03:001:NEUTRAL:100600:BALANCE_COMPLETED:105400"",""BAL:ABB:2026-08-03:001:NEUTRAL:100600:BALANCE_ESCAPE_ACCEPTED:105100"",""BAL:ABB:2026-08-03:001:NEUTRAL:100600:BALANCE_ESCAPE_STARTED:104800"",""BAL:ABB:2026-08-03:001:NEUTRAL:100600:BALANCE_FORMING_STARTED:100600"",""BAL:ABB:2026-08-03:001:NEUTRAL:100600:BALANCE_LOCKED:102700"",""BAL:ABB:2026-08-03:001:NEUTRAL:100600:BALANCE_PROBABLE:101800"",""BAL:ABB:2026-08-03:002:NEUTRAL:112100:BALANCE_COMPLETED:113000"",""BAL:ABB:2026-08-03:002:NEUTRAL:112100:BALANCE_FORMING_STARTED:112100"",""BAL:ABB:2026-08-03:003:NEUTRAL:114800:BALANCE_COMPLETED:115400"",""BAL:ABB:2026-08-03:003:NEUTRAL:114800:BALANCE_FORMING_STARTED:114800"",""BAL:ABB:2026-08-03:004:NEUTRAL:122400:BALANCE_FORMING_STARTED:122400""],""episode_id"":""BAL:ABB:2026-08-03:004:NEUTRAL:122400"",""escape_attempt_count"":0,""escape_direction"":""UNKNOWN"",""failed_escape_count"":0,""forming_bars_observed"":3,""forming_invalid_bars"":0,""frozen_high"":null,""frozen_low"":null,""last_escape_direction"":""UNKNOWN"",""last_escape_failed_at"":null,""last_escape_started_at"":null,""last_reason_codes"":[""BALANCE_SOURCE_RANGE_RETAINED"",""BALANCE_BAR_CONTAINED_IN_CANDIDATE"",""BALANCE_CONTAINMENT_PROGRESS"",""BALANCE_FORMING_RETAINED""],""marginal_excursion_bars"":0,""meaningful_escape_bars"":0,""outside_close_count"":0,""range_id"":null,""rearm_bars_elapsed"":0,""rearm_inside_close_count"":0,""rearm_required"":false,""reentry_close_count"":0,""sequence"":4,""source_range_ids"":[""DYNAMIC:2026-08-03T12:03:00+05:30:2026-08-03T12:18:00+05:30""],""started_at"":""2026-08-03T12:24:00+05:30"",""state"":""FORMING"",""state_age_bars"":3,""state_started_at"":""2026-08-03T12:24:00+05:30"",""up_escape_attempt_count"":0},""directional"":{""continuation_failure_progress_bars"":0,""continuation_failure_seen"":false,""continuation_failure_seen_at"":null,""direction"":""UP"",""emitted_event_ids"":[""DIR:ABB:2026-08-03:001:DOWN:101500:DIRECTIONAL_COMPLETED:105100"",""DIR:ABB:2026-08-03:001:DOWN:101500:DIRECTIONAL_STARTED:101500"",""DIR:ABB:2026-08-03:002:UP:110000:DIRECTIONAL_COMPLETED:113900"",""DIR:ABB:2026-08-03:002:UP:110000:DIRECTIONAL_MATURED:110300"",""DIR:ABB:2026-08-03:002:UP:110000:DIRECTIONAL_REVERSAL_CONFIRMED:113900"",""DIR:ABB:2026-08-03:002:UP:110000:DIRECTIONAL_STARTED:110000"",""DIR:ABB:2026-08-03:002:UP:110000:REVERSAL_WATCH_STARTED:110600"",""DIR:ABB:2026-08-03:003:DOWN:113900:DIRECTIONAL_COMPLETED:115400"",""DIR:ABB:2026-08-03:003:DOWN:113900:DIRECTIONAL_REVERSAL_LEG_FAILED:115400"",""DIR:ABB:2026-08-03:003:DOWN:113900:DIRECTIONAL_REVERSAL_LEG_STARTED:113900"",""DIR:ABB:2026-08-03:004:UP:120000:DIRECTIONAL_MATURED:120300"",""DIR:ABB:2026-08-03:004:UP:120000:DIRECTIONAL_STARTED:120000"",""DIR:ABB:2026-08-03:004:UP:120000:DIRECTIONAL_TREND_RESTORED:122100"",""DIR:ABB:2026-08-03:004:UP:120000:REVERSAL_WATCH_STARTED:120600""],""episode_id"":""DIR:ABB:2026-08-03:004:UP:120000"",""extreme_price"":7614.0,""extreme_time"":""2026-08-03T12:21:00+05:30"",""first_adverse_bar_close"":null,""first_adverse_bar_level"":null,""first_adverse_bar_time"":null,""inactive_bars"":0,""last_close"":7564.0,""last_observation_state"":""CONTROLLED_PULLBACK"",""last_observation_state_time"":""2026-08-03T12:30:00+05:30"",""last_reason_codes"":[""DIRECTIONAL_EPISODE_RETAINED""],""opposite_control_bars"":0,""origin_event_id"":null,""origin_price"":7549.5,""origin_source"":""OBSERVATION_CONFIRMATION"",""parent_episode_id"":null,""protection_level"":7407.0,""protection_source"":""CONFIRMED_RECOMPRESSION_BOX"",""protection_time"":""2026-08-03T11:27:00+05:30"",""rejection_seen"":false,""rejection_seen_at"":null,""reversal_confirmation_breach_closes"":0,""reversal_confirmation_level"":null,""reversal_confirmation_level_time"":null,""reversal_confirmation_source"":"""",""reversal_leg_failure_closes"":0,""reversal_leg_progress_atr"":0.0,""reversal_leg_progress_bars"":0,""reversal_watch_age_bars"":0,""sequence"":4,""start_candidate_bars"":0,""start_candidate_side"":""UNKNOWN"",""started_at"":""2026-08-03T12:00:00+05:30"",""state"":""DIRECTIONAL"",""state_age_bars"":4,""state_started_at"":""2026-08-03T12:21:00+05:30"",""trend_restore_bars"":0},""evidence_history"":[{""atr"":26.60645315514069,""bar"":{""body_fraction"":0.8375,""close"":7569.0,""close_position"":0.8625,""direction"":""UP"",""high"":7580.0,""low"":7500.0,""lower_wick_fraction"":0.025,""move_atr"":2.5181860809979772,""move_points"":67.0,""open"":7502.0,""snapshot_time"":""2026-08-03T11:57:00+05:30"",""upper_wick_fraction"":0.1375,""volume"":48810.0},""close"":7569.0,""trend"":{""ema_ref"":7374.539652363437,""ema_slow"":7391.250185099196,""hma_order"":""BUY"",""hma_spread_atr"":4.364533684758084}},{""atr"":27.09884935834493,""bar"":{""body_fraction"":0.47761194029850745,""close"":7549.5,""close_position"":0.3880597014925373,""direction"":""DOWN"",""high"":7570.0,""low"":7536.5,""lower_wick_fraction"":0.3880597014925373,""move_atr"":-0.590430973227758,""move_points"":-16.0,""open"":7565.5,""snapshot_time"":""2026-08-03T12:00:00+05:30"",""upper_wick_fraction"":0.13432835820895522,""volume"":19345.0},""close"":7549.5,""trend"":{""ema_ref"":7376.280551344896,""ema_slow"":7394.383844800202,""hma_order"":""BUY"",""hma_spread_atr"":5.332586989846007}},{""atr"":26.34178868989172,""bar"":{""body_fraction"":0.42424242424242425,""close"":7556.5,""close_position"":0.5151515151515151,""direction"":""UP"",""high"":7564.5,""low"":7548.0,""lower_wick_fraction"":0.09090909090909093,""move_atr"":0.2657374593049617,""move_points"":7.0,""open"":7549.5,""snapshot_time"":""2026-08-03T12:03:00+05:30"",""upper_wick_fraction"":0.48484848484848486,""volume"":6641.0},""close"":7556.5,""trend"":{""ema_ref"":7378.073779689723,""ema_slow"":7397.594065695247,""hma_order"":""BUY"",""hma_spread_atr"":6.449484754370961}},{""atr"":25.63880378347088,""bar"":{""body_fraction"":0.6060606060606061,""close"":7546.5,""close_position"":0.3939393939393939,""direction"":""DOWN"",""high"":7556.5,""low"":7540.0,""lower_wick_fraction"":0.3939393939393939,""move_atr"":-0.3900337973820337,""move_points"":-10.0,""open"":7556.5,""snapshot_time"":""2026-08-03T12:06:00+05:30"",""upper_wick_fraction"":0.0,""volume"":5275.0},""close"":7546.5,""trend"":{""ema_ref"":7379.749662478881,""ema_slow"":7400.542698057718,""hma_order"":""BUY"",""hma_spread_atr"":7.269772466044208}},{""atr"":24.950317798937245,""bar"":{""body_fraction"":0.25,""close"":7549.5,""close_position"":0.65625,""direction"":""UP"",""high"":7555.0,""low"":7539.0,""lower_wick_fraction"":0.40625,""move_atr"":0.1603185992352522,""move_points"":4.0,""open"":7545.5,""snapshot_time"":""2026-08-03T12:09:00+05:30"",""upper_wick_fraction"":0.34375,""volume"":4337.0},""close"":7549.5,""trend"":{""ema_ref"":7381.4387205636685,""ema_slow"":7403.492347601129,""hma_order"":""BUY"",""hma_spread_atr"":7.855622395053977}},{""atr"":25.025295099013157,""bar"":{""body_fraction"":0.6730769230769231,""close"":7567.0,""close_position"":0.9615384615384616,""direction"":""UP"",""high"":7568.0,""low"":7542.0,""lower_wick_fraction"":0.28846153846153844,""move_atr"":0.6992924531263606,""move_points"":17.5,""open"":7549.5,""snapshot_time"":""2026-08-03T12:12:00+05:30"",""upper_wick_fraction"":0.038461538461538464,""volume"":6160.0},""close"":7567.0,""trend"":{""ema_ref"":7383.285101453583,""ema_slow"":7406.730122896156,""hma_order"":""BUY"",""hma_spread_atr"":8.052580569974428}},{""atr"":24.559202591940792,""bar"":{""body_fraction"":0.7567567567567568,""close"":7553.0,""close_position"":0.16216216216216217,""direction"":""DOWN"",""high"":7568.5,""low"":7550.0,""lower_wick_fraction"":0.16216216216216217,""move_atr"":-0.5700510815686728,""move_points"":-14.0,""open"":7567.0,""snapshot_time"":""2026-08-03T12:15:00+05:30"",""upper_wick_fraction"":0.08108108108108109,""volume"":4035.0},""close"":7553.0,""trend"":{""ema_ref"":7384.973806911756,""ema_slow"":7409.626556106133,""hma_order"":""BUY"",""hma_spread_atr"":8.129802258749653}},{""atr"":25.01925954965931,""bar"":{""body_fraction"":0.7096774193548387,""close"":7568.0,""close_position"":0.7741935483870968,""direction"":""UP"",""high"":7575.0,""low"":7544.0,""lower_wick_fraction"":0.06451612903225806,""move_atr"":0.8793225857197511,""move_points"":22.0,""open"":7546.0,""snapshot_time"":""2026-08-03T12:18:00+05:30"",""upper_wick_fraction"":0.2258064516129032,""volume"":8610.0},""close"":7568.0,""trend"":{""ema_ref"":7386.794963061888,""ema_slow"":7412.762663906011,""hma_order"":""BUY"",""hma_spread_atr"":7.783379908304845}},{""atr"":26.803598153255074,""bar"":{""body_fraction"":0.55,""close"":7595.5,""close_position"":0.63,""direction"":""UP"",""high"":7614.0,""low"":7564.0,""lower_wick_fraction"":0.08,""move_atr"":1.025981655252519,""move_points"":27.5,""open"":7568.0,""snapshot_time"":""2026-08-03T12:21:00+05:30"",""upper_wick_fraction"":0.37,""volume"":24083.0},""close"":7595.5,""trend"":{""ema_ref"":7388.871630096098,""ema_slow"":7416.381225016783,""hma_order"":""BUY"",""hma_spread_atr"":7.24055244260279}},{""atr"":26.63905542802257,""bar"":{""body_fraction"":0.6097560975609756,""close"":7573.0,""close_position"":0.0975609756097561,""direction"":""DOWN"",""high"":7591.5,""low"":7571.0,""lower_wick_fraction"":0.0975609756097561,""move_atr"":-0.4692358568709161,""move_points"":-12.5,""open"":7585.5,""snapshot_time"":""2026-08-03T12:24:00+05:30"",""upper_wick_fraction"":0.2926829268292683,""volume"":7490.0},""close"":7573.0,""trend"":{""ema_ref"":7390.70375317972,""ema_slow"":7419.482586897639,""hma_order"":""BUY"",""hma_spread_atr"":7.215407133067264}},{""atr"":26.09340861173525,""bar"":{""body_fraction"":0.6756756756756757,""close"":7560.0,""close_position"":0.32432432432432434,""direction"":""DOWN"",""high"":7572.5,""low"":7554.0,""lower_wick_fraction"":0.32432432432432434,""move_atr"":-0.4790481836235934,""move_points"":-12.5,""open"":7572.5,""snapshot_time"":""2026-08-03T12:27:00+05:30"",""upper_wick_fraction"":0.0,""volume"":4842.0},""close"":7560.0,""trend"":{""ema_ref"":7392.388292949076,""ema_slow"":7422.265109929368,""hma_order"":""BUY"",""hma_spread_atr"":7.134054864885309}},{""atr"":25.69387942518273,""bar"":{""body_fraction"":0.1951219512195122,""close"":7564.0,""close_position"":0.5609756097560976,""direction"":""UP"",""high"":7573.0,""low"":7552.5,""lower_wick_fraction"":0.36585365853658536,""move_atr"":0.15567909904954155,""move_points"":4.0,""open"":7560.0,""snapshot_time"":""2026-08-03T12:30:00+05:30"",""upper_wick_fraction"":0.4390243902439024,""volume"":5286.0},""close"":7564.0,""trend"":{""ema_ref"":7394.095872123712,""ema_slow"":7425.071741415915,""hma_order"":""BUY"",""hma_spread_atr"":6.901663969872465}}],""last_observation_hash"":""5e84659cba345af60a0d7b501dbba149212a09af00a7ebf47d10355c27e5a18c"",""last_snapshot_time"":""2026-08-03T12:30:00+05:30"",""observation"":{""compression_box_high"":7573.0,""compression_box_low"":7552.5,""compression_candidate_bars"":1,""current_state"":""CONTROLLED_PULLBACK"",""established_side"":""UP"",""exhaustion_active"":true,""exhaustion_age_bars"":2,""exhaustion_clear_bars"":0,""exhaustion_last_seen_at"":""2026-08-03T12:30:00+05:30"",""exhaustion_side"":""UP"",""exhaustion_started_at"":""2026-08-03T12:27:00+05:30"",""failure_breach_bars"":0,""last_close"":7564.0,""last_reason_codes"":[""CONTROLLED_PULLBACK_OBSERVATION_ACTIVE"",""OBSERVATION_PROPOSAL_MATCHED_CURRENT"",""OBSERVATION_STATE_CONTROLLED_PULLBACK""],""last_snapshot_time"":""2026-08-03T12:30:00+05:30"",""leg_age_bars"":22,""leg_anchor_price"":7407.0,""leg_anchor_time"":""2026-08-03T11:27:00+05:30"",""leg_extreme_price"":7614.0,""leg_maturity_consumed"":false,""leg_maturity_extreme_price"":null,""leg_maturity_onset_time"":null,""leg_no_progress_bars"":3,""observation_count"":66,""pending_bars"":0,""pending_state"":null,""protection_level"":7407.0,""protection_source"":""CONFIRMED_RECOMPRESSION_BOX"",""protection_time"":""2026-08-03T11:27:00+05:30"",""pullback_age_bars"":2,""pullback_candidate_bars"":0,""pullback_extreme_price"":7552.5,""reacceleration_age_bars"":2,""recompression_age_bars"":0,""reversal_confirmation_bars"":0,""reversal_side"":""UP"",""state_age_bars"":2,""trading_day"":""2026-08-03"",""trend_anchor_price"":7355.0,""trend_candidate_bars"":10,""trend_candidate_side"":""UP"",""trend_extreme_price"":7614.0,""trend_failure_age_bars"":0,""trend_onset_time"":""2026-08-03T10:48:00+05:30""},""symbol"":""ABB"",""trading_day"":""2026-08-03""}"
restoration-v3-current-day,development,restoration-trend-control-v3,backtest-default,OK,,,,ABB,2026-08-03,2026-08-03T12:33:00+05:30,2026-08-03T12:30:00+05:30,SNAPSHOT_AUCTION_AUTHORITY_V3A,3m,True,True,7574.0,2026-08-03T12:33:00,7564.0,7580.0,7560.5,7574.0,4579.0,25.251459466241105,EXPANDING_RANGE,SELL,candidate_boundaries_or_midpoint_still_drifting,RANGE_ACCEPTED,DYNAMIC:2026-08-03T12:03:00+05:30:2026-08-03T12:18:00+05:30,7539.0,7575.0,5,ok,TURNING_UP,0.2772116997577253,-0.2128589837425391,OK,INCREMENTAL_PREVIOUS_SNAPSHOT,AUTOTRADES_AUCTION_ENGINE,1.1.0,,,REACCELERATION,UP,UP,False,False,True,UP,False,False,False,7552.5,CONFIRMED_PULLBACK_EXTREME,2026-08-03T12:33:00+05:30,DYNAMIC:2026-08-03T12:03:00+05:30:2026-08-03T12:18:00+05:30,7539.0,7575.0,True,0.9722222222222222,0.0660377358490566,PRICE_ACTION,0.6153890863568283,FRESH_DISPLACEMENT_AFTER_CONFIRMED_TREND_PAUSE|OBSERVATION_TRANSITION_CONFIRMED|OBSERVATION_STATE_REACCELERATION|OBJECTIVE_ACCEPTED_RANGE_GEOMETRY_PRESENT|OBJECTIVE_TREND_PROTECTION_GEOMETRY_PRESENT,DIR:ABB:2026-08-03:004:UP:120000,DIRECTIONAL,DIRECTIONAL,UP,OBSERVATION_CONFIRMATION,,,2026-08-03T12:00:00+05:30,2026-08-03T12:21:00+05:30,5,7549.5,7614.0,2026-08-03T12:21:00+05:30,7552.5,CONFIRMED_PULLBACK_EXTREME,,,,0,0.0,0,False,DIRECTIONAL_EPISODE_RETAINED|DIRECTIONAL_CONTINUATION_CONFIRMED,4,UNKNOWN,0,0,0,0,0,REACCELERATION,2026-08-03T12:33:00+05:30,DIRECTIONAL_EPISODE_RETAINED|DIRECTIONAL_CONTINUATION_CONFIRMED,BAL:ABB:2026-08-03:004:NEUTRAL:122400,FORMING,FORMING,4,,7539.0,7580.0,,,UNKNOWN,0,0,0,0,False,False,BALANCE_SOURCE_RANGE_RETAINED|BALANCE_CANDIDATE_EXPANDED_FROM_BAR_GEOMETRY|BALANCE_CONTAINMENT_PROGRESS|BALANCE_FORMING_RETAINED,1,DIR:ABB:2026-08-03:004:UP:120000:DIRECTIONAL_CONTINUATION_CONFIRMED:123300,DIRECTIONAL_CONTINUATION_CONFIRMED,UP,DIR:ABB:2026-08-03:004:UP:120000,"DIRECTIONAL_CONTINUATION_CONFIRMED:CONTROLLED_PULLBACK_COMPLETED,DIRECTIONAL_RESUMPTION_CONFIRMED",1,CONTINUATION,PERMIT,DIR:ABB:2026-08-03:004:UP:120000:DIRECTIONAL_CONTINUATION_CONFIRMED:123300,CONTINUATION:EVENT_DIRECTIONAL_CONTINUATION_CONFIRMED_PERMIT,MATCH,CONFLICT,MATCH,CONFLICT,False,0,False,False,False,True,EPISODE_RAW_STRUCTURE_CONFLICT,TRANSITIONAL_CONFLICT,"[""event_id='DIR:ABB:2026-08-03:004:UP:120000:DIRECTIONAL_CONTINUATION_CONFIRMED:123300' event_type=<AuctionEventType.DIRECTIONAL_CONTINUATION_CONFIRMED: 'DIRECTIONAL_CONTINUATION_CONFIRMED'> episode_id='DIR:ABB:2026-08-03:004:UP:120000' symbol='ABB' trading_day=datetime.date(2026, 8, 3) event_time=datetime.datetime(2026, 8, 3, 12, 33, tzinfo=TzInfo(19800)) direction=<DirectionalBias.UP: 'UP'> reason_codes=('CONTROLLED_PULLBACK_COMPLETED', 'DIRECTIONAL_RESUMPTION_CONFIRMED') data={'origin_price': 7549.5, 'extreme_price': 7614.0, 'origin_source': 'OBSERVATION_CONFIRMATION', 'origin_event_id': None, 'protection_level': 7552.5, 'observation_state': 'REACCELERATION', 'parent_episode_id': None, 'protection_source': 'CONFIRMED_PULLBACK_EXTREME', 'first_adverse_bar_time': None, 'first_adverse_bar_close': None, 'first_adverse_bar_level': None, 'continuation_failure_time': None, 'reversal_leg_progress_atr': 0.0, 'previous_observation_state': 'CONTROLLED_PULLBACK', 'reversal_leg_progress_bars': 0, 'reversal_confirmation_level': None, 'reversal_leg_failure_closes': 0, 'reversal_confirmation_source': '', 'previous_observation_state_time': '2026-08-03T12:30:00+05:30', 'reversal_confirmation_level_time': None}""]","[""setup_family=<SetupFamily.CONTINUATION: 'CONTINUATION'> result=<StructuralPermissionResult.PERMIT: 'PERMIT'> source_event_ids=('DIR:ABB:2026-08-03:004:UP:120000:DIRECTIONAL_CONTINUATION_CONFIRMED:123300',) source_event_types=(<AuctionEventType.DIRECTIONAL_CONTINUATION_CONFIRMED: 'DIRECTIONAL_CONTINUATION_CONFIRMED'>,) balance_state=<BalanceEpisodeState.FORMING: 'FORMING'> reason_codes=('EVENT_DIRECTIONAL_CONTINUATION_CONFIRMED_PERMIT',)""]","{""accepted_range_breakout_eligible"":true,""accepted_range_established_at"":""2026-08-03T12:18:00+05:30"",""accepted_range_high"":7575.0,""accepted_range_id"":""DYNAMIC:2026-08-03T12:03:00+05:30:2026-08-03T12:18:00+05:30"",""accepted_range_inside"":true,""accepted_range_low"":7539.0,""accepted_range_outside_atr"":0.0,""accepted_range_position"":0.9722222222222222,""accepted_range_provisional"":false,""atr"":25.251459466241105,""close"":7574.0,""current_leg_mature"":false,""directional_bias"":""UP"",""directional_efficiency"":0.0660377358490566,""directional_efficiency_source"":""PRICE_ACTION"",""exhausted_side"":""UP"",""exhaustion_active"":true,""extension_mature"":false,""failed_extreme_observed"":false,""high"":7580.0,""low"":7560.5,""observation_state"":""REACCELERATION"",""overlap_ratio"":0.6153890863568283,""range_width_atr"":1.4256601701825873,""rejection_observed"":false,""snapshot_time"":""2026-08-03T12:33:00+05:30"",""source_reason_codes"":[""FRESH_DISPLACEMENT_AFTER_CONFIRMED_TREND_PAUSE"",""OBSERVATION_TRANSITION_CONFIRMED"",""OBSERVATION_STATE_REACCELERATION"",""OBJECTIVE_ACCEPTED_RANGE_GEOMETRY_PRESENT"",""OBJECTIVE_TREND_PROTECTION_GEOMETRY_PRESENT""],""structural_failure_confirmed"":false,""symbol"":""ABB"",""trading_day"":""2026-08-03"",""trend_direction"":""UP"",""trend_protection_level"":7552.5,""trend_protection_source"":""CONFIRMED_PULLBACK_EXTREME"",""trend_protection_time"":""2026-08-03T12:33:00+05:30""}","{""continuation_failure_seen"":false,""continuation_failure_time"":null,""current_state"":""DIRECTIONAL"",""direction"":""UP"",""episode_id"":""DIR:ABB:2026-08-03:004:UP:120000"",""extreme_price"":7614.0,""extreme_time"":""2026-08-03T12:21:00+05:30"",""first_adverse_bar_close"":null,""first_adverse_bar_level"":null,""first_adverse_bar_time"":null,""origin_event_id"":null,""origin_price"":7549.5,""origin_source"":""OBSERVATION_CONFIRMATION"",""parent_episode_id"":null,""previous_state"":""DIRECTIONAL"",""protection_level"":7552.5,""protection_source"":""CONFIRMED_PULLBACK_EXTREME"",""reason_codes"":[""DIRECTIONAL_EPISODE_RETAINED"",""DIRECTIONAL_CONTINUATION_CONFIRMED""],""rejection_seen"":false,""reversal_confirmation_breach_closes"":0,""reversal_confirmation_level"":null,""reversal_confirmation_level_time"":null,""reversal_confirmation_source"":"""",""reversal_leg_failure_closes"":0,""reversal_leg_progress_atr"":0.0,""reversal_leg_progress_bars"":0,""started_at"":""2026-08-03T12:00:00+05:30"",""state_age_bars"":5,""state_started_at"":""2026-08-03T12:21:00+05:30""}","{""attempt_limit_reached"":false,""candidate_bar_expansion_count"":1,""candidate_high"":7580.0,""candidate_last_valid_at"":""2026-08-03T12:33:00+05:30"",""candidate_low"":7539.0,""candidate_merge_count"":0,""containment_bars"":4,""containment_ratio"":1.0,""current_state"":""FORMING"",""down_escape_attempt_count"":0,""episode_id"":""BAL:ABB:2026-08-03:004:NEUTRAL:122400"",""escape_attempt_count"":0,""escape_direction"":""UNKNOWN"",""failed_escape_count"":0,""forming_bars_observed"":4,""forming_invalid_bars"":0,""frozen_high"":null,""frozen_low"":null,""last_escape_direction"":""UNKNOWN"",""last_escape_failed_at"":null,""last_escape_started_at"":null,""marginal_excursion_bars"":0,""meaningful_escape_bars"":0,""outside_close_count"":0,""previous_state"":""FORMING"",""range_id"":null,""rearm_bars_elapsed"":0,""rearm_inside_close_count"":0,""rearm_required"":false,""reason_codes"":[""BALANCE_SOURCE_RANGE_RETAINED"",""BALANCE_CANDIDATE_EXPANDED_FROM_BAR_GEOMETRY"",""BALANCE_CONTAINMENT_PROGRESS"",""BALANCE_FORMING_RETAINED""],""reentry_close_count"":0,""source_range_ids"":[""DYNAMIC:2026-08-03T12:03:00+05:30:2026-08-03T12:18:00+05:30""],""started_at"":""2026-08-03T12:24:00+05:30"",""state_age_bars"":4,""state_started_at"":""2026-08-03T12:24:00+05:30"",""up_escape_attempt_count"":0}","{""balance_attempt_limit_reached"":false,""balance_candidate_bar_expansion_count"":1,""balance_candidate_merge_count"":0,""balance_containment_ratio"":1.0,""balance_down_escape_attempt_count"":0,""balance_escape_attempt_count"":0,""balance_failed_escape_count"":0,""balance_forming_bars_observed"":4,""balance_forming_invalid_bars"":0,""balance_last_escape_direction"":""UNKNOWN"",""balance_last_escape_failed_at"":null,""balance_last_escape_started_at"":null,""balance_marginal_excursion_bars"":0,""balance_meaningful_escape_bars"":0,""balance_rearm_bars_elapsed"":0,""balance_rearm_inside_close_count"":0,""balance_rearm_required"":false,""balance_up_escape_attempt_count"":0,""directional_origin_event_id"":null,""directional_origin_source"":""OBSERVATION_CONFIRMATION"",""directional_parent_episode_id"":null,""directional_reversal_watch_age_bars"":0,""directional_start_candidate_bars"":0,""directional_start_candidate_side"":""UNKNOWN"",""observation_accepted_range_id"":""DYNAMIC:2026-08-03T12:03:00+05:30:2026-08-03T12:18:00+05:30"",""observation_current_leg_mature"":false,""observation_directional_bias"":""UP"",""observation_exhaustion_active"":true,""observation_state"":""REACCELERATION""}","{""balance"":{""attempt_limit_reached"":false,""candidate_bar_expansion_count"":1,""candidate_high"":7580.0,""candidate_last_valid_at"":""2026-08-03T12:33:00+05:30"",""candidate_low"":7539.0,""candidate_merge_count"":0,""containment_bars"":4,""down_escape_attempt_count"":0,""emitted_event_ids"":[""BAL:ABB:2026-08-03:001:NEUTRAL:100600:BALANCE_COMPLETED:105400"",""BAL:ABB:2026-08-03:001:NEUTRAL:100600:BALANCE_ESCAPE_ACCEPTED:105100"",""BAL:ABB:2026-08-03:001:NEUTRAL:100600:BALANCE_ESCAPE_STARTED:104800"",""BAL:ABB:2026-08-03:001:NEUTRAL:100600:BALANCE_FORMING_STARTED:100600"",""BAL:ABB:2026-08-03:001:NEUTRAL:100600:BALANCE_LOCKED:102700"",""BAL:ABB:2026-08-03:001:NEUTRAL:100600:BALANCE_PROBABLE:101800"",""BAL:ABB:2026-08-03:002:NEUTRAL:112100:BALANCE_COMPLETED:113000"",""BAL:ABB:2026-08-03:002:NEUTRAL:112100:BALANCE_FORMING_STARTED:112100"",""BAL:ABB:2026-08-03:003:NEUTRAL:114800:BALANCE_COMPLETED:115400"",""BAL:ABB:2026-08-03:003:NEUTRAL:114800:BALANCE_FORMING_STARTED:114800"",""BAL:ABB:2026-08-03:004:NEUTRAL:122400:BALANCE_FORMING_STARTED:122400""],""episode_id"":""BAL:ABB:2026-08-03:004:NEUTRAL:122400"",""escape_attempt_count"":0,""escape_direction"":""UNKNOWN"",""failed_escape_count"":0,""forming_bars_observed"":4,""forming_invalid_bars"":0,""frozen_high"":null,""frozen_low"":null,""last_escape_direction"":""UNKNOWN"",""last_escape_failed_at"":null,""last_escape_started_at"":null,""last_reason_codes"":[""BALANCE_SOURCE_RANGE_RETAINED"",""BALANCE_CANDIDATE_EXPANDED_FROM_BAR_GEOMETRY"",""BALANCE_CONTAINMENT_PROGRESS"",""BALANCE_FORMING_RETAINED""],""marginal_excursion_bars"":0,""meaningful_escape_bars"":0,""outside_close_count"":0,""range_id"":null,""rearm_bars_elapsed"":0,""rearm_inside_close_count"":0,""rearm_required"":false,""reentry_close_count"":0,""sequence"":4,""source_range_ids"":[""DYNAMIC:2026-08-03T12:03:00+05:30:2026-08-03T12:18:00+05:30""],""started_at"":""2026-08-03T12:24:00+05:30"",""state"":""FORMING"",""state_age_bars"":4,""state_started_at"":""2026-08-03T12:24:00+05:30"",""up_escape_attempt_count"":0},""directional"":{""continuation_failure_progress_bars"":0,""continuation_failure_seen"":false,""continuation_failure_seen_at"":null,""direction"":""UP"",""emitted_event_ids"":[""DIR:ABB:2026-08-03:001:DOWN:101500:DIRECTIONAL_COMPLETED:105100"",""DIR:ABB:2026-08-03:001:DOWN:101500:DIRECTIONAL_STARTED:101500"",""DIR:ABB:2026-08-03:002:UP:110000:DIRECTIONAL_COMPLETED:113900"",""DIR:ABB:2026-08-03:002:UP:110000:DIRECTIONAL_MATURED:110300"",""DIR:ABB:2026-08-03:002:UP:110000:DIRECTIONAL_REVERSAL_CONFIRMED:113900"",""DIR:ABB:2026-08-03:002:UP:110000:DIRECTIONAL_STARTED:110000"",""DIR:ABB:2026-08-03:002:UP:110000:REVERSAL_WATCH_STARTED:110600"",""DIR:ABB:2026-08-03:003:DOWN:113900:DIRECTIONAL_COMPLETED:115400"",""DIR:ABB:2026-08-03:003:DOWN:113900:DIRECTIONAL_REVERSAL_LEG_FAILED:115400"",""DIR:ABB:2026-08-03:003:DOWN:113900:DIRECTIONAL_REVERSAL_LEG_STARTED:113900"",""DIR:ABB:2026-08-03:004:UP:120000:DIRECTIONAL_CONTINUATION_CONFIRMED:123300"",""DIR:ABB:2026-08-03:004:UP:120000:DIRECTIONAL_MATURED:120300"",""DIR:ABB:2026-08-03:004:UP:120000:DIRECTIONAL_STARTED:120000"",""DIR:ABB:2026-08-03:004:UP:120000:DIRECTIONAL_TREND_RESTORED:122100"",""DIR:ABB:2026-08-03:004:UP:120000:REVERSAL_WATCH_STARTED:120600""],""episode_id"":""DIR:ABB:2026-08-03:004:UP:120000"",""extreme_price"":7614.0,""extreme_time"":""2026-08-03T12:21:00+05:30"",""first_adverse_bar_close"":null,""first_adverse_bar_level"":null,""first_adverse_bar_time"":null,""inactive_bars"":0,""last_close"":7574.0,""last_observation_state"":""REACCELERATION"",""last_observation_state_time"":""2026-08-03T12:33:00+05:30"",""last_reason_codes"":[""DIRECTIONAL_EPISODE_RETAINED"",""DIRECTIONAL_CONTINUATION_CONFIRMED""],""opposite_control_bars"":0,""origin_event_id"":null,""origin_price"":7549.5,""origin_source"":""OBSERVATION_CONFIRMATION"",""parent_episode_id"":null,""protection_level"":7552.5,""protection_source"":""CONFIRMED_PULLBACK_EXTREME"",""protection_time"":""2026-08-03T12:33:00+05:30"",""rejection_seen"":false,""rejection_seen_at"":null,""reversal_confirmation_breach_closes"":0,""reversal_confirmation_level"":null,""reversal_confirmation_level_time"":null,""reversal_confirmation_source"":"""",""reversal_leg_failure_closes"":0,""reversal_leg_progress_atr"":0.0,""reversal_leg_progress_bars"":0,""reversal_watch_age_bars"":0,""sequence"":4,""start_candidate_bars"":0,""start_candidate_side"":""UNKNOWN"",""started_at"":""2026-08-03T12:00:00+05:30"",""state"":""DIRECTIONAL"",""state_age_bars"":5,""state_started_at"":""2026-08-03T12:21:00+05:30"",""trend_restore_bars"":0},""evidence_history"":[{""atr"":27.09884935834493,""bar"":{""body_fraction"":0.47761194029850745,""close"":7549.5,""close_position"":0.3880597014925373,""direction"":""DOWN"",""high"":7570.0,""low"":7536.5,""lower_wick_fraction"":0.3880597014925373,""move_atr"":-0.590430973227758,""move_points"":-16.0,""open"":7565.5,""snapshot_time"":""2026-08-03T12:00:00+05:30"",""upper_wick_fraction"":0.13432835820895522,""volume"":19345.0},""close"":7549.5,""trend"":{""ema_ref"":7376.280551344896,""ema_slow"":7394.383844800202,""hma_order"":""BUY"",""hma_spread_atr"":5.332586989846007}},{""atr"":26.34178868989172,""bar"":{""body_fraction"":0.42424242424242425,""close"":7556.5,""close_position"":0.5151515151515151,""direction"":""UP"",""high"":7564.5,""low"":7548.0,""lower_wick_fraction"":0.09090909090909093,""move_atr"":0.2657374593049617,""move_points"":7.0,""open"":7549.5,""snapshot_time"":""2026-08-03T12:03:00+05:30"",""upper_wick_fraction"":0.48484848484848486,""volume"":6641.0},""close"":7556.5,""trend"":{""ema_ref"":7378.073779689723,""ema_slow"":7397.594065695247,""hma_order"":""BUY"",""hma_spread_atr"":6.449484754370961}},{""atr"":25.63880378347088,""bar"":{""body_fraction"":0.6060606060606061,""close"":7546.5,""close_position"":0.3939393939393939,""direction"":""DOWN"",""high"":7556.5,""low"":7540.0,""lower_wick_fraction"":0.3939393939393939,""move_atr"":-0.3900337973820337,""move_points"":-10.0,""open"":7556.5,""snapshot_time"":""2026-08-03T12:06:00+05:30"",""upper_wick_fraction"":0.0,""volume"":5275.0},""close"":7546.5,""trend"":{""ema_ref"":7379.749662478881,""ema_slow"":7400.542698057718,""hma_order"":""BUY"",""hma_spread_atr"":7.269772466044208}},{""atr"":24.950317798937245,""bar"":{""body_fraction"":0.25,""close"":7549.5,""close_position"":0.65625,""direction"":""UP"",""high"":7555.0,""low"":7539.0,""lower_wick_fraction"":0.40625,""move_atr"":0.1603185992352522,""move_points"":4.0,""open"":7545.5,""snapshot_time"":""2026-08-03T12:09:00+05:30"",""upper_wick_fraction"":0.34375,""volume"":4337.0},""close"":7549.5,""trend"":{""ema_ref"":7381.4387205636685,""ema_slow"":7403.492347601129,""hma_order"":""BUY"",""hma_spread_atr"":7.855622395053977}},{""atr"":25.025295099013157,""bar"":{""body_fraction"":0.6730769230769231,""close"":7567.0,""close_position"":0.9615384615384616,""direction"":""UP"",""high"":7568.0,""low"":7542.0,""lower_wick_fraction"":0.28846153846153844,""move_atr"":0.6992924531263606,""move_points"":17.5,""open"":7549.5,""snapshot_time"":""2026-08-03T12:12:00+05:30"",""upper_wick_fraction"":0.038461538461538464,""volume"":6160.0},""close"":7567.0,""trend"":{""ema_ref"":7383.285101453583,""ema_slow"":7406.730122896156,""hma_order"":""BUY"",""hma_spread_atr"":8.052580569974428}},{""atr"":24.559202591940792,""bar"":{""body_fraction"":0.7567567567567568,""close"":7553.0,""close_position"":0.16216216216216217,""direction"":""DOWN"",""high"":7568.5,""low"":7550.0,""lower_wick_fraction"":0.16216216216216217,""move_atr"":-0.5700510815686728,""move_points"":-14.0,""open"":7567.0,""snapshot_time"":""2026-08-03T12:15:00+05:30"",""upper_wick_fraction"":0.08108108108108109,""volume"":4035.0},""close"":7553.0,""trend"":{""ema_ref"":7384.973806911756,""ema_slow"":7409.626556106133,""hma_order"":""BUY"",""hma_spread_atr"":8.129802258749653}},{""atr"":25.01925954965931,""bar"":{""body_fraction"":0.7096774193548387,""close"":7568.0,""close_position"":0.7741935483870968,""direction"":""UP"",""high"":7575.0,""low"":7544.0,""lower_wick_fraction"":0.06451612903225806,""move_atr"":0.8793225857197511,""move_points"":22.0,""open"":7546.0,""snapshot_time"":""2026-08-03T12:18:00+05:30"",""upper_wick_fraction"":0.2258064516129032,""volume"":8610.0},""close"":7568.0,""trend"":{""ema_ref"":7386.794963061888,""ema_slow"":7412.762663906011,""hma_order"":""BUY"",""hma_spread_atr"":7.783379908304845}},{""atr"":26.803598153255074,""bar"":{""body_fraction"":0.55,""close"":7595.5,""close_position"":0.63,""direction"":""UP"",""high"":7614.0,""low"":7564.0,""lower_wick_fraction"":0.08,""move_atr"":1.025981655252519,""move_points"":27.5,""open"":7568.0,""snapshot_time"":""2026-08-03T12:21:00+05:30"",""upper_wick_fraction"":0.37,""volume"":24083.0},""close"":7595.5,""trend"":{""ema_ref"":7388.871630096098,""ema_slow"":7416.381225016783,""hma_order"":""BUY"",""hma_spread_atr"":7.24055244260279}},{""atr"":26.63905542802257,""bar"":{""body_fraction"":0.6097560975609756,""close"":7573.0,""close_position"":0.0975609756097561,""direction"":""DOWN"",""high"":7591.5,""low"":7571.0,""lower_wick_fraction"":0.0975609756097561,""move_atr"":-0.4692358568709161,""move_points"":-12.5,""open"":7585.5,""snapshot_time"":""2026-08-03T12:24:00+05:30"",""upper_wick_fraction"":0.2926829268292683,""volume"":7490.0},""close"":7573.0,""trend"":{""ema_ref"":7390.70375317972,""ema_slow"":7419.482586897639,""hma_order"":""BUY"",""hma_spread_atr"":7.215407133067264}},{""atr"":26.09340861173525,""bar"":{""body_fraction"":0.6756756756756757,""close"":7560.0,""close_position"":0.32432432432432434,""direction"":""DOWN"",""high"":7572.5,""low"":7554.0,""lower_wick_fraction"":0.32432432432432434,""move_atr"":-0.4790481836235934,""move_points"":-12.5,""open"":7572.5,""snapshot_time"":""2026-08-03T12:27:00+05:30"",""upper_wick_fraction"":0.0,""volume"":4842.0},""close"":7560.0,""trend"":{""ema_ref"":7392.388292949076,""ema_slow"":7422.265109929368,""hma_order"":""BUY"",""hma_spread_atr"":7.134054864885309}},{""atr"":25.69387942518273,""bar"":{""body_fraction"":0.1951219512195122,""close"":7564.0,""close_position"":0.5609756097560976,""direction"":""UP"",""high"":7573.0,""low"":7552.5,""lower_wick_fraction"":0.36585365853658536,""move_atr"":0.15567909904954155,""move_points"":4.0,""open"":7560.0,""snapshot_time"":""2026-08-03T12:30:00+05:30"",""upper_wick_fraction"":0.4390243902439024,""volume"":5286.0},""close"":7564.0,""trend"":{""ema_ref"":7394.095872123712,""ema_slow"":7425.071741415915,""hma_order"":""BUY"",""hma_spread_atr"":6.901663969872465}},{""atr"":25.251459466241105,""bar"":{""body_fraction"":0.5128205128205128,""close"":7574.0,""close_position"":0.6923076923076923,""direction"":""UP"",""high"":7580.0,""low"":7560.5,""lower_wick_fraction"":0.1794871794871795,""move_atr"":0.3960167139396076,""move_points"":10.0,""open"":7564.0,""snapshot_time"":""2026-08-03T12:33:00+05:30"",""upper_wick_fraction"":0.3076923076923077,""volume"":4579.0},""close"":7574.0,""trend"":{""ema_ref"":7395.885962948352,""ema_slow"":7428.020815843322,""hma_order"":""BUY"",""hma_spread_atr"":6.730861675681214}}],""last_observation_hash"":""766d0d4af41a075da9540ccc47484436df1582912cd637b8f7b6a2d2d6a043d6"",""last_snapshot_time"":""2026-08-03T12:33:00+05:30"",""observation"":{""compression_box_high"":null,""compression_box_low"":null,""compression_candidate_bars"":0,""current_state"":""REACCELERATION"",""established_side"":""UP"",""exhaustion_active"":true,""exhaustion_age_bars"":3,""exhaustion_clear_bars"":0,""exhaustion_last_seen_at"":""2026-08-03T12:30:00+05:30"",""exhaustion_side"":""UP"",""exhaustion_started_at"":""2026-08-03T12:27:00+05:30"",""failure_breach_bars"":0,""last_close"":7574.0,""last_reason_codes"":[""FRESH_DISPLACEMENT_AFTER_CONFIRMED_TREND_PAUSE"",""OBSERVATION_TRANSITION_CONFIRMED"",""OBSERVATION_STATE_REACCELERATION""],""last_snapshot_time"":""2026-08-03T12:33:00+05:30"",""leg_age_bars"":1,""leg_anchor_price"":7552.5,""leg_anchor_time"":""2026-08-03T12:33:00+05:30"",""leg_extreme_price"":7580.0,""leg_maturity_consumed"":false,""leg_maturity_extreme_price"":null,""leg_maturity_onset_time"":null,""leg_no_progress_bars"":0,""observation_count"":67,""pending_bars"":0,""pending_state"":null,""protection_level"":7552.5,""protection_source"":""CONFIRMED_PULLBACK_EXTREME"",""protection_time"":""2026-08-03T12:33:00+05:30"",""pullback_age_bars"":0,""pullback_candidate_bars"":0,""pullback_extreme_price"":null,""reacceleration_age_bars"":1,""recompression_age_bars"":0,""reversal_confirmation_bars"":0,""reversal_side"":""UP"",""state_age_bars"":1,""trading_day"":""2026-08-03"",""trend_anchor_price"":7355.0,""trend_candidate_bars"":9,""trend_candidate_side"":""UP"",""trend_extreme_price"":7614.0,""trend_failure_age_bars"":0,""trend_onset_time"":""2026-08-03T10:48:00+05:30""},""symbol"":""ABB"",""trading_day"":""2026-08-03""}"
restoration-v3-current-day,development,restoration-trend-control-v3,backtest-default,OK,,,,ABB,2026-08-03,2026-08-03T12:36:00+05:30,2026-08-03T12:33:00+05:30,SNAPSHOT_AUCTION_AUTHORITY_V3A,3m,True,True,7563.0,2026-08-03T12:36:00,7574.0,7576.0,7563.0,7563.0,4588.0,24.376355218652453,EXPANDING_RANGE,SELL,candidate_boundaries_or_midpoint_still_drifting,RANGE_ACCEPTED,DYNAMIC:2026-08-03T12:03:00+05:30:2026-08-03T12:18:00+05:30,7539.0,7575.0,6,ok,DOWN_SLOWING,-0.02051168008978663,-0.10255840044893316,OK,INCREMENTAL_PREVIOUS_SNAPSHOT,AUTOTRADES_AUCTION_ENGINE,1.1.0,,,REACCELERATION,UP,DOWN,False,False,True,UP,False,False,False,7552.5,CONFIRMED_PULLBACK_EXTREME,2026-08-03T12:33:00+05:30,DYNAMIC:2026-08-03T12:03:00+05:30:2026-08-03T12:18:00+05:30,7539.0,7575.0,True,0.6666666666666666,0.0970873786407767,PRICE_ACTION,0.7444213444213444,ESTABLISHED_DIRECTIONAL_CONTEXT_RETAINED|MINIMUM_DWELL_REACCELERATION_2_BARS|OBSERVATION_STATE_REACCELERATION|OBJECTIVE_ACCEPTED_RANGE_GEOMETRY_PRESENT|OBJECTIVE_TREND_PROTECTION_GEOMETRY_PRESENT,DIR:ABB:2026-08-03:004:UP:120000,DIRECTIONAL,DIRECTIONAL,UP,OBSERVATION_CONFIRMATION,,,2026-08-03T12:00:00+05:30,2026-08-03T12:21:00+05:30,6,7549.5,7614.0,2026-08-03T12:21:00+05:30,7552.5,CONFIRMED_PULLBACK_EXTREME,,,,0,0.0,0,False,DIRECTIONAL_EPISODE_RETAINED,4,UNKNOWN,0,0,0,0,0,REACCELERATION,2026-08-03T12:36:00+05:30,DIRECTIONAL_EPISODE_RETAINED,BAL:ABB:2026-08-03:004:NEUTRAL:122400,FORMING,PROBABLE,1,,7539.0,7580.0,,,UNKNOWN,0,0,0,0,False,False,BALANCE_SOURCE_RANGE_RETAINED|BALANCE_BAR_CONTAINED_IN_CANDIDATE|BALANCE_CONTAINMENT_PROGRESS|BALANCE_PROBABLE_CONFIRMED,1,BAL:ABB:2026-08-03:004:NEUTRAL:122400:BALANCE_PROBABLE:123600,BALANCE_PROBABLE,UNKNOWN,BAL:ABB:2026-08-03:004:NEUTRAL:122400,"BALANCE_PROBABLE:ACCUMULATED_BALANCE_OCCUPANCY_PROBABLE,PROBABLE_BALANCE_REMAINS_DIAGNOSTIC_ONLY",0,,,,,CONFLICT,CONFLICT,CONFLICT,MATCH,True,1,False,False,False,True,EPISODE_TREND_CONFLICT|EPISODE_RAW_STRUCTURE_CONFLICT|EPISODE_SLOPE_CONFLICT|FRESH_OPPOSITE_EVIDENCE,TRANSITIONAL_CONFLICT,"[""event_id='BAL:ABB:2026-08-03:004:NEUTRAL:122400:BALANCE_PROBABLE:123600' event_type=<AuctionEventType.BALANCE_PROBABLE: 'BALANCE_PROBABLE'> episode_id='BAL:ABB:2026-08-03:004:NEUTRAL:122400' symbol='ABB' trading_day=datetime.date(2026, 8, 3) event_time=datetime.datetime(2026, 8, 3, 12, 36, tzinfo=TzInfo(19800)) direction=<DirectionalBias.UNKNOWN: 'UNKNOWN'> reason_codes=('ACCUMULATED_BALANCE_OCCUPANCY_PROBABLE', 'PROBABLE_BALANCE_REMAINS_DIAGNOSTIC_ONLY') data={'range_id': None, 'frozen_low': None, 'frozen_high': None, 'candidate_low': 7539.0, 'candidate_high': 7580.0, 'rearm_required': False, 'containment_bars': 5, 'source_range_ids': ['DYNAMIC:2026-08-03T12:03:00+05:30:2026-08-03T12:18:00+05:30'], 'containment_ratio': 1.0, 'rearm_bars_elapsed': 0, 'failed_escape_count': 0, 'escape_attempt_count': 0, 'attempt_limit_reached': False, 'candidate_merge_count': 0, 'forming_bars_observed': 5, 'last_escape_direction': 'UNKNOWN', 'last_escape_failed_at': None, 'last_escape_started_at': None, 'meaningful_escape_bars': 0, 'candidate_last_valid_at': '2026-08-03T12:36:00+05:30', 'marginal_excursion_bars': 0, 'up_escape_attempt_count': 0, 'rearm_inside_close_count': 0, 'down_escape_attempt_count': 0, 'candidate_bar_expansion_count': 1}""]",[],"{""accepted_range_breakout_eligible"":true,""accepted_range_established_at"":""2026-08-03T12:18:00+05:30"",""accepted_range_high"":7575.0,""accepted_range_id"":""DYNAMIC:2026-08-03T12:03:00+05:30:2026-08-03T12:18:00+05:30"",""accepted_range_inside"":true,""accepted_range_low"":7539.0,""accepted_range_outside_atr"":0.0,""accepted_range_position"":0.6666666666666666,""accepted_range_provisional"":false,""atr"":24.376355218652453,""close"":7563.0,""current_leg_mature"":false,""directional_bias"":""UP"",""directional_efficiency"":0.0970873786407767,""directional_efficiency_source"":""PRICE_ACTION"",""exhausted_side"":""UP"",""exhaustion_active"":true,""extension_mature"":false,""failed_extreme_observed"":false,""high"":7576.0,""low"":7563.0,""observation_state"":""REACCELERATION"",""overlap_ratio"":0.7444213444213444,""range_width_atr"":1.4768409664646376,""rejection_observed"":false,""snapshot_time"":""2026-08-03T12:36:00+05:30"",""source_reason_codes"":[""ESTABLISHED_DIRECTIONAL_CONTEXT_RETAINED"",""MINIMUM_DWELL_REACCELERATION_2_BARS"",""OBSERVATION_STATE_REACCELERATION"",""OBJECTIVE_ACCEPTED_RANGE_GEOMETRY_PRESENT"",""OBJECTIVE_TREND_PROTECTION_GEOMETRY_PRESENT""],""structural_failure_confirmed"":false,""symbol"":""ABB"",""trading_day"":""2026-08-03"",""trend_direction"":""DOWN"",""trend_protection_level"":7552.5,""trend_protection_source"":""CONFIRMED_PULLBACK_EXTREME"",""trend_protection_time"":""2026-08-03T12:33:00+05:30""}","{""continuation_failure_seen"":false,""continuation_failure_time"":null,""current_state"":""DIRECTIONAL"",""direction"":""UP"",""episode_id"":""DIR:ABB:2026-08-03:004:UP:120000"",""extreme_price"":7614.0,""extreme_time"":""2026-08-03T12:21:00+05:30"",""first_adverse_bar_close"":null,""first_adverse_bar_level"":null,""first_adverse_bar_time"":null,""origin_event_id"":null,""origin_price"":7549.5,""origin_source"":""OBSERVATION_CONFIRMATION"",""parent_episode_id"":null,""previous_state"":""DIRECTIONAL"",""protection_level"":7552.5,""protection_source"":""CONFIRMED_PULLBACK_EXTREME"",""reason_codes"":[""DIRECTIONAL_EPISODE_RETAINED""],""rejection_seen"":false,""reversal_confirmation_breach_closes"":0,""reversal_confirmation_level"":null,""reversal_confirmation_level_time"":null,""reversal_confirmation_source"":"""",""reversal_leg_failure_closes"":0,""reversal_leg_progress_atr"":0.0,""reversal_leg_progress_bars"":0,""started_at"":""2026-08-03T12:00:00+05:30"",""state_age_bars"":6,""state_started_at"":""2026-08-03T12:21:00+05:30""}","{""attempt_limit_reached"":false,""candidate_bar_expansion_count"":1,""candidate_high"":7580.0,""candidate_last_valid_at"":""2026-08-03T12:36:00+05:30"",""candidate_low"":7539.0,""candidate_merge_count"":0,""containment_bars"":5,""containment_ratio"":1.0,""current_state"":""PROBABLE"",""down_escape_attempt_count"":0,""episode_id"":""BAL:ABB:2026-08-03:004:NEUTRAL:122400"",""escape_attempt_count"":0,""escape_direction"":""UNKNOWN"",""failed_escape_count"":0,""forming_bars_observed"":5,""forming_invalid_bars"":0,""frozen_high"":null,""frozen_low"":null,""last_escape_direction"":""UNKNOWN"",""last_escape_failed_at"":null,""last_escape_started_at"":null,""marginal_excursion_bars"":0,""meaningful_escape_bars"":0,""outside_close_count"":0,""previous_state"":""FORMING"",""range_id"":null,""rearm_bars_elapsed"":0,""rearm_inside_close_count"":0,""rearm_required"":false,""reason_codes"":[""BALANCE_SOURCE_RANGE_RETAINED"",""BALANCE_BAR_CONTAINED_IN_CANDIDATE"",""BALANCE_CONTAINMENT_PROGRESS"",""BALANCE_PROBABLE_CONFIRMED""],""reentry_close_count"":0,""source_range_ids"":[""DYNAMIC:2026-08-03T12:03:00+05:30:2026-08-03T12:18:00+05:30""],""started_at"":""2026-08-03T12:24:00+05:30"",""state_age_bars"":1,""state_started_at"":""2026-08-03T12:36:00+05:30"",""up_escape_attempt_count"":0}","{""balance_attempt_limit_reached"":false,""balance_candidate_bar_expansion_count"":1,""balance_candidate_merge_count"":0,""balance_containment_ratio"":1.0,""balance_down_escape_attempt_count"":0,""balance_escape_attempt_count"":0,""balance_failed_escape_count"":0,""balance_forming_bars_observed"":5,""balance_forming_invalid_bars"":0,""balance_last_escape_direction"":""UNKNOWN"",""balance_last_escape_failed_at"":null,""balance_last_escape_started_at"":null,""balance_marginal_excursion_bars"":0,""balance_meaningful_escape_bars"":0,""balance_rearm_bars_elapsed"":0,""balance_rearm_inside_close_count"":0,""balance_rearm_required"":false,""balance_up_escape_attempt_count"":0,""directional_origin_event_id"":null,""directional_origin_source"":""OBSERVATION_CONFIRMATION"",""directional_parent_episode_id"":null,""directional_reversal_watch_age_bars"":0,""directional_start_candidate_bars"":0,""directional_start_candidate_side"":""UNKNOWN"",""observation_accepted_range_id"":""DYNAMIC:2026-08-03T12:03:00+05:30:2026-08-03T12:18:00+05:30"",""observation_current_leg_mature"":false,""observation_directional_bias"":""UP"",""observation_exhaustion_active"":true,""observation_state"":""REACCELERATION""}","{""balance"":{""attempt_limit_reached"":false,""candidate_bar_expansion_count"":1,""candidate_high"":7580.0,""candidate_last_valid_at"":""2026-08-03T12:36:00+05:30"",""candidate_low"":7539.0,""candidate_merge_count"":0,""containment_bars"":5,""down_escape_attempt_count"":0,""emitted_event_ids"":[""BAL:ABB:2026-08-03:001:NEUTRAL:100600:BALANCE_COMPLETED:105400"",""BAL:ABB:2026-08-03:001:NEUTRAL:100600:BALANCE_ESCAPE_ACCEPTED:105100"",""BAL:ABB:2026-08-03:001:NEUTRAL:100600:BALANCE_ESCAPE_STARTED:104800"",""BAL:ABB:2026-08-03:001:NEUTRAL:100600:BALANCE_FORMING_STARTED:100600"",""BAL:ABB:2026-08-03:001:NEUTRAL:100600:BALANCE_LOCKED:102700"",""BAL:ABB:2026-08-03:001:NEUTRAL:100600:BALANCE_PROBABLE:101800"",""BAL:ABB:2026-08-03:002:NEUTRAL:112100:BALANCE_COMPLETED:113000"",""BAL:ABB:2026-08-03:002:NEUTRAL:112100:BALANCE_FORMING_STARTED:112100"",""BAL:ABB:2026-08-03:003:NEUTRAL:114800:BALANCE_COMPLETED:115400"",""BAL:ABB:2026-08-03:003:NEUTRAL:114800:BALANCE_FORMING_STARTED:114800"",""BAL:ABB:2026-08-03:004:NEUTRAL:122400:BALANCE_FORMING_STARTED:122400"",""BAL:ABB:2026-08-03:004:NEUTRAL:122400:BALANCE_PROBABLE:123600""],""episode_id"":""BAL:ABB:2026-08-03:004:NEUTRAL:122400"",""escape_attempt_count"":0,""escape_direction"":""UNKNOWN"",""failed_escape_count"":0,""forming_bars_observed"":5,""forming_invalid_bars"":0,""frozen_high"":null,""frozen_low"":null,""last_escape_direction"":""UNKNOWN"",""last_escape_failed_at"":null,""last_escape_started_at"":null,""last_reason_codes"":[""BALANCE_SOURCE_RANGE_RETAINED"",""BALANCE_BAR_CONTAINED_IN_CANDIDATE"",""BALANCE_CONTAINMENT_PROGRESS"",""BALANCE_PROBABLE_CONFIRMED""],""marginal_excursion_bars"":0,""meaningful_escape_bars"":0,""outside_close_count"":0,""range_id"":null,""rearm_bars_elapsed"":0,""rearm_inside_close_count"":0,""rearm_required"":false,""reentry_close_count"":0,""sequence"":4,""source_range_ids"":[""DYNAMIC:2026-08-03T12:03:00+05:30:2026-08-03T12:18:00+05:30""],""started_at"":""2026-08-03T12:24:00+05:30"",""state"":""PROBABLE"",""state_age_bars"":1,""state_started_at"":""2026-08-03T12:36:00+05:30"",""up_escape_attempt_count"":0},""directional"":{""continuation_failure_progress_bars"":0,""continuation_failure_seen"":false,""continuation_failure_seen_at"":null,""direction"":""UP"",""emitted_event_ids"":[""DIR:ABB:2026-08-03:001:DOWN:101500:DIRECTIONAL_COMPLETED:105100"",""DIR:ABB:2026-08-03:001:DOWN:101500:DIRECTIONAL_STARTED:101500"",""DIR:ABB:2026-08-03:002:UP:110000:DIRECTIONAL_COMPLETED:113900"",""DIR:ABB:2026-08-03:002:UP:110000:DIRECTIONAL_MATURED:110300"",""DIR:ABB:2026-08-03:002:UP:110000:DIRECTIONAL_REVERSAL_CONFIRMED:113900"",""DIR:ABB:2026-08-03:002:UP:110000:DIRECTIONAL_STARTED:110000"",""DIR:ABB:2026-08-03:002:UP:110000:REVERSAL_WATCH_STARTED:110600"",""DIR:ABB:2026-08-03:003:DOWN:113900:DIRECTIONAL_COMPLETED:115400"",""DIR:ABB:2026-08-03:003:DOWN:113900:DIRECTIONAL_REVERSAL_LEG_FAILED:115400"",""DIR:ABB:2026-08-03:003:DOWN:113900:DIRECTIONAL_REVERSAL_LEG_STARTED:113900"",""DIR:ABB:2026-08-03:004:UP:120000:DIRECTIONAL_CONTINUATION_CONFIRMED:123300"",""DIR:ABB:2026-08-03:004:UP:120000:DIRECTIONAL_MATURED:120300"",""DIR:ABB:2026-08-03:004:UP:120000:DIRECTIONAL_STARTED:120000"",""DIR:ABB:2026-08-03:004:UP:120000:DIRECTIONAL_TREND_RESTORED:122100"",""DIR:ABB:2026-08-03:004:UP:120000:REVERSAL_WATCH_STARTED:120600""],""episode_id"":""DIR:ABB:2026-08-03:004:UP:120000"",""extreme_price"":7614.0,""extreme_time"":""2026-08-03T12:21:00+05:30"",""first_adverse_bar_close"":null,""first_adverse_bar_level"":null,""first_adverse_bar_time"":null,""inactive_bars"":0,""last_close"":7563.0,""last_observation_state"":""REACCELERATION"",""last_observation_state_time"":""2026-08-03T12:36:00+05:30"",""last_reason_codes"":[""DIRECTIONAL_EPISODE_RETAINED""],""opposite_control_bars"":0,""origin_event_id"":null,""origin_price"":7549.5,""origin_source"":""OBSERVATION_CONFIRMATION"",""parent_episode_id"":null,""protection_level"":7552.5,""protection_source"":""CONFIRMED_PULLBACK_EXTREME"",""protection_time"":""2026-08-03T12:33:00+05:30"",""rejection_seen"":false,""rejection_seen_at"":null,""reversal_confirmation_breach_closes"":0,""reversal_confirmation_level"":null,""reversal_confirmation_level_time"":null,""reversal_confirmation_source"":"""",""reversal_leg_failure_closes"":0,""reversal_leg_progress_atr"":0.0,""reversal_leg_progress_bars"":0,""reversal_watch_age_bars"":0,""sequence"":4,""start_candidate_bars"":0,""start_candidate_side"":""UNKNOWN"",""started_at"":""2026-08-03T12:00:00+05:30"",""state"":""DIRECTIONAL"",""state_age_bars"":6,""state_started_at"":""2026-08-03T12:21:00+05:30"",""trend_restore_bars"":0},""evidence_history"":[{""atr"":26.34178868989172,""bar"":{""body_fraction"":0.42424242424242425,""close"":7556.5,""close_position"":0.5151515151515151,""direction"":""UP"",""high"":7564.5,""low"":7548.0,""lower_wick_fraction"":0.09090909090909093,""move_atr"":0.2657374593049617,""move_points"":7.0,""open"":7549.5,""snapshot_time"":""2026-08-03T12:03:00+05:30"",""upper_wick_fraction"":0.48484848484848486,""volume"":6641.0},""close"":7556.5,""trend"":{""ema_ref"":7378.073779689723,""ema_slow"":7397.594065695247,""hma_order"":""BUY"",""hma_spread_atr"":6.449484754370961}},{""atr"":25.63880378347088,""bar"":{""body_fraction"":0.6060606060606061,""close"":7546.5,""close_position"":0.3939393939393939,""direction"":""DOWN"",""high"":7556.5,""low"":7540.0,""lower_wick_fraction"":0.3939393939393939,""move_atr"":-0.3900337973820337,""move_points"":-10.0,""open"":7556.5,""snapshot_time"":""2026-08-03T12:06:00+05:30"",""upper_wick_fraction"":0.0,""volume"":5275.0},""close"":7546.5,""trend"":{""ema_ref"":7379.749662478881,""ema_slow"":7400.542698057718,""hma_order"":""BUY"",""hma_spread_atr"":7.269772466044208}},{""atr"":24.950317798937245,""bar"":{""body_fraction"":0.25,""close"":7549.5,""close_position"":0.65625,""direction"":""UP"",""high"":7555.0,""low"":7539.0,""lower_wick_fraction"":0.40625,""move_atr"":0.1603185992352522,""move_points"":4.0,""open"":7545.5,""snapshot_time"":""2026-08-03T12:09:00+05:30"",""upper_wick_fraction"":0.34375,""volume"":4337.0},""close"":7549.5,""trend"":{""ema_ref"":7381.4387205636685,""ema_slow"":7403.492347601129,""hma_order"":""BUY"",""hma_spread_atr"":7.855622395053977}},{""atr"":25.025295099013157,""bar"":{""body_fraction"":0.6730769230769231,""close"":7567.0,""close_position"":0.9615384615384616,""direction"":""UP"",""high"":7568.0,""low"":7542.0,""lower_wick_fraction"":0.28846153846153844,""move_atr"":0.6992924531263606,""move_points"":17.5,""open"":7549.5,""snapshot_time"":""2026-08-03T12:12:00+05:30"",""upper_wick_fraction"":0.038461538461538464,""volume"":6160.0},""close"":7567.0,""trend"":{""ema_ref"":7383.285101453583,""ema_slow"":7406.730122896156,""hma_order"":""BUY"",""hma_spread_atr"":8.052580569974428}},{""atr"":24.559202591940792,""bar"":{""body_fraction"":0.7567567567567568,""close"":7553.0,""close_position"":0.16216216216216217,""direction"":""DOWN"",""high"":7568.5,""low"":7550.0,""lower_wick_fraction"":0.16216216216216217,""move_atr"":-0.5700510815686728,""move_points"":-14.0,""open"":7567.0,""snapshot_time"":""2026-08-03T12:15:00+05:30"",""upper_wick_fraction"":0.08108108108108109,""volume"":4035.0},""close"":7553.0,""trend"":{""ema_ref"":7384.973806911756,""ema_slow"":7409.626556106133,""hma_order"":""BUY"",""hma_spread_atr"":8.129802258749653}},{""atr"":25.01925954965931,""bar"":{""body_fraction"":0.7096774193548387,""close"":7568.0,""close_position"":0.7741935483870968,""direction"":""UP"",""high"":7575.0,""low"":7544.0,""lower_wick_fraction"":0.06451612903225806,""move_atr"":0.8793225857197511,""move_points"":22.0,""open"":7546.0,""snapshot_time"":""2026-08-03T12:18:00+05:30"",""upper_wick_fraction"":0.2258064516129032,""volume"":8610.0},""close"":7568.0,""trend"":{""ema_ref"":7386.794963061888,""ema_slow"":7412.762663906011,""hma_order"":""BUY"",""hma_spread_atr"":7.783379908304845}},{""atr"":26.803598153255074,""bar"":{""body_fraction"":0.55,""close"":7595.5,""close_position"":0.63,""direction"":""UP"",""high"":7614.0,""low"":7564.0,""lower_wick_fraction"":0.08,""move_atr"":1.025981655252519,""move_points"":27.5,""open"":7568.0,""snapshot_time"":""2026-08-03T12:21:00+05:30"",""upper_wick_fraction"":0.37,""volume"":24083.0},""close"":7595.5,""trend"":{""ema_ref"":7388.871630096098,""ema_slow"":7416.381225016783,""hma_order"":""BUY"",""hma_spread_atr"":7.24055244260279}},{""atr"":26.63905542802257,""bar"":{""body_fraction"":0.6097560975609756,""close"":7573.0,""close_position"":0.0975609756097561,""direction"":""DOWN"",""high"":7591.5,""low"":7571.0,""lower_wick_fraction"":0.0975609756097561,""move_atr"":-0.4692358568709161,""move_points"":-12.5,""open"":7585.5,""snapshot_time"":""2026-08-03T12:24:00+05:30"",""upper_wick_fraction"":0.2926829268292683,""volume"":7490.0},""close"":7573.0,""trend"":{""ema_ref"":7390.70375317972,""ema_slow"":7419.482586897639,""hma_order"":""BUY"",""hma_spread_atr"":7.215407133067264}},{""atr"":26.09340861173525,""bar"":{""body_fraction"":0.6756756756756757,""close"":7560.0,""close_position"":0.32432432432432434,""direction"":""DOWN"",""high"":7572.5,""low"":7554.0,""lower_wick_fraction"":0.32432432432432434,""move_atr"":-0.4790481836235934,""move_points"":-12.5,""open"":7572.5,""snapshot_time"":""2026-08-03T12:27:00+05:30"",""upper_wick_fraction"":0.0,""volume"":4842.0},""close"":7560.0,""trend"":{""ema_ref"":7392.388292949076,""ema_slow"":7422.265109929368,""hma_order"":""BUY"",""hma_spread_atr"":7.134054864885309}},{""atr"":25.69387942518273,""bar"":{""body_fraction"":0.1951219512195122,""close"":7564.0,""close_position"":0.5609756097560976,""direction"":""UP"",""high"":7573.0,""low"":7552.5,""lower_wick_fraction"":0.36585365853658536,""move_atr"":0.15567909904954155,""move_points"":4.0,""open"":7560.0,""snapshot_time"":""2026-08-03T12:30:00+05:30"",""upper_wick_fraction"":0.4390243902439024,""volume"":5286.0},""close"":7564.0,""trend"":{""ema_ref"":7394.095872123712,""ema_slow"":7425.071741415915,""hma_order"":""BUY"",""hma_spread_atr"":6.901663969872465}},{""atr"":25.251459466241105,""bar"":{""body_fraction"":0.5128205128205128,""close"":7574.0,""close_position"":0.6923076923076923,""direction"":""UP"",""high"":7580.0,""low"":7560.5,""lower_wick_fraction"":0.1794871794871795,""move_atr"":0.3960167139396076,""move_points"":10.0,""open"":7564.0,""snapshot_time"":""2026-08-03T12:33:00+05:30"",""upper_wick_fraction"":0.3076923076923077,""volume"":4579.0},""close"":7574.0,""trend"":{""ema_ref"":7395.885962948352,""ema_slow"":7428.020815843322,""hma_order"":""BUY"",""hma_spread_atr"":6.730861675681214}},{""atr"":24.376355218652453,""bar"":{""body_fraction"":0.8461538461538461,""close"":7563.0,""close_position"":0.0,""direction"":""DOWN"",""high"":7576.0,""low"":7563.0,""lower_wick_fraction"":0.0,""move_atr"":-0.4512569619753059,""move_points"":-11.0,""open"":7574.0,""snapshot_time"":""2026-08-03T12:36:00+05:30"",""upper_wick_fraction"":0.15384615384615383,""volume"":4588.0},""close"":7563.0,""trend"":{""ema_ref"":7397.548789187673,""ema_slow"":7430.693670975137,""hma_order"":""SELL"",""hma_spread_atr"":6.821083487693762}}],""last_observation_hash"":""713f3f63a36fc53521d0edcf3c541b4f5a83a462be5abc886d0d1624cc799bdf"",""last_snapshot_time"":""2026-08-03T12:36:00+05:30"",""observation"":{""compression_box_high"":null,""compression_box_low"":null,""compression_candidate_bars"":0,""current_state"":""REACCELERATION"",""established_side"":""UP"",""exhaustion_active"":true,""exhaustion_age_bars"":4,""exhaustion_clear_bars"":0,""exhaustion_last_seen_at"":""2026-08-03T12:30:00+05:30"",""exhaustion_side"":""UP"",""exhaustion_started_at"":""2026-08-03T12:27:00+05:30"",""failure_breach_bars"":0,""last_close"":7563.0,""last_reason_codes"":[""ESTABLISHED_DIRECTIONAL_CONTEXT_RETAINED"",""MINIMUM_DWELL_REACCELERATION_2_BARS"",""OBSERVATION_STATE_REACCELERATION""],""last_snapshot_time"":""2026-08-03T12:36:00+05:30"",""leg_age_bars"":2,""leg_anchor_price"":7552.5,""leg_anchor_time"":""2026-08-03T12:33:00+05:30"",""leg_extreme_price"":7580.0,""leg_maturity_consumed"":false,""leg_maturity_extreme_price"":null,""leg_maturity_onset_time"":null,""leg_no_progress_bars"":1,""observation_count"":68,""pending_bars"":0,""pending_state"":null,""protection_level"":7552.5,""protection_source"":""CONFIRMED_PULLBACK_EXTREME"",""protection_time"":""2026-08-03T12:33:00+05:30"",""pullback_age_bars"":0,""pullback_candidate_bars"":0,""pullback_extreme_price"":null,""reacceleration_age_bars"":2,""recompression_age_bars"":0,""reversal_confirmation_bars"":0,""reversal_side"":""UP"",""state_age_bars"":2,""trading_day"":""2026-08-03"",""trend_anchor_price"":7355.0,""trend_candidate_bars"":8,""trend_candidate_side"":""UP"",""trend_extreme_price"":7614.0,""trend_failure_age_bars"":0,""trend_onset_time"":""2026-08-03T10:48:00+05:30""},""symbol"":""ABB"",""trading_day"":""2026-08-03""}"
restoration-v3-current-day,development,restoration-trend-control-v3,backtest-default,OK,,,,ABB,2026-08-03,2026-08-03T12:39:00+05:30,2026-08-03T12:36:00+05:30,SNAPSHOT_AUCTION_AUTHORITY_V3A,3m,True,True,7574.0,2026-08-03T12:39:00,7563.0,7574.5,7553.0,7574.0,6206.0,24.17090127446299,EXPANDING_RANGE,SELL,candidate_boundaries_or_midpoint_still_drifting,RANGE_ACCEPTED,DYNAMIC:2026-08-03T12:03:00+05:30:2026-08-03T12:18:00+05:30,7539.0,7575.0,7,ok,DOWN_SLOWING,0.0,0.1448022132173373,OK,INCREMENTAL_PREVIOUS_SNAPSHOT,AUTOTRADES_AUCTION_ENGINE,1.1.0,,,ORDERLY_UPTREND,UP,UP,False,True,True,UP,True,False,False,7552.5,CONFIRMED_PULLBACK_EXTREME,2026-08-03T12:33:00+05:30,DYNAMIC:2026-08-03T12:03:00+05:30:2026-08-03T12:18:00+05:30,7539.0,7575.0,True,0.9722222222222222,0.06060606060606061,PRICE_ACTION,0.7213444213444213,ESTABLISHED_DIRECTIONAL_CONTEXT_RETAINED|OBSERVATION_TRANSITION_CONFIRMED|OBSERVATION_STATE_ORDERLY_UPTREND|OBJECTIVE_REJECTION_OBSERVED|OBJECTIVE_ACCEPTED_RANGE_GEOMETRY_PRESENT|OBJECTIVE_TREND_PROTECTION_GEOMETRY_PRESENT,DIR:ABB:2026-08-03:004:UP:120000,DIRECTIONAL,MATURE,UP,OBSERVATION_CONFIRMATION,,,2026-08-03T12:00:00+05:30,2026-08-03T12:39:00+05:30,1,7549.5,7614.0,2026-08-03T12:21:00+05:30,7552.5,CONFIRMED_PULLBACK_EXTREME,,,,0,0.0,0,False,DIRECTIONAL_MATURITY_OBSERVED,4,UNKNOWN,0,0,0,0,0,ORDERLY_UPTREND,2026-08-03T12:39:00+05:30,DIRECTIONAL_MATURITY_OBSERVED,BAL:ABB:2026-08-03:004:NEUTRAL:122400,PROBABLE,PROBABLE,2,,7539.0,7580.0,,,UNKNOWN,0,0,0,0,False,False,BALANCE_SOURCE_RANGE_RETAINED|BALANCE_BAR_CONTAINED_IN_CANDIDATE|BALANCE_CONTAINMENT_PROGRESS|PROBABLE_BALANCE_RETAINED,1,DIR:ABB:2026-08-03:004:UP:120000:DIRECTIONAL_MATURED:123900,DIRECTIONAL_MATURED,UP,DIR:ABB:2026-08-03:004:UP:120000,DIRECTIONAL_MATURED:DIRECTIONAL_MATURITY_OBSERVED,0,,,,,MATCH,CONFLICT,CONFLICT,CONFLICT,False,0,False,False,True,True,EPISODE_RAW_STRUCTURE_CONFLICT|EPISODE_SLOPE_CONFLICT,TRANSITIONAL_CONFLICT,"[""event_id='DIR:ABB:2026-08-03:004:UP:120000:DIRECTIONAL_MATURED:123900' event_type=<AuctionEventType.DIRECTIONAL_MATURED: 'DIRECTIONAL_MATURED'> episode_id='DIR:ABB:2026-08-03:004:UP:120000' symbol='ABB' trading_day=datetime.date(2026, 8, 3) event_time=datetime.datetime(2026, 8, 3, 12, 39, tzinfo=TzInfo(19800)) direction=<DirectionalBias.UP: 'UP'> reason_codes=('DIRECTIONAL_MATURITY_OBSERVED',) data={'origin_price': 7549.5, 'extreme_price': 7614.0, 'origin_source': 'OBSERVATION_CONFIRMATION', 'origin_event_id': None, 'protection_level': 7552.5, 'parent_episode_id': None, 'protection_source': 'CONFIRMED_PULLBACK_EXTREME', 'first_adverse_bar_time': None, 'first_adverse_bar_close': None, 'first_adverse_bar_level': None, 'continuation_failure_time': None, 'reversal_leg_progress_atr': 0.0, 'reversal_leg_progress_bars': 0, 'reversal_confirmation_level': None, 'reversal_leg_failure_closes': 0, 'reversal_confirmation_source': '', 'reversal_confirmation_level_time': None}""]",[],"{""accepted_range_breakout_eligible"":true,""accepted_range_established_at"":""2026-08-03T12:18:00+05:30"",""accepted_range_high"":7575.0,""accepted_range_id"":""DYNAMIC:2026-08-03T12:03:00+05:30:2026-08-03T12:18:00+05:30"",""accepted_range_inside"":true,""accepted_range_low"":7539.0,""accepted_range_outside_atr"":0.0,""accepted_range_position"":0.9722222222222222,""accepted_range_provisional"":false,""atr"":24.17090127446299,""close"":7574.0,""current_leg_mature"":false,""directional_bias"":""UP"",""directional_efficiency"":0.06060606060606061,""directional_efficiency_source"":""PRICE_ACTION"",""exhausted_side"":""UP"",""exhaustion_active"":true,""extension_mature"":true,""failed_extreme_observed"":false,""high"":7574.5,""low"":7553.0,""observation_state"":""ORDERLY_UPTREND"",""overlap_ratio"":0.7213444213444213,""range_width_atr"":1.4893941930926122,""rejection_observed"":true,""snapshot_time"":""2026-08-03T12:39:00+05:30"",""source_reason_codes"":[""ESTABLISHED_DIRECTIONAL_CONTEXT_RETAINED"",""OBSERVATION_TRANSITION_CONFIRMED"",""OBSERVATION_STATE_ORDERLY_UPTREND"",""OBJECTIVE_REJECTION_OBSERVED"",""OBJECTIVE_ACCEPTED_RANGE_GEOMETRY_PRESENT"",""OBJECTIVE_TREND_PROTECTION_GEOMETRY_PRESENT""],""structural_failure_confirmed"":false,""symbol"":""ABB"",""trading_day"":""2026-08-03"",""trend_direction"":""UP"",""trend_protection_level"":7552.5,""trend_protection_source"":""CONFIRMED_PULLBACK_EXTREME"",""trend_protection_time"":""2026-08-03T12:33:00+05:30""}","{""continuation_failure_seen"":false,""continuation_failure_time"":null,""current_state"":""MATURE"",""direction"":""UP"",""episode_id"":""DIR:ABB:2026-08-03:004:UP:120000"",""extreme_price"":7614.0,""extreme_time"":""2026-08-03T12:21:00+05:30"",""first_adverse_bar_close"":null,""first_adverse_bar_level"":null,""first_adverse_bar_time"":null,""origin_event_id"":null,""origin_price"":7549.5,""origin_source"":""OBSERVATION_CONFIRMATION"",""parent_episode_id"":null,""previous_state"":""DIRECTIONAL"",""protection_level"":7552.5,""protection_source"":""CONFIRMED_PULLBACK_EXTREME"",""reason_codes"":[""DIRECTIONAL_MATURITY_OBSERVED""],""rejection_seen"":false,""reversal_confirmation_breach_closes"":0,""reversal_confirmation_level"":null,""reversal_confirmation_level_time"":null,""reversal_confirmation_source"":"""",""reversal_leg_failure_closes"":0,""reversal_leg_progress_atr"":0.0,""reversal_leg_progress_bars"":0,""started_at"":""2026-08-03T12:00:00+05:30"",""state_age_bars"":1,""state_started_at"":""2026-08-03T12:39:00+05:30""}","{""attempt_limit_reached"":false,""candidate_bar_expansion_count"":1,""candidate_high"":7580.0,""candidate_last_valid_at"":""2026-08-03T12:39:00+05:30"",""candidate_low"":7539.0,""candidate_merge_count"":0,""containment_bars"":6,""containment_ratio"":1.0,""current_state"":""PROBABLE"",""down_escape_attempt_count"":0,""episode_id"":""BAL:ABB:2026-08-03:004:NEUTRAL:122400"",""escape_attempt_count"":0,""escape_direction"":""UNKNOWN"",""failed_escape_count"":0,""forming_bars_observed"":6,""forming_invalid_bars"":0,""frozen_high"":null,""frozen_low"":null,""last_escape_direction"":""UNKNOWN"",""last_escape_failed_at"":null,""last_escape_started_at"":null,""marginal_excursion_bars"":0,""meaningful_escape_bars"":0,""outside_close_count"":0,""previous_state"":""PROBABLE"",""range_id"":null,""rearm_bars_elapsed"":0,""rearm_inside_close_count"":0,""rearm_required"":false,""reason_codes"":[""BALANCE_SOURCE_RANGE_RETAINED"",""BALANCE_BAR_CONTAINED_IN_CANDIDATE"",""BALANCE_CONTAINMENT_PROGRESS"",""PROBABLE_BALANCE_RETAINED""],""reentry_close_count"":0,""source_range_ids"":[""DYNAMIC:2026-08-03T12:03:00+05:30:2026-08-03T12:18:00+05:30""],""started_at"":""2026-08-03T12:24:00+05:30"",""state_age_bars"":2,""state_started_at"":""2026-08-03T12:36:00+05:30"",""up_escape_attempt_count"":0}","{""balance_attempt_limit_reached"":false,""balance_candidate_bar_expansion_count"":1,""balance_candidate_merge_count"":0,""balance_containment_ratio"":1.0,""balance_down_escape_attempt_count"":0,""balance_escape_attempt_count"":0,""balance_failed_escape_count"":0,""balance_forming_bars_observed"":6,""balance_forming_invalid_bars"":0,""balance_last_escape_direction"":""UNKNOWN"",""balance_last_escape_failed_at"":null,""balance_last_escape_started_at"":null,""balance_marginal_excursion_bars"":0,""balance_meaningful_escape_bars"":0,""balance_rearm_bars_elapsed"":0,""balance_rearm_inside_close_count"":0,""balance_rearm_required"":false,""balance_up_escape_attempt_count"":0,""directional_origin_event_id"":null,""directional_origin_source"":""OBSERVATION_CONFIRMATION"",""directional_parent_episode_id"":null,""directional_reversal_watch_age_bars"":0,""directional_start_candidate_bars"":0,""directional_start_candidate_side"":""UNKNOWN"",""observation_accepted_range_id"":""DYNAMIC:2026-08-03T12:03:00+05:30:2026-08-03T12:18:00+05:30"",""observation_current_leg_mature"":false,""observation_directional_bias"":""UP"",""observation_exhaustion_active"":true,""observation_state"":""ORDERLY_UPTREND""}","{""balance"":{""attempt_limit_reached"":false,""candidate_bar_expansion_count"":1,""candidate_high"":7580.0,""candidate_last_valid_at"":""2026-08-03T12:39:00+05:30"",""candidate_low"":7539.0,""candidate_merge_count"":0,""containment_bars"":6,""down_escape_attempt_count"":0,""emitted_event_ids"":[""BAL:ABB:2026-08-03:001:NEUTRAL:100600:BALANCE_COMPLETED:105400"",""BAL:ABB:2026-08-03:001:NEUTRAL:100600:BALANCE_ESCAPE_ACCEPTED:105100"",""BAL:ABB:2026-08-03:001:NEUTRAL:100600:BALANCE_ESCAPE_STARTED:104800"",""BAL:ABB:2026-08-03:001:NEUTRAL:100600:BALANCE_FORMING_STARTED:100600"",""BAL:ABB:2026-08-03:001:NEUTRAL:100600:BALANCE_LOCKED:102700"",""BAL:ABB:2026-08-03:001:NEUTRAL:100600:BALANCE_PROBABLE:101800"",""BAL:ABB:2026-08-03:002:NEUTRAL:112100:BALANCE_COMPLETED:113000"",""BAL:ABB:2026-08-03:002:NEUTRAL:112100:BALANCE_FORMING_STARTED:112100"",""BAL:ABB:2026-08-03:003:NEUTRAL:114800:BALANCE_COMPLETED:115400"",""BAL:ABB:2026-08-03:003:NEUTRAL:114800:BALANCE_FORMING_STARTED:114800"",""BAL:ABB:2026-08-03:004:NEUTRAL:122400:BALANCE_FORMING_STARTED:122400"",""BAL:ABB:2026-08-03:004:NEUTRAL:122400:BALANCE_PROBABLE:123600""],""episode_id"":""BAL:ABB:2026-08-03:004:NEUTRAL:122400"",""escape_attempt_count"":0,""escape_direction"":""UNKNOWN"",""failed_escape_count"":0,""forming_bars_observed"":6,""forming_invalid_bars"":0,""frozen_high"":null,""frozen_low"":null,""last_escape_direction"":""UNKNOWN"",""last_escape_failed_at"":null,""last_escape_started_at"":null,""last_reason_codes"":[""BALANCE_SOURCE_RANGE_RETAINED"",""BALANCE_BAR_CONTAINED_IN_CANDIDATE"",""BALANCE_CONTAINMENT_PROGRESS"",""PROBABLE_BALANCE_RETAINED""],""marginal_excursion_bars"":0,""meaningful_escape_bars"":0,""outside_close_count"":0,""range_id"":null,""rearm_bars_elapsed"":0,""rearm_inside_close_count"":0,""rearm_required"":false,""reentry_close_count"":0,""sequence"":4,""source_range_ids"":[""DYNAMIC:2026-08-03T12:03:00+05:30:2026-08-03T12:18:00+05:30""],""started_at"":""2026-08-03T12:24:00+05:30"",""state"":""PROBABLE"",""state_age_bars"":2,""state_started_at"":""2026-08-03T12:36:00+05:30"",""up_escape_attempt_count"":0},""directional"":{""continuation_failure_progress_bars"":0,""continuation_failure_seen"":false,""continuation_failure_seen_at"":null,""direction"":""UP"",""emitted_event_ids"":[""DIR:ABB:2026-08-03:001:DOWN:101500:DIRECTIONAL_COMPLETED:105100"",""DIR:ABB:2026-08-03:001:DOWN:101500:DIRECTIONAL_STARTED:101500"",""DIR:ABB:2026-08-03:002:UP:110000:DIRECTIONAL_COMPLETED:113900"",""DIR:ABB:2026-08-03:002:UP:110000:DIRECTIONAL_MATURED:110300"",""DIR:ABB:2026-08-03:002:UP:110000:DIRECTIONAL_REVERSAL_CONFIRMED:113900"",""DIR:ABB:2026-08-03:002:UP:110000:DIRECTIONAL_STARTED:110000"",""DIR:ABB:2026-08-03:002:UP:110000:REVERSAL_WATCH_STARTED:110600"",""DIR:ABB:2026-08-03:003:DOWN:113900:DIRECTIONAL_COMPLETED:115400"",""DIR:ABB:2026-08-03:003:DOWN:113900:DIRECTIONAL_REVERSAL_LEG_FAILED:115400"",""DIR:ABB:2026-08-03:003:DOWN:113900:DIRECTIONAL_REVERSAL_LEG_STARTED:113900"",""DIR:ABB:2026-08-03:004:UP:120000:DIRECTIONAL_CONTINUATION_CONFIRMED:123300"",""DIR:ABB:2026-08-03:004:UP:120000:DIRECTIONAL_MATURED:120300"",""DIR:ABB:2026-08-03:004:UP:120000:DIRECTIONAL_MATURED:123900"",""DIR:ABB:2026-08-03:004:UP:120000:DIRECTIONAL_STARTED:120000"",""DIR:ABB:2026-08-03:004:UP:120000:DIRECTIONAL_TREND_RESTORED:122100"",""DIR:ABB:2026-08-03:004:UP:120000:REVERSAL_WATCH_STARTED:120600""],""episode_id"":""DIR:ABB:2026-08-03:004:UP:120000"",""extreme_price"":7614.0,""extreme_time"":""2026-08-03T12:21:00+05:30"",""first_adverse_bar_close"":null,""first_adverse_bar_level"":null,""first_adverse_bar_time"":null,""inactive_bars"":0,""last_close"":7574.0,""last_observation_state"":""ORDERLY_UPTREND"",""last_observation_state_time"":""2026-08-03T12:39:00+05:30"",""last_reason_codes"":[""DIRECTIONAL_MATURITY_OBSERVED""],""opposite_control_bars"":0,""origin_event_id"":null,""origin_price"":7549.5,""origin_source"":""OBSERVATION_CONFIRMATION"",""parent_episode_id"":null,""protection_level"":7552.5,""protection_source"":""CONFIRMED_PULLBACK_EXTREME"",""protection_time"":""2026-08-03T12:33:00+05:30"",""rejection_seen"":false,""rejection_seen_at"":null,""reversal_confirmation_breach_closes"":0,""reversal_confirmation_level"":null,""reversal_confirmation_level_time"":null,""reversal_confirmation_source"":"""",""reversal_leg_failure_closes"":0,""reversal_leg_progress_atr"":0.0,""reversal_leg_progress_bars"":0,""reversal_watch_age_bars"":0,""sequence"":4,""start_candidate_bars"":0,""start_candidate_side"":""UNKNOWN"",""started_at"":""2026-08-03T12:00:00+05:30"",""state"":""MATURE"",""state_age_bars"":1,""state_started_at"":""2026-08-03T12:39:00+05:30"",""trend_restore_bars"":0},""evidence_history"":[{""atr"":25.63880378347088,""bar"":{""body_fraction"":0.6060606060606061,""close"":7546.5,""close_position"":0.3939393939393939,""direction"":""DOWN"",""high"":7556.5,""low"":7540.0,""lower_wick_fraction"":0.3939393939393939,""move_atr"":-0.3900337973820337,""move_points"":-10.0,""open"":7556.5,""snapshot_time"":""2026-08-03T12:06:00+05:30"",""upper_wick_fraction"":0.0,""volume"":5275.0},""close"":7546.5,""trend"":{""ema_ref"":7379.749662478881,""ema_slow"":7400.542698057718,""hma_order"":""BUY"",""hma_spread_atr"":7.269772466044208}},{""atr"":24.950317798937245,""bar"":{""body_fraction"":0.25,""close"":7549.5,""close_position"":0.65625,""direction"":""UP"",""high"":7555.0,""low"":7539.0,""lower_wick_fraction"":0.40625,""move_atr"":0.1603185992352522,""move_points"":4.0,""open"":7545.5,""snapshot_time"":""2026-08-03T12:09:00+05:30"",""upper_wick_fraction"":0.34375,""volume"":4337.0},""close"":7549.5,""trend"":{""ema_ref"":7381.4387205636685,""ema_slow"":7403.492347601129,""hma_order"":""BUY"",""hma_spread_atr"":7.855622395053977}},{""atr"":25.025295099013157,""bar"":{""body_fraction"":0.6730769230769231,""close"":7567.0,""close_position"":0.9615384615384616,""direction"":""UP"",""high"":7568.0,""low"":7542.0,""lower_wick_fraction"":0.28846153846153844,""move_atr"":0.6992924531263606,""move_points"":17.5,""open"":7549.5,""snapshot_time"":""2026-08-03T12:12:00+05:30"",""upper_wick_fraction"":0.038461538461538464,""volume"":6160.0},""close"":7567.0,""trend"":{""ema_ref"":7383.285101453583,""ema_slow"":7406.730122896156,""hma_order"":""BUY"",""hma_spread_atr"":8.052580569974428}},{""atr"":24.559202591940792,""bar"":{""body_fraction"":0.7567567567567568,""close"":7553.0,""close_position"":0.16216216216216217,""direction"":""DOWN"",""high"":7568.5,""low"":7550.0,""lower_wick_fraction"":0.16216216216216217,""move_atr"":-0.5700510815686728,""move_points"":-14.0,""open"":7567.0,""snapshot_time"":""2026-08-03T12:15:00+05:30"",""upper_wick_fraction"":0.08108108108108109,""volume"":4035.0},""close"":7553.0,""trend"":{""ema_ref"":7384.973806911756,""ema_slow"":7409.626556106133,""hma_order"":""BUY"",""hma_spread_atr"":8.129802258749653}},{""atr"":25.01925954965931,""bar"":{""body_fraction"":0.7096774193548387,""close"":7568.0,""close_position"":0.7741935483870968,""direction"":""UP"",""high"":7575.0,""low"":7544.0,""lower_wick_fraction"":0.06451612903225806,""move_atr"":0.8793225857197511,""move_points"":22.0,""open"":7546.0,""snapshot_time"":""2026-08-03T12:18:00+05:30"",""upper_wick_fraction"":0.2258064516129032,""volume"":8610.0},""close"":7568.0,""trend"":{""ema_ref"":7386.794963061888,""ema_slow"":7412.762663906011,""hma_order"":""BUY"",""hma_spread_atr"":7.783379908304845}},{""atr"":26.803598153255074,""bar"":{""body_fraction"":0.55,""close"":7595.5,""close_position"":0.63,""direction"":""UP"",""high"":7614.0,""low"":7564.0,""lower_wick_fraction"":0.08,""move_atr"":1.025981655252519,""move_points"":27.5,""open"":7568.0,""snapshot_time"":""2026-08-03T12:21:00+05:30"",""upper_wick_fraction"":0.37,""volume"":24083.0},""close"":7595.5,""trend"":{""ema_ref"":7388.871630096098,""ema_slow"":7416.381225016783,""hma_order"":""BUY"",""hma_spread_atr"":7.24055244260279}},{""atr"":26.63905542802257,""bar"":{""body_fraction"":0.6097560975609756,""close"":7573.0,""close_position"":0.0975609756097561,""direction"":""DOWN"",""high"":7591.5,""low"":7571.0,""lower_wick_fraction"":0.0975609756097561,""move_atr"":-0.4692358568709161,""move_points"":-12.5,""open"":7585.5,""snapshot_time"":""2026-08-03T12:24:00+05:30"",""upper_wick_fraction"":0.2926829268292683,""volume"":7490.0},""close"":7573.0,""trend"":{""ema_ref"":7390.70375317972,""ema_slow"":7419.482586897639,""hma_order"":""BUY"",""hma_spread_atr"":7.215407133067264}},{""atr"":26.09340861173525,""bar"":{""body_fraction"":0.6756756756756757,""close"":7560.0,""close_position"":0.32432432432432434,""direction"":""DOWN"",""high"":7572.5,""low"":7554.0,""lower_wick_fraction"":0.32432432432432434,""move_atr"":-0.4790481836235934,""move_points"":-12.5,""open"":7572.5,""snapshot_time"":""2026-08-03T12:27:00+05:30"",""upper_wick_fraction"":0.0,""volume"":4842.0},""close"":7560.0,""trend"":{""ema_ref"":7392.388292949076,""ema_slow"":7422.265109929368,""hma_order"":""BUY"",""hma_spread_atr"":7.134054864885309}},{""atr"":25.69387942518273,""bar"":{""body_fraction"":0.1951219512195122,""close"":7564.0,""close_position"":0.5609756097560976,""direction"":""UP"",""high"":7573.0,""low"":7552.5,""lower_wick_fraction"":0.36585365853658536,""move_atr"":0.15567909904954155,""move_points"":4.0,""open"":7560.0,""snapshot_time"":""2026-08-03T12:30:00+05:30"",""upper_wick_fraction"":0.4390243902439024,""volume"":5286.0},""close"":7564.0,""trend"":{""ema_ref"":7394.095872123712,""ema_slow"":7425.071741415915,""hma_order"":""BUY"",""hma_spread_atr"":6.901663969872465}},{""atr"":25.251459466241105,""bar"":{""body_fraction"":0.5128205128205128,""close"":7574.0,""close_position"":0.6923076923076923,""direction"":""UP"",""high"":7580.0,""low"":7560.5,""lower_wick_fraction"":0.1794871794871795,""move_atr"":0.3960167139396076,""move_points"":10.0,""open"":7564.0,""snapshot_time"":""2026-08-03T12:33:00+05:30"",""upper_wick_fraction"":0.3076923076923077,""volume"":4579.0},""close"":7574.0,""trend"":{""ema_ref"":7395.885962948352,""ema_slow"":7428.020815843322,""hma_order"":""BUY"",""hma_spread_atr"":6.730861675681214}},{""atr"":24.376355218652453,""bar"":{""body_fraction"":0.8461538461538461,""close"":7563.0,""close_position"":0.0,""direction"":""DOWN"",""high"":7576.0,""low"":7563.0,""lower_wick_fraction"":0.0,""move_atr"":-0.4512569619753059,""move_points"":-11.0,""open"":7574.0,""snapshot_time"":""2026-08-03T12:36:00+05:30"",""upper_wick_fraction"":0.15384615384615383,""volume"":4588.0},""close"":7563.0,""trend"":{""ema_ref"":7397.548789187673,""ema_slow"":7430.693670975137,""hma_order"":""SELL"",""hma_spread_atr"":6.821083487693762}},{""atr"":24.17090127446299,""bar"":{""body_fraction"":0.5116279069767442,""close"":7574.0,""close_position"":0.9767441860465116,""direction"":""UP"",""high"":7574.5,""low"":7553.0,""lower_wick_fraction"":0.46511627906976744,""move_atr"":0.4550926701116315,""move_points"":11.0,""open"":7563.0,""snapshot_time"":""2026-08-03T12:39:00+05:30"",""upper_wick_fraction"":0.023255813953488372,""volume"":6206.0},""close"":7574.0,""trend"":{""ema_ref"":7399.304522628592,""ema_slow"":7433.531420064738,""hma_order"":""SELL"",""hma_spread_atr"":6.949155369897782}}],""last_observation_hash"":""5b62b3095dfcd8c19275fc5b3cec84f5a65a85a01459aaa5640033c5028fc6f7"",""last_snapshot_time"":""2026-08-03T12:39:00+05:30"",""observation"":{""compression_box_high"":null,""compression_box_low"":null,""compression_candidate_bars"":0,""current_state"":""ORDERLY_UPTREND"",""established_side"":""UP"",""exhaustion_active"":true,""exhaustion_age_bars"":5,""exhaustion_clear_bars"":0,""exhaustion_last_seen_at"":""2026-08-03T12:39:00+05:30"",""exhaustion_side"":""UP"",""exhaustion_started_at"":""2026-08-03T12:27:00+05:30"",""failure_breach_bars"":0,""last_close"":7574.0,""last_reason_codes"":[""ESTABLISHED_DIRECTIONAL_CONTEXT_RETAINED"",""OBSERVATION_TRANSITION_CONFIRMED"",""OBSERVATION_STATE_ORDERLY_UPTREND""],""last_snapshot_time"":""2026-08-03T12:39:00+05:30"",""leg_age_bars"":3,""leg_anchor_price"":7552.5,""leg_anchor_time"":""2026-08-03T12:33:00+05:30"",""leg_extreme_price"":7580.0,""leg_maturity_consumed"":false,""leg_maturity_extreme_price"":null,""leg_maturity_onset_time"":null,""leg_no_progress_bars"":2,""observation_count"":69,""pending_bars"":0,""pending_state"":null,""protection_level"":7552.5,""protection_source"":""CONFIRMED_PULLBACK_EXTREME"",""protection_time"":""2026-08-03T12:33:00+05:30"",""pullback_age_bars"":0,""pullback_candidate_bars"":0,""pullback_extreme_price"":null,""reacceleration_age_bars"":2,""recompression_age_bars"":0,""reversal_confirmation_bars"":0,""reversal_side"":""UP"",""state_age_bars"":1,""trading_day"":""2026-08-03"",""trend_anchor_price"":7355.0,""trend_candidate_bars"":7,""trend_candidate_side"":""UP"",""trend_extreme_price"":7614.0,""trend_failure_age_bars"":0,""trend_onset_time"":""2026-08-03T10:48:00+05:30""},""symbol"":""ABB"",""trading_day"":""2026-08-03""}"
restoration-v3-current-day,development,restoration-trend-control-v3,backtest-default,OK,,,,ABB,2026-08-03,2026-08-03T12:42:00+05:30,2026-08-03T12:39:00+05:30,SNAPSHOT_AUCTION_AUTHORITY_V3A,3m,True,True,7568.0,2026-08-03T12:42:00,7574.0,7577.0,7565.0,7568.0,2671.0,23.30155118342992,BALANCE_QUALIFIED,SELL,dynamic_balance_waiting_for_stable_historical_cutoff,RANGE_ACCEPTED,DYNAMIC:2026-08-03T12:03:00+05:30:2026-08-03T12:18:00+05:30,7539.0,7575.0,8,ok,UP_ACCELERATING,0.10728899463902589,0.04291559785561035,OK,INCREMENTAL_PREVIOUS_SNAPSHOT,AUTOTRADES_AUCTION_ENGINE,1.1.0,,,ORDERLY_UPTREND,UP,UP,False,False,True,UP,False,False,False,7552.5,CONFIRMED_PULLBACK_EXTREME,2026-08-03T12:33:00+05:30,DYNAMIC:2026-08-03T12:03:00+05:30:2026-08-03T12:18:00+05:30,7539.0,7575.0,True,0.8055555555555556,0.3548387096774194,PRICE_ACTION,0.8634615384615385,ESTABLISHED_DIRECTIONAL_CONTEXT_RETAINED|OBSERVATION_PROPOSAL_MATCHED_CURRENT|OBSERVATION_STATE_ORDERLY_UPTREND|OBJECTIVE_ACCEPTED_RANGE_GEOMETRY_PRESENT|OBJECTIVE_TREND_PROTECTION_GEOMETRY_PRESENT,DIR:ABB:2026-08-03:004:UP:120000,MATURE,REVERSAL_WATCH,UP,OBSERVATION_CONFIRMATION,,,2026-08-03T12:00:00+05:30,2026-08-03T12:42:00+05:30,1,7549.5,7614.0,2026-08-03T12:21:00+05:30,7552.5,CONFIRMED_PULLBACK_EXTREME,7565.0,EPISODE_PRICE_ACTION_FIRST_ADVERSE_BAR:BAR_LOW,2026-08-03T12:42:00+05:30,0,0.0,0,True,REVERSAL_WATCH_TRIGGERED,4,UNKNOWN,0,1,0,0,0,ORDERLY_UPTREND,2026-08-03T12:42:00+05:30,REVERSAL_WATCH_TRIGGERED,BAL:ABB:2026-08-03:004:NEUTRAL:122400,PROBABLE,PROBABLE,3,,7539.0,7580.0,,,UNKNOWN,0,0,0,0,False,False,BALANCE_SOURCE_RANGE_RETAINED|BALANCE_FORMING_DIRECTIONAL_EFFICIENCY_TOO_HIGH|BALANCE_FORMING_MARGINAL_INTERRUPTION|PROBABLE_BALANCE_RETAINED,1,DIR:ABB:2026-08-03:004:UP:120000:REVERSAL_WATCH_STARTED:124200,REVERSAL_WATCH_STARTED,UP,DIR:ABB:2026-08-03:004:UP:120000,REVERSAL_WATCH_STARTED:EXHAUSTION_CONTEXT_ACTIVE,0,,,,,MATCH,CONFLICT,MATCH,CONFLICT,False,0,False,False,True,True,EPISODE_RAW_STRUCTURE_CONFLICT,TRANSITIONAL_CONFLICT,"[""event_id='DIR:ABB:2026-08-03:004:UP:120000:REVERSAL_WATCH_STARTED:124200' event_type=<AuctionEventType.REVERSAL_WATCH_STARTED: 'REVERSAL_WATCH_STARTED'> episode_id='DIR:ABB:2026-08-03:004:UP:120000' symbol='ABB' trading_day=datetime.date(2026, 8, 3) event_time=datetime.datetime(2026, 8, 3, 12, 42, tzinfo=TzInfo(19800)) direction=<DirectionalBias.UP: 'UP'> reason_codes=('EXHAUSTION_CONTEXT_ACTIVE',) data={'origin_price': 7549.5, 'extreme_price': 7614.0, 'origin_source': 'OBSERVATION_CONFIRMATION', 'origin_event_id': None, 'protection_level': 7552.5, 'parent_episode_id': None, 'protection_source': 'CONFIRMED_PULLBACK_EXTREME', 'first_adverse_bar_time': None, 'first_adverse_bar_close': None, 'first_adverse_bar_level': None, 'continuation_failure_time': None, 'reversal_leg_progress_atr': 0.0, 'reversal_leg_progress_bars': 0, 'reversal_confirmation_level': None, 'reversal_leg_failure_closes': 0, 'reversal_confirmation_source': '', 'reversal_confirmation_level_time': None}""]",[],"{""accepted_range_breakout_eligible"":true,""accepted_range_established_at"":""2026-08-03T12:18:00+05:30"",""accepted_range_high"":7575.0,""accepted_range_id"":""DYNAMIC:2026-08-03T12:03:00+05:30:2026-08-03T12:18:00+05:30"",""accepted_range_inside"":true,""accepted_range_low"":7539.0,""accepted_range_outside_atr"":0.0,""accepted_range_position"":0.8055555555555556,""accepted_range_provisional"":false,""atr"":23.30155118342992,""close"":7568.0,""current_leg_mature"":false,""directional_bias"":""UP"",""directional_efficiency"":0.3548387096774194,""directional_efficiency_source"":""PRICE_ACTION"",""exhausted_side"":""UP"",""exhaustion_active"":true,""extension_mature"":false,""failed_extreme_observed"":false,""high"":7577.0,""low"":7565.0,""observation_state"":""ORDERLY_UPTREND"",""overlap_ratio"":0.8634615384615385,""range_width_atr"":1.5449615228019726,""rejection_observed"":false,""snapshot_time"":""2026-08-03T12:42:00+05:30"",""source_reason_codes"":[""ESTABLISHED_DIRECTIONAL_CONTEXT_RETAINED"",""OBSERVATION_PROPOSAL_MATCHED_CURRENT"",""OBSERVATION_STATE_ORDERLY_UPTREND"",""OBJECTIVE_ACCEPTED_RANGE_GEOMETRY_PRESENT"",""OBJECTIVE_TREND_PROTECTION_GEOMETRY_PRESENT""],""structural_failure_confirmed"":false,""symbol"":""ABB"",""trading_day"":""2026-08-03"",""trend_direction"":""UP"",""trend_protection_level"":7552.5,""trend_protection_source"":""CONFIRMED_PULLBACK_EXTREME"",""trend_protection_time"":""2026-08-03T12:33:00+05:30""}","{""continuation_failure_seen"":true,""continuation_failure_time"":""2026-08-03T12:42:00+05:30"",""current_state"":""REVERSAL_WATCH"",""direction"":""UP"",""episode_id"":""DIR:ABB:2026-08-03:004:UP:120000"",""extreme_price"":7614.0,""extreme_time"":""2026-08-03T12:21:00+05:30"",""first_adverse_bar_close"":7568.0,""first_adverse_bar_level"":7565.0,""first_adverse_bar_time"":""2026-08-03T12:42:00+05:30"",""origin_event_id"":null,""origin_price"":7549.5,""origin_source"":""OBSERVATION_CONFIRMATION"",""parent_episode_id"":null,""previous_state"":""MATURE"",""protection_level"":7552.5,""protection_source"":""CONFIRMED_PULLBACK_EXTREME"",""reason_codes"":[""REVERSAL_WATCH_TRIGGERED""],""rejection_seen"":true,""reversal_confirmation_breach_closes"":0,""reversal_confirmation_level"":7565.0,""reversal_confirmation_level_time"":""2026-08-03T12:42:00+05:30"",""reversal_confirmation_source"":""EPISODE_PRICE_ACTION_FIRST_ADVERSE_BAR:BAR_LOW"",""reversal_leg_failure_closes"":0,""reversal_leg_progress_atr"":0.0,""reversal_leg_progress_bars"":0,""started_at"":""2026-08-03T12:00:00+05:30"",""state_age_bars"":1,""state_started_at"":""2026-08-03T12:42:00+05:30""}","{""attempt_limit_reached"":false,""candidate_bar_expansion_count"":1,""candidate_high"":7580.0,""candidate_last_valid_at"":""2026-08-03T12:39:00+05:30"",""candidate_low"":7539.0,""candidate_merge_count"":0,""containment_bars"":6,""containment_ratio"":0.8571428571428571,""current_state"":""PROBABLE"",""down_escape_attempt_count"":0,""episode_id"":""BAL:ABB:2026-08-03:004:NEUTRAL:122400"",""escape_attempt_count"":0,""escape_direction"":""UNKNOWN"",""failed_escape_count"":0,""forming_bars_observed"":7,""forming_invalid_bars"":0,""frozen_high"":null,""frozen_low"":null,""last_escape_direction"":""UNKNOWN"",""last_escape_failed_at"":null,""last_escape_started_at"":null,""marginal_excursion_bars"":1,""meaningful_escape_bars"":0,""outside_close_count"":0,""previous_state"":""PROBABLE"",""range_id"":null,""rearm_bars_elapsed"":0,""rearm_inside_close_count"":0,""rearm_required"":false,""reason_codes"":[""BALANCE_SOURCE_RANGE_RETAINED"",""BALANCE_FORMING_DIRECTIONAL_EFFICIENCY_TOO_HIGH"",""BALANCE_FORMING_MARGINAL_INTERRUPTION"",""PROBABLE_BALANCE_RETAINED""],""reentry_close_count"":0,""source_range_ids"":[""DYNAMIC:2026-08-03T12:03:00+05:30:2026-08-03T12:18:00+05:30""],""started_at"":""2026-08-03T12:24:00+05:30"",""state_age_bars"":3,""state_started_at"":""2026-08-03T12:36:00+05:30"",""up_escape_attempt_count"":0}","{""balance_attempt_limit_reached"":false,""balance_candidate_bar_expansion_count"":1,""balance_candidate_merge_count"":0,""balance_containment_ratio"":0.8571428571428571,""balance_down_escape_attempt_count"":0,""balance_escape_attempt_count"":0,""balance_failed_escape_count"":0,""balance_forming_bars_observed"":7,""balance_forming_invalid_bars"":0,""balance_last_escape_direction"":""UNKNOWN"",""balance_last_escape_failed_at"":null,""balance_last_escape_started_at"":null,""balance_marginal_excursion_bars"":1,""balance_meaningful_escape_bars"":0,""balance_rearm_bars_elapsed"":0,""balance_rearm_inside_close_count"":0,""balance_rearm_required"":false,""balance_up_escape_attempt_count"":0,""directional_origin_event_id"":null,""directional_origin_source"":""OBSERVATION_CONFIRMATION"",""directional_parent_episode_id"":null,""directional_reversal_watch_age_bars"":1,""directional_start_candidate_bars"":0,""directional_start_candidate_side"":""UNKNOWN"",""observation_accepted_range_id"":""DYNAMIC:2026-08-03T12:03:00+05:30:2026-08-03T12:18:00+05:30"",""observation_current_leg_mature"":false,""observation_directional_bias"":""UP"",""observation_exhaustion_active"":true,""observation_state"":""ORDERLY_UPTREND""}","{""balance"":{""attempt_limit_reached"":false,""candidate_bar_expansion_count"":1,""candidate_high"":7580.0,""candidate_last_valid_at"":""2026-08-03T12:39:00+05:30"",""candidate_low"":7539.0,""candidate_merge_count"":0,""containment_bars"":6,""down_escape_attempt_count"":0,""emitted_event_ids"":[""BAL:ABB:2026-08-03:001:NEUTRAL:100600:BALANCE_COMPLETED:105400"",""BAL:ABB:2026-08-03:001:NEUTRAL:100600:BALANCE_ESCAPE_ACCEPTED:105100"",""BAL:ABB:2026-08-03:001:NEUTRAL:100600:BALANCE_ESCAPE_STARTED:104800"",""BAL:ABB:2026-08-03:001:NEUTRAL:100600:BALANCE_FORMING_STARTED:100600"",""BAL:ABB:2026-08-03:001:NEUTRAL:100600:BALANCE_LOCKED:102700"",""BAL:ABB:2026-08-03:001:NEUTRAL:100600:BALANCE_PROBABLE:101800"",""BAL:ABB:2026-08-03:002:NEUTRAL:112100:BALANCE_COMPLETED:113000"",""BAL:ABB:2026-08-03:002:NEUTRAL:112100:BALANCE_FORMING_STARTED:112100"",""BAL:ABB:2026-08-03:003:NEUTRAL:114800:BALANCE_COMPLETED:115400"",""BAL:ABB:2026-08-03:003:NEUTRAL:114800:BALANCE_FORMING_STARTED:114800"",""BAL:ABB:2026-08-03:004:NEUTRAL:122400:BALANCE_FORMING_STARTED:122400"",""BAL:ABB:2026-08-03:004:NEUTRAL:122400:BALANCE_PROBABLE:123600""],""episode_id"":""BAL:ABB:2026-08-03:004:NEUTRAL:122400"",""escape_attempt_count"":0,""escape_direction"":""UNKNOWN"",""failed_escape_count"":0,""forming_bars_observed"":7,""forming_invalid_bars"":0,""frozen_high"":null,""frozen_low"":null,""last_escape_direction"":""UNKNOWN"",""last_escape_failed_at"":null,""last_escape_started_at"":null,""last_reason_codes"":[""BALANCE_SOURCE_RANGE_RETAINED"",""BALANCE_FORMING_DIRECTIONAL_EFFICIENCY_TOO_HIGH"",""BALANCE_FORMING_MARGINAL_INTERRUPTION"",""PROBABLE_BALANCE_RETAINED""],""marginal_excursion_bars"":1,""meaningful_escape_bars"":0,""outside_close_count"":0,""range_id"":null,""rearm_bars_elapsed"":0,""rearm_inside_close_count"":0,""rearm_required"":false,""reentry_close_count"":0,""sequence"":4,""source_range_ids"":[""DYNAMIC:2026-08-03T12:03:00+05:30:2026-08-03T12:18:00+05:30""],""started_at"":""2026-08-03T12:24:00+05:30"",""state"":""PROBABLE"",""state_age_bars"":3,""state_started_at"":""2026-08-03T12:36:00+05:30"",""up_escape_attempt_count"":0},""directional"":{""continuation_failure_progress_bars"":1,""continuation_failure_seen"":true,""continuation_failure_seen_at"":""2026-08-03T12:42:00+05:30"",""direction"":""UP"",""emitted_event_ids"":[""DIR:ABB:2026-08-03:001:DOWN:101500:DIRECTIONAL_COMPLETED:105100"",""DIR:ABB:2026-08-03:001:DOWN:101500:DIRECTIONAL_STARTED:101500"",""DIR:ABB:2026-08-03:002:UP:110000:DIRECTIONAL_COMPLETED:113900"",""DIR:ABB:2026-08-03:002:UP:110000:DIRECTIONAL_MATURED:110300"",""DIR:ABB:2026-08-03:002:UP:110000:DIRECTIONAL_REVERSAL_CONFIRMED:113900"",""DIR:ABB:2026-08-03:002:UP:110000:DIRECTIONAL_STARTED:110000"",""DIR:ABB:2026-08-03:002:UP:110000:REVERSAL_WATCH_STARTED:110600"",""DIR:ABB:2026-08-03:003:DOWN:113900:DIRECTIONAL_COMPLETED:115400"",""DIR:ABB:2026-08-03:003:DOWN:113900:DIRECTIONAL_REVERSAL_LEG_FAILED:115400"",""DIR:ABB:2026-08-03:003:DOWN:113900:DIRECTIONAL_REVERSAL_LEG_STARTED:113900"",""DIR:ABB:2026-08-03:004:UP:120000:DIRECTIONAL_CONTINUATION_CONFIRMED:123300"",""DIR:ABB:2026-08-03:004:UP:120000:DIRECTIONAL_MATURED:120300"",""DIR:ABB:2026-08-03:004:UP:120000:DIRECTIONAL_MATURED:123900"",""DIR:ABB:2026-08-03:004:UP:120000:DIRECTIONAL_STARTED:120000"",""DIR:ABB:2026-08-03:004:UP:120000:DIRECTIONAL_TREND_RESTORED:122100"",""DIR:ABB:2026-08-03:004:UP:120000:REVERSAL_WATCH_STARTED:120600"",""DIR:ABB:2026-08-03:004:UP:120000:REVERSAL_WATCH_STARTED:124200""],""episode_id"":""DIR:ABB:2026-08-03:004:UP:120000"",""extreme_price"":7614.0,""extreme_time"":""2026-08-03T12:21:00+05:30"",""first_adverse_bar_close"":7568.0,""first_adverse_bar_level"":7565.0,""first_adverse_bar_time"":""2026-08-03T12:42:00+05:30"",""inactive_bars"":0,""last_close"":7568.0,""last_observation_state"":""ORDERLY_UPTREND"",""last_observation_state_time"":""2026-08-03T12:42:00+05:30"",""last_reason_codes"":[""REVERSAL_WATCH_TRIGGERED""],""opposite_control_bars"":0,""origin_event_id"":null,""origin_price"":7549.5,""origin_source"":""OBSERVATION_CONFIRMATION"",""parent_episode_id"":null,""protection_level"":7552.5,""protection_source"":""CONFIRMED_PULLBACK_EXTREME"",""protection_time"":""2026-08-03T12:33:00+05:30"",""rejection_seen"":true,""rejection_seen_at"":""2026-08-03T12:42:00+05:30"",""reversal_confirmation_breach_closes"":0,""reversal_confirmation_level"":7565.0,""reversal_confirmation_level_time"":""2026-08-03T12:42:00+05:30"",""reversal_confirmation_source"":""EPISODE_PRICE_ACTION_FIRST_ADVERSE_BAR:BAR_LOW"",""reversal_leg_failure_closes"":0,""reversal_leg_progress_atr"":0.0,""reversal_leg_progress_bars"":0,""reversal_watch_age_bars"":1,""sequence"":4,""start_candidate_bars"":0,""start_candidate_side"":""UNKNOWN"",""started_at"":""2026-08-03T12:00:00+05:30"",""state"":""REVERSAL_WATCH"",""state_age_bars"":1,""state_started_at"":""2026-08-03T12:42:00+05:30"",""trend_restore_bars"":0},""evidence_history"":[{""atr"":24.950317798937245,""bar"":{""body_fraction"":0.25,""close"":7549.5,""close_position"":0.65625,""direction"":""UP"",""high"":7555.0,""low"":7539.0,""lower_wick_fraction"":0.40625,""move_atr"":0.1603185992352522,""move_points"":4.0,""open"":7545.5,""snapshot_time"":""2026-08-03T12:09:00+05:30"",""upper_wick_fraction"":0.34375,""volume"":4337.0},""close"":7549.5,""trend"":{""ema_ref"":7381.4387205636685,""ema_slow"":7403.492347601129,""hma_order"":""BUY"",""hma_spread_atr"":7.855622395053977}},{""atr"":25.025295099013157,""bar"":{""body_fraction"":0.6730769230769231,""close"":7567.0,""close_position"":0.9615384615384616,""direction"":""UP"",""high"":7568.0,""low"":7542.0,""lower_wick_fraction"":0.28846153846153844,""move_atr"":0.6992924531263606,""move_points"":17.5,""open"":7549.5,""snapshot_time"":""2026-08-03T12:12:00+05:30"",""upper_wick_fraction"":0.038461538461538464,""volume"":6160.0},""close"":7567.0,""trend"":{""ema_ref"":7383.285101453583,""ema_slow"":7406.730122896156,""hma_order"":""BUY"",""hma_spread_atr"":8.052580569974428}},{""atr"":24.559202591940792,""bar"":{""body_fraction"":0.7567567567567568,""close"":7553.0,""close_position"":0.16216216216216217,""direction"":""DOWN"",""high"":7568.5,""low"":7550.0,""lower_wick_fraction"":0.16216216216216217,""move_atr"":-0.5700510815686728,""move_points"":-14.0,""open"":7567.0,""snapshot_time"":""2026-08-03T12:15:00+05:30"",""upper_wick_fraction"":0.08108108108108109,""volume"":4035.0},""close"":7553.0,""trend"":{""ema_ref"":7384.973806911756,""ema_slow"":7409.626556106133,""hma_order"":""BUY"",""hma_spread_atr"":8.129802258749653}},{""atr"":25.01925954965931,""bar"":{""body_fraction"":0.7096774193548387,""close"":7568.0,""close_position"":0.7741935483870968,""direction"":""UP"",""high"":7575.0,""low"":7544.0,""lower_wick_fraction"":0.06451612903225806,""move_atr"":0.8793225857197511,""move_points"":22.0,""open"":7546.0,""snapshot_time"":""2026-08-03T12:18:00+05:30"",""upper_wick_fraction"":0.2258064516129032,""volume"":8610.0},""close"":7568.0,""trend"":{""ema_ref"":7386.794963061888,""ema_slow"":7412.762663906011,""hma_order"":""BUY"",""hma_spread_atr"":7.783379908304845}},{""atr"":26.803598153255074,""bar"":{""body_fraction"":0.55,""close"":7595.5,""close_position"":0.63,""direction"":""UP"",""high"":7614.0,""low"":7564.0,""lower_wick_fraction"":0.08,""move_atr"":1.025981655252519,""move_points"":27.5,""open"":7568.0,""snapshot_time"":""2026-08-03T12:21:00+05:30"",""upper_wick_fraction"":0.37,""volume"":24083.0},""close"":7595.5,""trend"":{""ema_ref"":7388.871630096098,""ema_slow"":7416.381225016783,""hma_order"":""BUY"",""hma_spread_atr"":7.24055244260279}},{""atr"":26.63905542802257,""bar"":{""body_fraction"":0.6097560975609756,""close"":7573.0,""close_position"":0.0975609756097561,""direction"":""DOWN"",""high"":7591.5,""low"":7571.0,""lower_wick_fraction"":0.0975609756097561,""move_atr"":-0.4692358568709161,""move_points"":-12.5,""open"":7585.5,""snapshot_time"":""2026-08-03T12:24:00+05:30"",""upper_wick_fraction"":0.2926829268292683,""volume"":7490.0},""close"":7573.0,""trend"":{""ema_ref"":7390.70375317972,""ema_slow"":7419.482586897639,""hma_order"":""BUY"",""hma_spread_atr"":7.215407133067264}},{""atr"":26.09340861173525,""bar"":{""body_fraction"":0.6756756756756757,""close"":7560.0,""close_position"":0.32432432432432434,""direction"":""DOWN"",""high"":7572.5,""low"":7554.0,""lower_wick_fraction"":0.32432432432432434,""move_atr"":-0.4790481836235934,""move_points"":-12.5,""open"":7572.5,""snapshot_time"":""2026-08-03T12:27:00+05:30"",""upper_wick_fraction"":0.0,""volume"":4842.0},""close"":7560.0,""trend"":{""ema_ref"":7392.388292949076,""ema_slow"":7422.265109929368,""hma_order"":""BUY"",""hma_spread_atr"":7.134054864885309}},{""atr"":25.69387942518273,""bar"":{""body_fraction"":0.1951219512195122,""close"":7564.0,""close_position"":0.5609756097560976,""direction"":""UP"",""high"":7573.0,""low"":7552.5,""lower_wick_fraction"":0.36585365853658536,""move_atr"":0.15567909904954155,""move_points"":4.0,""open"":7560.0,""snapshot_time"":""2026-08-03T12:30:00+05:30"",""upper_wick_fraction"":0.4390243902439024,""volume"":5286.0},""close"":7564.0,""trend"":{""ema_ref"":7394.095872123712,""ema_slow"":7425.071741415915,""hma_order"":""BUY"",""hma_spread_atr"":6.901663969872465}},{""atr"":25.251459466241105,""bar"":{""body_fraction"":0.5128205128205128,""close"":7574.0,""close_position"":0.6923076923076923,""direction"":""UP"",""high"":7580.0,""low"":7560.5,""lower_wick_fraction"":0.1794871794871795,""move_atr"":0.3960167139396076,""move_points"":10.0,""open"":7564.0,""snapshot_time"":""2026-08-03T12:33:00+05:30"",""upper_wick_fraction"":0.3076923076923077,""volume"":4579.0},""close"":7574.0,""trend"":{""ema_ref"":7395.885962948352,""ema_slow"":7428.020815843322,""hma_order"":""BUY"",""hma_spread_atr"":6.730861675681214}},{""atr"":24.376355218652453,""bar"":{""body_fraction"":0.8461538461538461,""close"":7563.0,""close_position"":0.0,""direction"":""DOWN"",""high"":7576.0,""low"":7563.0,""lower_wick_fraction"":0.0,""move_atr"":-0.4512569619753059,""move_points"":-11.0,""open"":7574.0,""snapshot_time"":""2026-08-03T12:36:00+05:30"",""upper_wick_fraction"":0.15384615384615383,""volume"":4588.0},""close"":7563.0,""trend"":{""ema_ref"":7397.548789187673,""ema_slow"":7430.693670975137,""hma_order"":""SELL"",""hma_spread_atr"":6.821083487693762}},{""atr"":24.17090127446299,""bar"":{""body_fraction"":0.5116279069767442,""close"":7574.0,""close_position"":0.9767441860465116,""direction"":""UP"",""high"":7574.5,""low"":7553.0,""lower_wick_fraction"":0.46511627906976744,""move_atr"":0.4550926701116315,""move_points"":11.0,""open"":7563.0,""snapshot_time"":""2026-08-03T12:39:00+05:30"",""upper_wick_fraction"":0.023255813953488372,""volume"":6206.0},""close"":7574.0,""trend"":{""ema_ref"":7399.304522628592,""ema_slow"":7433.531420064738,""hma_order"":""SELL"",""hma_spread_atr"":6.949155369897782}},{""atr"":23.30155118342992,""bar"":{""body_fraction"":0.5,""close"":7568.0,""close_position"":0.25,""direction"":""DOWN"",""high"":7577.0,""low"":7565.0,""lower_wick_fraction"":0.25,""move_atr"":-0.2574935871336621,""move_points"":-6.0,""open"":7574.0,""snapshot_time"":""2026-08-03T12:42:00+05:30"",""upper_wick_fraction"":0.25,""volume"":2671.0},""close"":7568.0,""trend"":{""ema_ref"":7400.983084592487,""ema_slow"":7436.194164221872,""hma_order"":""SELL"",""hma_spread_atr"":7.253149483753991}}],""last_observation_hash"":""dc250d4505f5719f9bcb160b85bf128f576446428200659bf19456b941f9ee75"",""last_snapshot_time"":""2026-08-03T12:42:00+05:30"",""observation"":{""compression_box_high"":null,""compression_box_low"":null,""compression_candidate_bars"":0,""current_state"":""ORDERLY_UPTREND"",""established_side"":""UP"",""exhaustion_active"":true,""exhaustion_age_bars"":6,""exhaustion_clear_bars"":0,""exhaustion_last_seen_at"":""2026-08-03T12:39:00+05:30"",""exhaustion_side"":""UP"",""exhaustion_started_at"":""2026-08-03T12:27:00+05:30"",""failure_breach_bars"":0,""last_close"":7568.0,""last_reason_codes"":[""ESTABLISHED_DIRECTIONAL_CONTEXT_RETAINED"",""OBSERVATION_PROPOSAL_MATCHED_CURRENT"",""OBSERVATION_STATE_ORDERLY_UPTREND""],""last_snapshot_time"":""2026-08-03T12:42:00+05:30"",""leg_age_bars"":4,""leg_anchor_price"":7552.5,""leg_anchor_time"":""2026-08-03T12:33:00+05:30"",""leg_extreme_price"":7580.0,""leg_maturity_consumed"":false,""leg_maturity_extreme_price"":null,""leg_maturity_onset_time"":null,""leg_no_progress_bars"":3,""observation_count"":70,""pending_bars"":0,""pending_state"":null,""protection_level"":7552.5,""protection_source"":""CONFIRMED_PULLBACK_EXTREME"",""protection_time"":""2026-08-03T12:33:00+05:30"",""pullback_age_bars"":0,""pullback_candidate_bars"":0,""pullback_extreme_price"":null,""reacceleration_age_bars"":2,""recompression_age_bars"":0,""reversal_confirmation_bars"":0,""reversal_side"":""UP"",""state_age_bars"":2,""trading_day"":""2026-08-03"",""trend_anchor_price"":7355.0,""trend_candidate_bars"":6,""trend_candidate_side"":""UP"",""trend_extreme_price"":7614.0,""trend_failure_age_bars"":0,""trend_onset_time"":""2026-08-03T10:48:00+05:30""},""symbol"":""ABB"",""trading_day"":""2026-08-03""}"
restoration-v3-current-day,development,restoration-trend-control-v3,backtest-default,OK,,,,ABB,2026-08-03,2026-08-03T12:45:00+05:30,2026-08-03T12:42:00+05:30,SNAPSHOT_AUCTION_AUTHORITY_V3A,3m,True,True,7549.0,2026-08-03T12:45:00,7568.0,7568.0,7545.0,7549.0,4025.0,23.280011813184927,BALANCE_QUALIFIED,SELL,dynamic_balance_waiting_for_stable_historical_cutoff,RANGE_ACCEPTED,DYNAMIC:2026-08-03T12:03:00+05:30:2026-08-03T12:18:00+05:30,7539.0,7575.0,9,ok,DOWN_ACCELERATING,-0.5369413082909377,-0.26847065414546883,OK,INCREMENTAL_PREVIOUS_SNAPSHOT,AUTOTRADES_AUCTION_ENGINE,1.1.0,,,ORDERLY_UPTREND,UP,DOWN,False,False,True,UP,False,False,False,7552.5,CONFIRMED_PULLBACK_EXTREME,2026-08-03T12:33:00+05:30,DYNAMIC:2026-08-03T12:03:00+05:30:2026-08-03T12:18:00+05:30,7539.0,7575.0,True,0.2777777777777778,0.32432432432432434,PRICE_ACTION,0.7134615384615384,ESTABLISHED_DIRECTIONAL_CONTEXT_RETAINED|OBSERVATION_PROPOSAL_MATCHED_CURRENT|OBSERVATION_STATE_ORDERLY_UPTREND|OBJECTIVE_ACCEPTED_RANGE_GEOMETRY_PRESENT|OBJECTIVE_TREND_PROTECTION_GEOMETRY_PRESENT,DIR:ABB:2026-08-03:005:DOWN:124500,REVERSAL_WATCH,REVERSAL_LEG,DOWN,REVERSAL_EVENT_HANDOFF,DIR:ABB:2026-08-03:004:UP:120000,DIR:ABB:2026-08-03:004:UP:120000:DIRECTIONAL_REVERSAL_CONFIRMED:124500,2026-08-03T12:45:00+05:30,2026-08-03T12:45:00+05:30,1,7549.0,7545.0,2026-08-03T12:45:00+05:30,,,7565.0,EPISODE_PRICE_ACTION_FIRST_ADVERSE_BAR:BAR_LOW,2026-08-03T12:42:00+05:30,0,0.0,0,False,DIRECTIONAL_REVERSAL_EVENT_EMITTED|REVERSAL_LEG_HANDOFF_STARTED|HANDOFF_FROM_UP_TO_DOWN,5,UNKNOWN,0,0,0,0,0,ORDERLY_UPTREND,2026-08-03T12:45:00+05:30,DIRECTIONAL_REVERSAL_EVENT_EMITTED|REVERSAL_LEG_HANDOFF_STARTED|HANDOFF_FROM_UP_TO_DOWN,BAL:ABB:2026-08-03:004:NEUTRAL:122400,PROBABLE,LOCKED,1,DYNAMIC:2026-08-03T12:03:00+05:30:2026-08-03T12:18:00+05:30,7539.0,7580.0,7539.0,7580.0,UNKNOWN,0,0,0,0,False,False,BALANCE_SOURCE_RANGE_RETAINED|BALANCE_BAR_CONTAINED_IN_CANDIDATE|BALANCE_CONTAINMENT_PROGRESS|BALANCE_LOCK_CONFIRMED,4,BAL:ABB:2026-08-03:004:NEUTRAL:122400:BALANCE_LOCKED:124500|DIR:ABB:2026-08-03:004:UP:120000:DIRECTIONAL_REVERSAL_CONFIRMED:124500|DIR:ABB:2026-08-03:004:UP:120000:DIRECTIONAL_COMPLETED:124500|DIR:ABB:2026-08-03:005:DOWN:124500:DIRECTIONAL_REVERSAL_LEG_STARTED:124500,BALANCE_LOCKED|DIRECTIONAL_REVERSAL_CONFIRMED|DIRECTIONAL_COMPLETED|DIRECTIONAL_REVERSAL_LEG_STARTED,UNKNOWN|DOWN|UP|DOWN,BAL:ABB:2026-08-03:004:NEUTRAL:122400|DIR:ABB:2026-08-03:004:UP:120000|DIR:ABB:2026-08-03:004:UP:120000|DIR:ABB:2026-08-03:005:DOWN:124500,"BALANCE_LOCKED:ACCUMULATED_BALANCE_OCCUPANCY_CONFIRMED,BALANCE_HYSTERESIS_LOCK_CONFIRMED|DIRECTIONAL_REVERSAL_CONFIRMED:FIRST_ADVERSE_STAGE_RETAINED,CONTINUATION_FAILURE_STAGE_RETAINED,EPISODE_REVERSAL_CONFIRMATION_LEVEL_BREACHED|DIRECTIONAL_COMPLETED:REVERSAL_EVENT_COMPLETED_ORIGINAL_DIRECTIONAL_EPISODE|DIRECTIONAL_REVERSAL_LEG_STARTED:REVERSAL_EVENT_CREATED_TRANSITIONAL_LEG,PARENT_EPISODE:DIR:ABB:2026-08-03:004:UP:120000",3,CONTINUATION|REACCELERATION|REVERSAL,BLOCK|BLOCK|BLOCK,||DIR:ABB:2026-08-03:004:UP:120000:DIRECTIONAL_REVERSAL_CONFIRMED:124500,"CONTINUATION:BALANCE_LOCKED_CONTINUATION_BLOCK|REACCELERATION:BALANCE_LOCKED_REACCELERATION_BLOCK|REVERSAL:EVENT_DIRECTIONAL_REVERSAL_CONFIRMED_WAIT,BALANCE_LOCKED_REVERSAL_BLOCK",MATCH,MATCH,MATCH,MATCH,False,0,True,True,True,True,,COHERENT,"[""event_id='BAL:ABB:2026-08-03:004:NEUTRAL:122400:BALANCE_LOCKED:124500' event_type=<AuctionEventType.BALANCE_LOCKED: 'BALANCE_LOCKED'> episode_id='BAL:ABB:2026-08-03:004:NEUTRAL:122400' symbol='ABB' trading_day=datetime.date(2026, 8, 3) event_time=datetime.datetime(2026, 8, 3, 12, 45, tzinfo=TzInfo(19800)) direction=<DirectionalBias.UNKNOWN: 'UNKNOWN'> reason_codes=('ACCUMULATED_BALANCE_OCCUPANCY_CONFIRMED', 'BALANCE_HYSTERESIS_LOCK_CONFIRMED') data={'range_id': 'DYNAMIC:2026-08-03T12:03:00+05:30:2026-08-03T12:18:00+05:30', 'frozen_low': 7539.0, 'frozen_high': 7580.0, 'candidate_low': 7539.0, 'candidate_high': 7580.0, 'rearm_required': False, 'containment_bars': 7, 'source_range_ids': ['DYNAMIC:2026-08-03T12:03:00+05:30:2026-08-03T12:18:00+05:30'], 'containment_ratio': 0.875, 'rearm_bars_elapsed': 0, 'failed_escape_count': 0, 'escape_attempt_count': 0, 'attempt_limit_reached': False, 'candidate_merge_count': 0, 'forming_bars_observed': 8, 'last_escape_direction': 'UNKNOWN', 'last_escape_failed_at': None, 'last_escape_started_at': None, 'meaningful_escape_bars': 0, 'candidate_last_valid_at': '2026-08-03T12:45:00+05:30', 'marginal_excursion_bars': 1, 'up_escape_attempt_count': 0, 'rearm_inside_close_count': 0, 'down_escape_attempt_count': 0, 'candidate_bar_expansion_count': 1}"",""event_id='DIR:ABB:2026-08-03:004:UP:120000:DIRECTIONAL_REVERSAL_CONFIRMED:124500' event_type=<AuctionEventType.DIRECTIONAL_REVERSAL_CONFIRMED: 'DIRECTIONAL_REVERSAL_CONFIRMED'> episode_id='DIR:ABB:2026-08-03:004:UP:120000' symbol='ABB' trading_day=datetime.date(2026, 8, 3) event_time=datetime.datetime(2026, 8, 3, 12, 45, tzinfo=TzInfo(19800)) direction=<DirectionalBias.DOWN: 'DOWN'> reason_codes=('FIRST_ADVERSE_STAGE_RETAINED', 'CONTINUATION_FAILURE_STAGE_RETAINED', 'EPISODE_REVERSAL_CONFIRMATION_LEVEL_BREACHED') data={'origin_price': 7549.5, 'extreme_price': 7614.0, 'origin_source': 'OBSERVATION_CONFIRMATION', 'origin_event_id': None, 'protection_level': 7552.5, 'parent_episode_id': None, 'protection_source': 'CONFIRMED_PULLBACK_EXTREME', 'first_adverse_bar_time': '2026-08-03T12:42:00+05:30', 'first_adverse_bar_close': 7568.0, 'first_adverse_bar_level': 7565.0, 'continuation_failure_time': '2026-08-03T12:42:00+05:30', 'reversal_leg_progress_atr': 0.0, 'reversal_leg_progress_bars': 0, 'reversal_confirmation_level': 7565.0, 'reversal_leg_failure_closes': 0, 'reversal_confirmation_source': 'EPISODE_PRICE_ACTION_FIRST_ADVERSE_BAR:BAR_LOW', 'reversal_confirmation_level_time': '2026-08-03T12:42:00+05:30'}"",""event_id='DIR:ABB:2026-08-03:004:UP:120000:DIRECTIONAL_COMPLETED:124500' event_type=<AuctionEventType.DIRECTIONAL_COMPLETED: 'DIRECTIONAL_COMPLETED'> episode_id='DIR:ABB:2026-08-03:004:UP:120000' symbol='ABB' trading_day=datetime.date(2026, 8, 3) event_time=datetime.datetime(2026, 8, 3, 12, 45, tzinfo=TzInfo(19800)) direction=<DirectionalBias.UP: 'UP'> reason_codes=('REVERSAL_EVENT_COMPLETED_ORIGINAL_DIRECTIONAL_EPISODE',) data={'origin_price': 7549.5, 'extreme_price': 7614.0, 'origin_source': 'OBSERVATION_CONFIRMATION', 'origin_event_id': None, 'protection_level': 7552.5, 'parent_episode_id': None, 'protection_source': 'CONFIRMED_PULLBACK_EXTREME', 'first_adverse_bar_time': '2026-08-03T12:42:00+05:30', 'first_adverse_bar_close': 7568.0, 'first_adverse_bar_level': 7565.0, 'continuation_failure_time': '2026-08-03T12:42:00+05:30', 'reversal_leg_progress_atr': 0.0, 'reversal_leg_progress_bars': 0, 'reversal_confirmation_level': 7565.0, 'reversal_leg_failure_closes': 0, 'reversal_confirmation_source': 'EPISODE_PRICE_ACTION_FIRST_ADVERSE_BAR:BAR_LOW', 'reversal_confirmation_level_time': '2026-08-03T12:42:00+05:30'}"",""event_id='DIR:ABB:2026-08-03:005:DOWN:124500:DIRECTIONAL_REVERSAL_LEG_STARTED:124500' event_type=<AuctionEventType.DIRECTIONAL_REVERSAL_LEG_STARTED: 'DIRECTIONAL_REVERSAL_LEG_STARTED'> episode_id='DIR:ABB:2026-08-03:005:DOWN:124500' symbol='ABB' trading_day=datetime.date(2026, 8, 3) event_time=datetime.datetime(2026, 8, 3, 12, 45, tzinfo=TzInfo(19800)) direction=<DirectionalBias.DOWN: 'DOWN'> reason_codes=('REVERSAL_EVENT_CREATED_TRANSITIONAL_LEG', 'PARENT_EPISODE:DIR:ABB:2026-08-03:004:UP:120000') data={'origin_price': 7549.0, 'extreme_price': 7545.0, 'origin_source': 'REVERSAL_EVENT_HANDOFF', 'origin_event_id': 'DIR:ABB:2026-08-03:004:UP:120000:DIRECTIONAL_REVERSAL_CONFIRMED:124500', 'protection_level': None, 'parent_episode_id': 'DIR:ABB:2026-08-03:004:UP:120000', 'protection_source': '', 'first_adverse_bar_time': None, 'first_adverse_bar_close': None, 'first_adverse_bar_level': None, 'continuation_failure_time': None, 'reversal_leg_progress_atr': 0.0, 'reversal_leg_progress_bars': 0, 'reversal_confirmation_level': 7565.0, 'reversal_leg_failure_closes': 0, 'reversal_confirmation_source': 'EPISODE_PRICE_ACTION_FIRST_ADVERSE_BAR:BAR_LOW', 'reversal_confirmation_level_time': '2026-08-03T12:42:00+05:30'}""]","[""setup_family=<SetupFamily.CONTINUATION: 'CONTINUATION'> result=<StructuralPermissionResult.BLOCK: 'BLOCK'> source_event_ids=() source_event_types=() balance_state=<BalanceEpisodeState.LOCKED: 'LOCKED'> reason_codes=('BALANCE_LOCKED_CONTINUATION_BLOCK',)"",""setup_family=<SetupFamily.REACCELERATION: 'REACCELERATION'> result=<StructuralPermissionResult.BLOCK: 'BLOCK'> source_event_ids=() source_event_types=() balance_state=<BalanceEpisodeState.LOCKED: 'LOCKED'> reason_codes=('BALANCE_LOCKED_REACCELERATION_BLOCK',)"",""setup_family=<SetupFamily.REVERSAL: 'REVERSAL'> result=<StructuralPermissionResult.BLOCK: 'BLOCK'> source_event_ids=('DIR:ABB:2026-08-03:004:UP:120000:DIRECTIONAL_REVERSAL_CONFIRMED:124500',) source_event_types=(<AuctionEventType.DIRECTIONAL_REVERSAL_CONFIRMED: 'DIRECTIONAL_REVERSAL_CONFIRMED'>,) balance_state=<BalanceEpisodeState.LOCKED: 'LOCKED'> reason_codes=('EVENT_DIRECTIONAL_REVERSAL_CONFIRMED_WAIT', 'BALANCE_LOCKED_REVERSAL_BLOCK')""]","{""accepted_range_breakout_eligible"":true,""accepted_range_established_at"":""2026-08-03T12:18:00+05:30"",""accepted_range_high"":7575.0,""accepted_range_id"":""DYNAMIC:2026-08-03T12:03:00+05:30:2026-08-03T12:18:00+05:30"",""accepted_range_inside"":true,""accepted_range_low"":7539.0,""accepted_range_outside_atr"":0.0,""accepted_range_position"":0.2777777777777778,""accepted_range_provisional"":false,""atr"":23.280011813184927,""close"":7549.0,""current_leg_mature"":false,""directional_bias"":""UP"",""directional_efficiency"":0.32432432432432434,""directional_efficiency_source"":""PRICE_ACTION"",""exhausted_side"":""UP"",""exhaustion_active"":true,""extension_mature"":false,""failed_extreme_observed"":false,""high"":7568.0,""low"":7545.0,""observation_state"":""ORDERLY_UPTREND"",""overlap_ratio"":0.7134615384615384,""range_width_atr"":1.5463909678779006,""rejection_observed"":false,""snapshot_time"":""2026-08-03T12:45:00+05:30"",""source_reason_codes"":[""ESTABLISHED_DIRECTIONAL_CONTEXT_RETAINED"",""OBSERVATION_PROPOSAL_MATCHED_CURRENT"",""OBSERVATION_STATE_ORDERLY_UPTREND"",""OBJECTIVE_ACCEPTED_RANGE_GEOMETRY_PRESENT"",""OBJECTIVE_TREND_PROTECTION_GEOMETRY_PRESENT""],""structural_failure_confirmed"":false,""symbol"":""ABB"",""trading_day"":""2026-08-03"",""trend_direction"":""DOWN"",""trend_protection_level"":7552.5,""trend_protection_source"":""CONFIRMED_PULLBACK_EXTREME"",""trend_protection_time"":""2026-08-03T12:33:00+05:30""}","{""continuation_failure_seen"":false,""continuation_failure_time"":null,""current_state"":""REVERSAL_LEG"",""direction"":""DOWN"",""episode_id"":""DIR:ABB:2026-08-03:005:DOWN:124500"",""extreme_price"":7545.0,""extreme_time"":""2026-08-03T12:45:00+05:30"",""first_adverse_bar_close"":null,""first_adverse_bar_level"":null,""first_adverse_bar_time"":null,""origin_event_id"":""DIR:ABB:2026-08-03:004:UP:120000:DIRECTIONAL_REVERSAL_CONFIRMED:124500"",""origin_price"":7549.0,""origin_source"":""REVERSAL_EVENT_HANDOFF"",""parent_episode_id"":""DIR:ABB:2026-08-03:004:UP:120000"",""previous_state"":""REVERSAL_WATCH"",""protection_level"":null,""protection_source"":"""",""reason_codes"":[""DIRECTIONAL_REVERSAL_EVENT_EMITTED"",""REVERSAL_LEG_HANDOFF_STARTED"",""HANDOFF_FROM_UP_TO_DOWN""],""rejection_seen"":false,""reversal_confirmation_breach_closes"":0,""reversal_confirmation_level"":7565.0,""reversal_confirmation_level_time"":""2026-08-03T12:42:00+05:30"",""reversal_confirmation_source"":""EPISODE_PRICE_ACTION_FIRST_ADVERSE_BAR:BAR_LOW"",""reversal_leg_failure_closes"":0,""reversal_leg_progress_atr"":0.0,""reversal_leg_progress_bars"":0,""started_at"":""2026-08-03T12:45:00+05:30"",""state_age_bars"":1,""state_started_at"":""2026-08-03T12:45:00+05:30""}","{""attempt_limit_reached"":false,""candidate_bar_expansion_count"":1,""candidate_high"":7580.0,""candidate_last_valid_at"":""2026-08-03T12:45:00+05:30"",""candidate_low"":7539.0,""candidate_merge_count"":0,""containment_bars"":7,""containment_ratio"":0.875,""current_state"":""LOCKED"",""down_escape_attempt_count"":0,""episode_id"":""BAL:ABB:2026-08-03:004:NEUTRAL:122400"",""escape_attempt_count"":0,""escape_direction"":""UNKNOWN"",""failed_escape_count"":0,""forming_bars_observed"":8,""forming_invalid_bars"":0,""frozen_high"":7580.0,""frozen_low"":7539.0,""last_escape_direction"":""UNKNOWN"",""last_escape_failed_at"":null,""last_escape_started_at"":null,""marginal_excursion_bars"":1,""meaningful_escape_bars"":0,""outside_close_count"":0,""previous_state"":""PROBABLE"",""range_id"":""DYNAMIC:2026-08-03T12:03:00+05:30:2026-08-03T12:18:00+05:30"",""rearm_bars_elapsed"":0,""rearm_inside_close_count"":0,""rearm_required"":false,""reason_codes"":[""BALANCE_SOURCE_RANGE_RETAINED"",""BALANCE_BAR_CONTAINED_IN_CANDIDATE"",""BALANCE_CONTAINMENT_PROGRESS"",""BALANCE_LOCK_CONFIRMED""],""reentry_close_count"":0,""source_range_ids"":[""DYNAMIC:2026-08-03T12:03:00+05:30:2026-08-03T12:18:00+05:30""],""started_at"":""2026-08-03T12:24:00+05:30"",""state_age_bars"":1,""state_started_at"":""2026-08-03T12:45:00+05:30"",""up_escape_attempt_count"":0}","{""balance_attempt_limit_reached"":false,""balance_candidate_bar_expansion_count"":1,""balance_candidate_merge_count"":0,""balance_containment_ratio"":0.875,""balance_down_escape_attempt_count"":0,""balance_escape_attempt_count"":0,""balance_failed_escape_count"":0,""balance_forming_bars_observed"":8,""balance_forming_invalid_bars"":0,""balance_last_escape_direction"":""UNKNOWN"",""balance_last_escape_failed_at"":null,""balance_last_escape_started_at"":null,""balance_marginal_excursion_bars"":1,""balance_meaningful_escape_bars"":0,""balance_rearm_bars_elapsed"":0,""balance_rearm_inside_close_count"":0,""balance_rearm_required"":false,""balance_up_escape_attempt_count"":0,""directional_origin_event_id"":""DIR:ABB:2026-08-03:004:UP:120000:DIRECTIONAL_REVERSAL_CONFIRMED:124500"",""directional_origin_source"":""REVERSAL_EVENT_HANDOFF"",""directional_parent_episode_id"":""DIR:ABB:2026-08-03:004:UP:120000"",""directional_reversal_watch_age_bars"":0,""directional_start_candidate_bars"":0,""directional_start_candidate_side"":""UNKNOWN"",""observation_accepted_range_id"":""DYNAMIC:2026-08-03T12:03:00+05:30:2026-08-03T12:18:00+05:30"",""observation_current_leg_mature"":false,""observation_directional_bias"":""UP"",""observation_exhaustion_active"":true,""observation_state"":""ORDERLY_UPTREND""}","{""balance"":{""attempt_limit_reached"":false,""candidate_bar_expansion_count"":1,""candidate_high"":7580.0,""candidate_last_valid_at"":""2026-08-03T12:45:00+05:30"",""candidate_low"":7539.0,""candidate_merge_count"":0,""containment_bars"":7,""down_escape_attempt_count"":0,""emitted_event_ids"":[""BAL:ABB:2026-08-03:001:NEUTRAL:100600:BALANCE_COMPLETED:105400"",""BAL:ABB:2026-08-03:001:NEUTRAL:100600:BALANCE_ESCAPE_ACCEPTED:105100"",""BAL:ABB:2026-08-03:001:NEUTRAL:100600:BALANCE_ESCAPE_STARTED:104800"",""BAL:ABB:2026-08-03:001:NEUTRAL:100600:BALANCE_FORMING_STARTED:100600"",""BAL:ABB:2026-08-03:001:NEUTRAL:100600:BALANCE_LOCKED:102700"",""BAL:ABB:2026-08-03:001:NEUTRAL:100600:BALANCE_PROBABLE:101800"",""BAL:ABB:2026-08-03:002:NEUTRAL:112100:BALANCE_COMPLETED:113000"",""BAL:ABB:2026-08-03:002:NEUTRAL:112100:BALANCE_FORMING_STARTED:112100"",""BAL:ABB:2026-08-03:003:NEUTRAL:114800:BALANCE_COMPLETED:115400"",""BAL:ABB:2026-08-03:003:NEUTRAL:114800:BALANCE_FORMING_STARTED:114800"",""BAL:ABB:2026-08-03:004:NEUTRAL:122400:BALANCE_FORMING_STARTED:122400"",""BAL:ABB:2026-08-03:004:NEUTRAL:122400:BALANCE_LOCKED:124500"",""BAL:ABB:2026-08-03:004:NEUTRAL:122400:BALANCE_PROBABLE:123600""],""episode_id"":""BAL:ABB:2026-08-03:004:NEUTRAL:122400"",""escape_attempt_count"":0,""escape_direction"":""UNKNOWN"",""failed_escape_count"":0,""forming_bars_observed"":8,""forming_invalid_bars"":0,""frozen_high"":7580.0,""frozen_low"":7539.0,""last_escape_direction"":""UNKNOWN"",""last_escape_failed_at"":null,""last_escape_started_at"":null,""last_reason_codes"":[""BALANCE_SOURCE_RANGE_RETAINED"",""BALANCE_BAR_CONTAINED_IN_CANDIDATE"",""BALANCE_CONTAINMENT_PROGRESS"",""BALANCE_LOCK_CONFIRMED""],""marginal_excursion_bars"":1,""meaningful_escape_bars"":0,""outside_close_count"":0,""range_id"":""DYNAMIC:2026-08-03T12:03:00+05:30:2026-08-03T12:18:00+05:30"",""rearm_bars_elapsed"":0,""rearm_inside_close_count"":0,""rearm_required"":false,""reentry_close_count"":0,""sequence"":4,""source_range_ids"":[""DYNAMIC:2026-08-03T12:03:00+05:30:2026-08-03T12:18:00+05:30""],""started_at"":""2026-08-03T12:24:00+05:30"",""state"":""LOCKED"",""state_age_bars"":1,""state_started_at"":""2026-08-03T12:45:00+05:30"",""up_escape_attempt_count"":0},""directional"":{""continuation_failure_progress_bars"":0,""continuation_failure_seen"":false,""continuation_failure_seen_at"":null,""direction"":""DOWN"",""emitted_event_ids"":[""DIR:ABB:2026-08-03:001:DOWN:101500:DIRECTIONAL_COMPLETED:105100"",""DIR:ABB:2026-08-03:001:DOWN:101500:DIRECTIONAL_STARTED:101500"",""DIR:ABB:2026-08-03:002:UP:110000:DIRECTIONAL_COMPLETED:113900"",""DIR:ABB:2026-08-03:002:UP:110000:DIRECTIONAL_MATURED:110300"",""DIR:ABB:2026-08-03:002:UP:110000:DIRECTIONAL_REVERSAL_CONFIRMED:113900"",""DIR:ABB:2026-08-03:002:UP:110000:DIRECTIONAL_STARTED:110000"",""DIR:ABB:2026-08-03:002:UP:110000:REVERSAL_WATCH_STARTED:110600"",""DIR:ABB:2026-08-03:003:DOWN:113900:DIRECTIONAL_COMPLETED:115400"",""DIR:ABB:2026-08-03:003:DOWN:113900:DIRECTIONAL_REVERSAL_LEG_FAILED:115400"",""DIR:ABB:2026-08-03:003:DOWN:113900:DIRECTIONAL_REVERSAL_LEG_STARTED:113900"",""DIR:ABB:2026-08-03:004:UP:120000:DIRECTIONAL_COMPLETED:124500"",""DIR:ABB:2026-08-03:004:UP:120000:DIRECTIONAL_CONTINUATION_CONFIRMED:123300"",""DIR:ABB:2026-08-03:004:UP:120000:DIRECTIONAL_MATURED:120300"",""DIR:ABB:2026-08-03:004:UP:120000:DIRECTIONAL_MATURED:123900"",""DIR:ABB:2026-08-03:004:UP:120000:DIRECTIONAL_REVERSAL_CONFIRMED:124500"",""DIR:ABB:2026-08-03:004:UP:120000:DIRECTIONAL_STARTED:120000"",""DIR:ABB:2026-08-03:004:UP:120000:DIRECTIONAL_TREND_RESTORED:122100"",""DIR:ABB:2026-08-03:004:UP:120000:REVERSAL_WATCH_STARTED:120600"",""DIR:ABB:2026-08-03:004:UP:120000:REVERSAL_WATCH_STARTED:124200"",""DIR:ABB:2026-08-03:005:DOWN:124500:DIRECTIONAL_REVERSAL_LEG_STARTED:124500""],""episode_id"":""DIR:ABB:2026-08-03:005:DOWN:124500"",""extreme_price"":7545.0,""extreme_time"":""2026-08-03T12:45:00+05:30"",""first_adverse_bar_close"":null,""first_adverse_bar_level"":null,""first_adverse_bar_time"":null,""inactive_bars"":0,""last_close"":7549.0,""last_observation_state"":""ORDERLY_UPTREND"",""last_observation_state_time"":""2026-08-03T12:45:00+05:30"",""last_reason_codes"":[""DIRECTIONAL_REVERSAL_EVENT_EMITTED"",""REVERSAL_LEG_HANDOFF_STARTED"",""HANDOFF_FROM_UP_TO_DOWN""],""opposite_control_bars"":0,""origin_event_id"":""DIR:ABB:2026-08-03:004:UP:120000:DIRECTIONAL_REVERSAL_CONFIRMED:124500"",""origin_price"":7549.0,""origin_source"":""REVERSAL_EVENT_HANDOFF"",""parent_episode_id"":""DIR:ABB:2026-08-03:004:UP:120000"",""protection_level"":null,""protection_source"":"""",""protection_time"":null,""rejection_seen"":false,""rejection_seen_at"":null,""reversal_confirmation_breach_closes"":0,""reversal_confirmation_level"":7565.0,""reversal_confirmation_level_time"":""2026-08-03T12:42:00+05:30"",""reversal_confirmation_source"":""EPISODE_PRICE_ACTION_FIRST_ADVERSE_BAR:BAR_LOW"",""reversal_leg_failure_closes"":0,""reversal_leg_progress_atr"":0.0,""reversal_leg_progress_bars"":0,""reversal_watch_age_bars"":0,""sequence"":5,""start_candidate_bars"":0,""start_candidate_side"":""UNKNOWN"",""started_at"":""2026-08-03T12:45:00+05:30"",""state"":""REVERSAL_LEG"",""state_age_bars"":1,""state_started_at"":""2026-08-03T12:45:00+05:30"",""trend_restore_bars"":0},""evidence_history"":[{""atr"":25.025295099013157,""bar"":{""body_fraction"":0.6730769230769231,""close"":7567.0,""close_position"":0.9615384615384616,""direction"":""UP"",""high"":7568.0,""low"":7542.0,""lower_wick_fraction"":0.28846153846153844,""move_atr"":0.6992924531263606,""move_points"":17.5,""open"":7549.5,""snapshot_time"":""2026-08-03T12:12:00+05:30"",""upper_wick_fraction"":0.038461538461538464,""volume"":6160.0},""close"":7567.0,""trend"":{""ema_ref"":7383.285101453583,""ema_slow"":7406.730122896156,""hma_order"":""BUY"",""hma_spread_atr"":8.052580569974428}},{""atr"":24.559202591940792,""bar"":{""body_fraction"":0.7567567567567568,""close"":7553.0,""close_position"":0.16216216216216217,""direction"":""DOWN"",""high"":7568.5,""low"":7550.0,""lower_wick_fraction"":0.16216216216216217,""move_atr"":-0.5700510815686728,""move_points"":-14.0,""open"":7567.0,""snapshot_time"":""2026-08-03T12:15:00+05:30"",""upper_wick_fraction"":0.08108108108108109,""volume"":4035.0},""close"":7553.0,""trend"":{""ema_ref"":7384.973806911756,""ema_slow"":7409.626556106133,""hma_order"":""BUY"",""hma_spread_atr"":8.129802258749653}},{""atr"":25.01925954965931,""bar"":{""body_fraction"":0.7096774193548387,""close"":7568.0,""close_position"":0.7741935483870968,""direction"":""UP"",""high"":7575.0,""low"":7544.0,""lower_wick_fraction"":0.06451612903225806,""move_atr"":0.8793225857197511,""move_points"":22.0,""open"":7546.0,""snapshot_time"":""2026-08-03T12:18:00+05:30"",""upper_wick_fraction"":0.2258064516129032,""volume"":8610.0},""close"":7568.0,""trend"":{""ema_ref"":7386.794963061888,""ema_slow"":7412.762663906011,""hma_order"":""BUY"",""hma_spread_atr"":7.783379908304845}},{""atr"":26.803598153255074,""bar"":{""body_fraction"":0.55,""close"":7595.5,""close_position"":0.63,""direction"":""UP"",""high"":7614.0,""low"":7564.0,""lower_wick_fraction"":0.08,""move_atr"":1.025981655252519,""move_points"":27.5,""open"":7568.0,""snapshot_time"":""2026-08-03T12:21:00+05:30"",""upper_wick_fraction"":0.37,""volume"":24083.0},""close"":7595.5,""trend"":{""ema_ref"":7388.871630096098,""ema_slow"":7416.381225016783,""hma_order"":""BUY"",""hma_spread_atr"":7.24055244260279}},{""atr"":26.63905542802257,""bar"":{""body_fraction"":0.6097560975609756,""close"":7573.0,""close_position"":0.0975609756097561,""direction"":""DOWN"",""high"":7591.5,""low"":7571.0,""lower_wick_fraction"":0.0975609756097561,""move_atr"":-0.4692358568709161,""move_points"":-12.5,""open"":7585.5,""snapshot_time"":""2026-08-03T12:24:00+05:30"",""upper_wick_fraction"":0.2926829268292683,""volume"":7490.0},""close"":7573.0,""trend"":{""ema_ref"":7390.70375317972,""ema_slow"":7419.482586897639,""hma_order"":""BUY"",""hma_spread_atr"":7.215407133067264}},{""atr"":26.09340861173525,""bar"":{""body_fraction"":0.6756756756756757,""close"":7560.0,""close_position"":0.32432432432432434,""direction"":""DOWN"",""high"":7572.5,""low"":7554.0,""lower_wick_fraction"":0.32432432432432434,""move_atr"":-0.4790481836235934,""move_points"":-12.5,""open"":7572.5,""snapshot_time"":""2026-08-03T12:27:00+05:30"",""upper_wick_fraction"":0.0,""volume"":4842.0},""close"":7560.0,""trend"":{""ema_ref"":7392.388292949076,""ema_slow"":7422.265109929368,""hma_order"":""BUY"",""hma_spread_atr"":7.134054864885309}},{""atr"":25.69387942518273,""bar"":{""body_fraction"":0.1951219512195122,""close"":7564.0,""close_position"":0.5609756097560976,""direction"":""UP"",""high"":7573.0,""low"":7552.5,""lower_wick_fraction"":0.36585365853658536,""move_atr"":0.15567909904954155,""move_points"":4.0,""open"":7560.0,""snapshot_time"":""2026-08-03T12:30:00+05:30"",""upper_wick_fraction"":0.4390243902439024,""volume"":5286.0},""close"":7564.0,""trend"":{""ema_ref"":7394.095872123712,""ema_slow"":7425.071741415915,""hma_order"":""BUY"",""hma_spread_atr"":6.901663969872465}},{""atr"":25.251459466241105,""bar"":{""body_fraction"":0.5128205128205128,""close"":7574.0,""close_position"":0.6923076923076923,""direction"":""UP"",""high"":7580.0,""low"":7560.5,""lower_wick_fraction"":0.1794871794871795,""move_atr"":0.3960167139396076,""move_points"":10.0,""open"":7564.0,""snapshot_time"":""2026-08-03T12:33:00+05:30"",""upper_wick_fraction"":0.3076923076923077,""volume"":4579.0},""close"":7574.0,""trend"":{""ema_ref"":7395.885962948352,""ema_slow"":7428.020815843322,""hma_order"":""BUY"",""hma_spread_atr"":6.730861675681214}},{""atr"":24.376355218652453,""bar"":{""body_fraction"":0.8461538461538461,""close"":7563.0,""close_position"":0.0,""direction"":""DOWN"",""high"":7576.0,""low"":7563.0,""lower_wick_fraction"":0.0,""move_atr"":-0.4512569619753059,""move_points"":-11.0,""open"":7574.0,""snapshot_time"":""2026-08-03T12:36:00+05:30"",""upper_wick_fraction"":0.15384615384615383,""volume"":4588.0},""close"":7563.0,""trend"":{""ema_ref"":7397.548789187673,""ema_slow"":7430.693670975137,""hma_order"":""SELL"",""hma_spread_atr"":6.821083487693762}},{""atr"":24.17090127446299,""bar"":{""body_fraction"":0.5116279069767442,""close"":7574.0,""close_position"":0.9767441860465116,""direction"":""UP"",""high"":7574.5,""low"":7553.0,""lower_wick_fraction"":0.46511627906976744,""move_atr"":0.4550926701116315,""move_points"":11.0,""open"":7563.0,""snapshot_time"":""2026-08-03T12:39:00+05:30"",""upper_wick_fraction"":0.023255813953488372,""volume"":6206.0},""close"":7574.0,""trend"":{""ema_ref"":7399.304522628592,""ema_slow"":7433.531420064738,""hma_order"":""SELL"",""hma_spread_atr"":6.949155369897782}},{""atr"":23.30155118342992,""bar"":{""body_fraction"":0.5,""close"":7568.0,""close_position"":0.25,""direction"":""DOWN"",""high"":7577.0,""low"":7565.0,""lower_wick_fraction"":0.25,""move_atr"":-0.2574935871336621,""move_points"":-6.0,""open"":7574.0,""snapshot_time"":""2026-08-03T12:42:00+05:30"",""upper_wick_fraction"":0.25,""volume"":2671.0},""close"":7568.0,""trend"":{""ema_ref"":7400.983084592487,""ema_slow"":7436.194164221872,""hma_order"":""SELL"",""hma_spread_atr"":7.253149483753991}},{""atr"":23.280011813184927,""bar"":{""body_fraction"":0.8260869565217391,""close"":7549.0,""close_position"":0.17391304347826086,""direction"":""DOWN"",""high"":7568.0,""low"":7545.0,""lower_wick_fraction"":0.17391304347826086,""move_atr"":-0.8161507886022253,""move_points"":-19.0,""open"":7568.0,""snapshot_time"":""2026-08-03T12:45:00+05:30"",""upper_wick_fraction"":0.0,""volume"":4025.0},""close"":7549.0,""trend"":{""ema_ref"":7402.45588972092,""ema_slow"":7438.427943148171,""hma_order"":""SELL"",""hma_spread_atr"":7.263971475968091}}],""last_observation_hash"":""739392a304e3deb8e2d2fb55027f9fb4cda5e6d0894d96c9f694b1a5008c53d2"",""last_snapshot_time"":""2026-08-03T12:45:00+05:30"",""observation"":{""compression_box_high"":null,""compression_box_low"":null,""compression_candidate_bars"":0,""current_state"":""ORDERLY_UPTREND"",""established_side"":""UP"",""exhaustion_active"":true,""exhaustion_age_bars"":7,""exhaustion_clear_bars"":0,""exhaustion_last_seen_at"":""2026-08-03T12:39:00+05:30"",""exhaustion_side"":""UP"",""exhaustion_started_at"":""2026-08-03T12:27:00+05:30"",""failure_breach_bars"":1,""last_close"":7549.0,""last_reason_codes"":[""ESTABLISHED_DIRECTIONAL_CONTEXT_RETAINED"",""OBSERVATION_PROPOSAL_MATCHED_CURRENT"",""OBSERVATION_STATE_ORDERLY_UPTREND""],""last_snapshot_time"":""2026-08-03T12:45:00+05:30"",""leg_age_bars"":5,""leg_anchor_price"":7552.5,""leg_anchor_time"":""2026-08-03T12:33:00+05:30"",""leg_extreme_price"":7580.0,""leg_maturity_consumed"":false,""leg_maturity_extreme_price"":null,""leg_maturity_onset_time"":null,""leg_no_progress_bars"":4,""observation_count"":71,""pending_bars"":0,""pending_state"":null,""protection_level"":7552.5,""protection_source"":""CONFIRMED_PULLBACK_EXTREME"",""protection_time"":""2026-08-03T12:33:00+05:30"",""pullback_age_bars"":0,""pullback_candidate_bars"":0,""pullback_extreme_price"":null,""reacceleration_age_bars"":2,""recompression_age_bars"":0,""reversal_confirmation_bars"":0,""reversal_side"":""UP"",""state_age_bars"":3,""trading_day"":""2026-08-03"",""trend_anchor_price"":7355.0,""trend_candidate_bars"":5,""trend_candidate_side"":""UP"",""trend_extreme_price"":7614.0,""trend_failure_age_bars"":0,""trend_onset_time"":""2026-08-03T10:48:00+05:30""},""symbol"":""ABB"",""trading_day"":""2026-08-03""}"
restoration-v3-current-day,development,restoration-trend-control-v3,backtest-default,OK,,,,ABB,2026-08-03,2026-08-03T12:48:00+05:30,2026-08-03T12:45:00+05:30,SNAPSHOT_AUCTION_AUTHORITY_V3A,3m,True,True,7534.0,2026-08-03T12:48:00,7547.5,7547.5,7521.5,7534.0,8619.0,23.58143954081458,EXPANDING_RANGE,SELL,candidate_boundaries_or_midpoint_still_drifting,RANGE_ACCEPTED,DYNAMIC:2026-08-03T12:03:00+05:30:2026-08-03T12:18:00+05:30,7539.0,7575.0,10,ok,DOWN_ACCELERATING,-0.7209059468391031,-0.307445183210794,OK,INCREMENTAL_PREVIOUS_SNAPSHOT,AUTOTRADES_AUCTION_ENGINE,1.1.0,,,TREND_FAILURE,UP,DOWN,False,True,True,UP,True,False,True,7552.5,CONFIRMED_PULLBACK_EXTREME,2026-08-03T12:33:00+05:30,DYNAMIC:2026-08-03T12:03:00+05:30:2026-08-03T12:18:00+05:30,7539.0,7575.0,False,-0.1388888888888889,0.34210526315789475,PRICE_ACTION,0.6069955406911929,FROZEN_TREND_PROTECTION_BREACH_CONFIRMED|OBSERVATION_TRANSITION_CONFIRMED|OBSERVATION_STATE_TREND_FAILURE|OBJECTIVE_REJECTION_OBSERVED|OBJECTIVE_STRUCTURAL_FAILURE_OBSERVED|OBJECTIVE_ACCEPTED_RANGE_GEOMETRY_PRESENT|OBJECTIVE_TREND_PROTECTION_GEOMETRY_PRESENT,DIR:ABB:2026-08-03:005:DOWN:124500,REVERSAL_LEG,REVERSAL_LEG,DOWN,REVERSAL_EVENT_HANDOFF,DIR:ABB:2026-08-03:004:UP:120000,DIR:ABB:2026-08-03:004:UP:120000:DIRECTIONAL_REVERSAL_CONFIRMED:124500,2026-08-03T12:45:00+05:30,2026-08-03T12:45:00+05:30,2,7549.0,7521.5,2026-08-03T12:48:00+05:30,,,7565.0,EPISODE_PRICE_ACTION_FIRST_ADVERSE_BAR:BAR_LOW,2026-08-03T12:42:00+05:30,1,0.636093482505091,0,False,REVERSAL_LEG_DIRECTIONAL_PROGRESS,5,UNKNOWN,0,0,0,0,0,TREND_FAILURE,2026-08-03T12:48:00+05:30,REVERSAL_LEG_DIRECTIONAL_PROGRESS,BAL:ABB:2026-08-03:004:NEUTRAL:122400,LOCKED,ESCAPE_WATCH,1,DYNAMIC:2026-08-03T12:03:00+05:30:2026-08-03T12:18:00+05:30,7539.0,7580.0,7539.0,7580.0,DOWN,1,0,1,0,False,False,BALANCE_ESCAPE_WATCH_STARTED|BALANCE_ESCAPE_ATTEMPT_RECORDED,1,BAL:ABB:2026-08-03:004:NEUTRAL:122400:BALANCE_ESCAPE_STARTED:124800,BALANCE_ESCAPE_STARTED,DOWN,BAL:ABB:2026-08-03:004:NEUTRAL:122400,"BALANCE_ESCAPE_STARTED:MEANINGFUL_CLOSE_OUTSIDE_FROZEN_BALANCE,BALANCE_ESCAPE_ATTEMPT_RECORDED",6,ACCEPTED_BREAKOUT|BREAKOUT_INITIATION|CONTINUATION|FAILED_BREAKOUT|REACCELERATION|REVERSAL,WAIT|PERMIT|BLOCK|WAIT|BLOCK|BLOCK,|BAL:ABB:2026-08-03:004:NEUTRAL:122400:BALANCE_ESCAPE_STARTED:124800||||,ACCEPTED_BREAKOUT:BALANCE_ESCAPE_WATCH_ACCEPTED_BREAKOUT_WAIT|BREAKOUT_INITIATION:EVENT_BALANCE_ESCAPE_STARTED_PERMIT|CONTINUATION:BALANCE_ESCAPE_WATCH_CONTINUATION_BLOCK|FAILED_BREAKOUT:BALANCE_ESCAPE_WATCH_FAILED_BREAKOUT_WAIT|REACCELERATION:BALANCE_ESCAPE_WATCH_REACCELERATION_BLOCK|REVERSAL:BALANCE_ESCAPE_WATCH_REVERSAL_BLOCK,MATCH,MATCH,MATCH,MATCH,False,0,False,False,False,True,,COHERENT,"[""event_id='BAL:ABB:2026-08-03:004:NEUTRAL:122400:BALANCE_ESCAPE_STARTED:124800' event_type=<AuctionEventType.BALANCE_ESCAPE_STARTED: 'BALANCE_ESCAPE_STARTED'> episode_id='BAL:ABB:2026-08-03:004:NEUTRAL:122400' symbol='ABB' trading_day=datetime.date(2026, 8, 3) event_time=datetime.datetime(2026, 8, 3, 12, 48, tzinfo=TzInfo(19800)) direction=<DirectionalBias.DOWN: 'DOWN'> reason_codes=('MEANINGFUL_CLOSE_OUTSIDE_FROZEN_BALANCE', 'BALANCE_ESCAPE_ATTEMPT_RECORDED') data={'range_id': 'DYNAMIC:2026-08-03T12:03:00+05:30:2026-08-03T12:18:00+05:30', 'frozen_low': 7539.0, 'frozen_high': 7580.0, 'candidate_low': 7539.0, 'candidate_high': 7580.0, 'rearm_required': False, 'containment_bars': 7, 'source_range_ids': ['DYNAMIC:2026-08-03T12:03:00+05:30:2026-08-03T12:18:00+05:30'], 'containment_ratio': 0.875, 'rearm_bars_elapsed': 0, 'failed_escape_count': 0, 'escape_attempt_count': 1, 'attempt_limit_reached': False, 'candidate_merge_count': 0, 'forming_bars_observed': 8, 'last_escape_direction': 'DOWN', 'last_escape_failed_at': None, 'last_escape_started_at': '2026-08-03T12:48:00+05:30', 'meaningful_escape_bars': 0, 'candidate_last_valid_at': '2026-08-03T12:45:00+05:30', 'marginal_excursion_bars': 1, 'up_escape_attempt_count': 0, 'rearm_inside_close_count': 0, 'down_escape_attempt_count': 1, 'candidate_bar_expansion_count': 1}""]","[""setup_family=<SetupFamily.ACCEPTED_BREAKOUT: 'ACCEPTED_BREAKOUT'> result=<StructuralPermissionResult.WAIT: 'WAIT'> source_event_ids=() source_event_types=() balance_state=<BalanceEpisodeState.ESCAPE_WATCH: 'ESCAPE_WATCH'> reason_codes=('BALANCE_ESCAPE_WATCH_ACCEPTED_BREAKOUT_WAIT',)"",""setup_family=<SetupFamily.BREAKOUT_INITIATION: 'BREAKOUT_INITIATION'> result=<StructuralPermissionResult.PERMIT: 'PERMIT'> source_event_ids=('BAL:ABB:2026-08-03:004:NEUTRAL:122400:BALANCE_ESCAPE_STARTED:124800',) source_event_types=(<AuctionEventType.BALANCE_ESCAPE_STARTED: 'BALANCE_ESCAPE_STARTED'>,) balance_state=<BalanceEpisodeState.ESCAPE_WATCH: 'ESCAPE_WATCH'> reason_codes=('EVENT_BALANCE_ESCAPE_STARTED_PERMIT',)"",""setup_family=<SetupFamily.CONTINUATION: 'CONTINUATION'> result=<StructuralPermissionResult.BLOCK: 'BLOCK'> source_event_ids=() source_event_types=() balance_state=<BalanceEpisodeState.ESCAPE_WATCH: 'ESCAPE_WATCH'> reason_codes=('BALANCE_ESCAPE_WATCH_CONTINUATION_BLOCK',)"",""setup_family=<SetupFamily.FAILED_BREAKOUT: 'FAILED_BREAKOUT'> result=<StructuralPermissionResult.WAIT: 'WAIT'> source_event_ids=() source_event_types=() balance_state=<BalanceEpisodeState.ESCAPE_WATCH: 'ESCAPE_WATCH'> reason_codes=('BALANCE_ESCAPE_WATCH_FAILED_BREAKOUT_WAIT',)"",""setup_family=<SetupFamily.REACCELERATION: 'REACCELERATION'> result=<StructuralPermissionResult.BLOCK: 'BLOCK'> source_event_ids=() source_event_types=() balance_state=<BalanceEpisodeState.ESCAPE_WATCH: 'ESCAPE_WATCH'> reason_codes=('BALANCE_ESCAPE_WATCH_REACCELERATION_BLOCK',)"",""setup_family=<SetupFamily.REVERSAL: 'REVERSAL'> result=<StructuralPermissionResult.BLOCK: 'BLOCK'> source_event_ids=() source_event_types=() balance_state=<BalanceEpisodeState.ESCAPE_WATCH: 'ESCAPE_WATCH'> reason_codes=('BALANCE_ESCAPE_WATCH_REVERSAL_BLOCK',)""]","{""accepted_range_breakout_eligible"":true,""accepted_range_established_at"":""2026-08-03T12:18:00+05:30"",""accepted_range_high"":7575.0,""accepted_range_id"":""DYNAMIC:2026-08-03T12:03:00+05:30:2026-08-03T12:18:00+05:30"",""accepted_range_inside"":false,""accepted_range_low"":7539.0,""accepted_range_outside_atr"":0.21203116083503035,""accepted_range_position"":-0.1388888888888889,""accepted_range_provisional"":false,""atr"":23.58143954081458,""close"":7534.0,""current_leg_mature"":false,""directional_bias"":""UP"",""directional_efficiency"":0.34210526315789475,""directional_efficiency_source"":""PRICE_ACTION"",""exhausted_side"":""UP"",""exhaustion_active"":true,""extension_mature"":true,""failed_extreme_observed"":false,""high"":7547.5,""low"":7521.5,""observation_state"":""TREND_FAILURE"",""overlap_ratio"":0.6069955406911929,""range_width_atr"":1.5266243580122183,""rejection_observed"":true,""snapshot_time"":""2026-08-03T12:48:00+05:30"",""source_reason_codes"":[""FROZEN_TREND_PROTECTION_BREACH_CONFIRMED"",""OBSERVATION_TRANSITION_CONFIRMED"",""OBSERVATION_STATE_TREND_FAILURE"",""OBJECTIVE_REJECTION_OBSERVED"",""OBJECTIVE_STRUCTURAL_FAILURE_OBSERVED"",""OBJECTIVE_ACCEPTED_RANGE_GEOMETRY_PRESENT"",""OBJECTIVE_TREND_PROTECTION_GEOMETRY_PRESENT""],""structural_failure_confirmed"":true,""symbol"":""ABB"",""trading_day"":""2026-08-03"",""trend_direction"":""DOWN"",""trend_protection_level"":7552.5,""trend_protection_source"":""CONFIRMED_PULLBACK_EXTREME"",""trend_protection_time"":""2026-08-03T12:33:00+05:30""}","{""continuation_failure_seen"":false,""continuation_failure_time"":null,""current_state"":""REVERSAL_LEG"",""direction"":""DOWN"",""episode_id"":""DIR:ABB:2026-08-03:005:DOWN:124500"",""extreme_price"":7521.5,""extreme_time"":""2026-08-03T12:48:00+05:30"",""first_adverse_bar_close"":null,""first_adverse_bar_level"":null,""first_adverse_bar_time"":null,""origin_event_id"":""DIR:ABB:2026-08-03:004:UP:120000:DIRECTIONAL_REVERSAL_CONFIRMED:124500"",""origin_price"":7549.0,""origin_source"":""REVERSAL_EVENT_HANDOFF"",""parent_episode_id"":""DIR:ABB:2026-08-03:004:UP:120000"",""previous_state"":""REVERSAL_LEG"",""protection_level"":null,""protection_source"":"""",""reason_codes"":[""REVERSAL_LEG_DIRECTIONAL_PROGRESS""],""rejection_seen"":false,""reversal_confirmation_breach_closes"":0,""reversal_confirmation_level"":7565.0,""reversal_confirmation_level_time"":""2026-08-03T12:42:00+05:30"",""reversal_confirmation_source"":""EPISODE_PRICE_ACTION_FIRST_ADVERSE_BAR:BAR_LOW"",""reversal_leg_failure_closes"":0,""reversal_leg_progress_atr"":0.636093482505091,""reversal_leg_progress_bars"":1,""started_at"":""2026-08-03T12:45:00+05:30"",""state_age_bars"":2,""state_started_at"":""2026-08-03T12:45:00+05:30""}","{""attempt_limit_reached"":false,""candidate_bar_expansion_count"":1,""candidate_high"":7580.0,""candidate_last_valid_at"":""2026-08-03T12:45:00+05:30"",""candidate_low"":7539.0,""candidate_merge_count"":0,""containment_bars"":7,""containment_ratio"":0.875,""current_state"":""ESCAPE_WATCH"",""down_escape_attempt_count"":1,""episode_id"":""BAL:ABB:2026-08-03:004:NEUTRAL:122400"",""escape_attempt_count"":1,""escape_direction"":""DOWN"",""failed_escape_count"":0,""forming_bars_observed"":8,""forming_invalid_bars"":0,""frozen_high"":7580.0,""frozen_low"":7539.0,""last_escape_direction"":""DOWN"",""last_escape_failed_at"":null,""last_escape_started_at"":""2026-08-03T12:48:00+05:30"",""marginal_excursion_bars"":1,""meaningful_escape_bars"":0,""outside_close_count"":1,""previous_state"":""LOCKED"",""range_id"":""DYNAMIC:2026-08-03T12:03:00+05:30:2026-08-03T12:18:00+05:30"",""rearm_bars_elapsed"":0,""rearm_inside_close_count"":0,""rearm_required"":false,""reason_codes"":[""BALANCE_ESCAPE_WATCH_STARTED"",""BALANCE_ESCAPE_ATTEMPT_RECORDED""],""reentry_close_count"":0,""source_range_ids"":[""DYNAMIC:2026-08-03T12:03:00+05:30:2026-08-03T12:18:00+05:30""],""started_at"":""2026-08-03T12:24:00+05:30"",""state_age_bars"":1,""state_started_at"":""2026-08-03T12:48:00+05:30"",""up_escape_attempt_count"":0}","{""balance_attempt_limit_reached"":false,""balance_candidate_bar_expansion_count"":1,""balance_candidate_merge_count"":0,""balance_containment_ratio"":0.875,""balance_down_escape_attempt_count"":1,""balance_escape_attempt_count"":1,""balance_failed_escape_count"":0,""balance_forming_bars_observed"":8,""balance_forming_invalid_bars"":0,""balance_last_escape_direction"":""DOWN"",""balance_last_escape_failed_at"":null,""balance_last_escape_started_at"":""2026-08-03T12:48:00+05:30"",""balance_marginal_excursion_bars"":1,""balance_meaningful_escape_bars"":0,""balance_rearm_bars_elapsed"":0,""balance_rearm_inside_close_count"":0,""balance_rearm_required"":false,""balance_up_escape_attempt_count"":0,""directional_origin_event_id"":""DIR:ABB:2026-08-03:004:UP:120000:DIRECTIONAL_REVERSAL_CONFIRMED:124500"",""directional_origin_source"":""REVERSAL_EVENT_HANDOFF"",""directional_parent_episode_id"":""DIR:ABB:2026-08-03:004:UP:120000"",""directional_reversal_watch_age_bars"":0,""directional_start_candidate_bars"":0,""directional_start_candidate_side"":""UNKNOWN"",""observation_accepted_range_id"":""DYNAMIC:2026-08-03T12:03:00+05:30:2026-08-03T12:18:00+05:30"",""observation_current_leg_mature"":false,""observation_directional_bias"":""UP"",""observation_exhaustion_active"":true,""observation_state"":""TREND_FAILURE""}","{""balance"":{""attempt_limit_reached"":false,""candidate_bar_expansion_count"":1,""candidate_high"":7580.0,""candidate_last_valid_at"":""2026-08-03T12:45:00+05:30"",""candidate_low"":7539.0,""candidate_merge_count"":0,""containment_bars"":7,""down_escape_attempt_count"":1,""emitted_event_ids"":[""BAL:ABB:2026-08-03:001:NEUTRAL:100600:BALANCE_COMPLETED:105400"",""BAL:ABB:2026-08-03:001:NEUTRAL:100600:BALANCE_ESCAPE_ACCEPTED:105100"",""BAL:ABB:2026-08-03:001:NEUTRAL:100600:BALANCE_ESCAPE_STARTED:104800"",""BAL:ABB:2026-08-03:001:NEUTRAL:100600:BALANCE_FORMING_STARTED:100600"",""BAL:ABB:2026-08-03:001:NEUTRAL:100600:BALANCE_LOCKED:102700"",""BAL:ABB:2026-08-03:001:NEUTRAL:100600:BALANCE_PROBABLE:101800"",""BAL:ABB:2026-08-03:002:NEUTRAL:112100:BALANCE_COMPLETED:113000"",""BAL:ABB:2026-08-03:002:NEUTRAL:112100:BALANCE_FORMING_STARTED:112100"",""BAL:ABB:2026-08-03:003:NEUTRAL:114800:BALANCE_COMPLETED:115400"",""BAL:ABB:2026-08-03:003:NEUTRAL:114800:BALANCE_FORMING_STARTED:114800"",""BAL:ABB:2026-08-03:004:NEUTRAL:122400:BALANCE_ESCAPE_STARTED:124800"",""BAL:ABB:2026-08-03:004:NEUTRAL:122400:BALANCE_FORMING_STARTED:122400"",""BAL:ABB:2026-08-03:004:NEUTRAL:122400:BALANCE_LOCKED:124500"",""BAL:ABB:2026-08-03:004:NEUTRAL:122400:BALANCE_PROBABLE:123600""],""episode_id"":""BAL:ABB:2026-08-03:004:NEUTRAL:122400"",""escape_attempt_count"":1,""escape_direction"":""DOWN"",""failed_escape_count"":0,""forming_bars_observed"":8,""forming_invalid_bars"":0,""frozen_high"":7580.0,""frozen_low"":7539.0,""last_escape_direction"":""DOWN"",""last_escape_failed_at"":null,""last_escape_started_at"":""2026-08-03T12:48:00+05:30"",""last_reason_codes"":[""BALANCE_ESCAPE_WATCH_STARTED"",""BALANCE_ESCAPE_ATTEMPT_RECORDED""],""marginal_excursion_bars"":1,""meaningful_escape_bars"":0,""outside_close_count"":1,""range_id"":""DYNAMIC:2026-08-03T12:03:00+05:30:2026-08-03T12:18:00+05:30"",""rearm_bars_elapsed"":0,""rearm_inside_close_count"":0,""rearm_required"":false,""reentry_close_count"":0,""sequence"":4,""source_range_ids"":[""DYNAMIC:2026-08-03T12:03:00+05:30:2026-08-03T12:18:00+05:30""],""started_at"":""2026-08-03T12:24:00+05:30"",""state"":""ESCAPE_WATCH"",""state_age_bars"":1,""state_started_at"":""2026-08-03T12:48:00+05:30"",""up_escape_attempt_count"":0},""directional"":{""continuation_failure_progress_bars"":0,""continuation_failure_seen"":false,""continuation_failure_seen_at"":null,""direction"":""DOWN"",""emitted_event_ids"":[""DIR:ABB:2026-08-03:001:DOWN:101500:DIRECTIONAL_COMPLETED:105100"",""DIR:ABB:2026-08-03:001:DOWN:101500:DIRECTIONAL_STARTED:101500"",""DIR:ABB:2026-08-03:002:UP:110000:DIRECTIONAL_COMPLETED:113900"",""DIR:ABB:2026-08-03:002:UP:110000:DIRECTIONAL_MATURED:110300"",""DIR:ABB:2026-08-03:002:UP:110000:DIRECTIONAL_REVERSAL_CONFIRMED:113900"",""DIR:ABB:2026-08-03:002:UP:110000:DIRECTIONAL_STARTED:110000"",""DIR:ABB:2026-08-03:002:UP:110000:REVERSAL_WATCH_STARTED:110600"",""DIR:ABB:2026-08-03:003:DOWN:113900:DIRECTIONAL_COMPLETED:115400"",""DIR:ABB:2026-08-03:003:DOWN:113900:DIRECTIONAL_REVERSAL_LEG_FAILED:115400"",""DIR:ABB:2026-08-03:003:DOWN:113900:DIRECTIONAL_REVERSAL_LEG_STARTED:113900"",""DIR:ABB:2026-08-03:004:UP:120000:DIRECTIONAL_COMPLETED:124500"",""DIR:ABB:2026-08-03:004:UP:120000:DIRECTIONAL_CONTINUATION_CONFIRMED:123300"",""DIR:ABB:2026-08-03:004:UP:120000:DIRECTIONAL_MATURED:120300"",""DIR:ABB:2026-08-03:004:UP:120000:DIRECTIONAL_MATURED:123900"",""DIR:ABB:2026-08-03:004:UP:120000:DIRECTIONAL_REVERSAL_CONFIRMED:124500"",""DIR:ABB:2026-08-03:004:UP:120000:DIRECTIONAL_STARTED:120000"",""DIR:ABB:2026-08-03:004:UP:120000:DIRECTIONAL_TREND_RESTORED:122100"",""DIR:ABB:2026-08-03:004:UP:120000:REVERSAL_WATCH_STARTED:120600"",""DIR:ABB:2026-08-03:004:UP:120000:REVERSAL_WATCH_STARTED:124200"",""DIR:ABB:2026-08-03:005:DOWN:124500:DIRECTIONAL_REVERSAL_LEG_STARTED:124500""],""episode_id"":""DIR:ABB:2026-08-03:005:DOWN:124500"",""extreme_price"":7521.5,""extreme_time"":""2026-08-03T12:48:00+05:30"",""first_adverse_bar_close"":null,""first_adverse_bar_level"":null,""first_adverse_bar_time"":null,""inactive_bars"":0,""last_close"":7534.0,""last_observation_state"":""TREND_FAILURE"",""last_observation_state_time"":""2026-08-03T12:48:00+05:30"",""last_reason_codes"":[""REVERSAL_LEG_DIRECTIONAL_PROGRESS""],""opposite_control_bars"":0,""origin_event_id"":""DIR:ABB:2026-08-03:004:UP:120000:DIRECTIONAL_REVERSAL_CONFIRMED:124500"",""origin_price"":7549.0,""origin_source"":""REVERSAL_EVENT_HANDOFF"",""parent_episode_id"":""DIR:ABB:2026-08-03:004:UP:120000"",""protection_level"":null,""protection_source"":"""",""protection_time"":null,""rejection_seen"":false,""rejection_seen_at"":null,""reversal_confirmation_breach_closes"":0,""reversal_confirmation_level"":7565.0,""reversal_confirmation_level_time"":""2026-08-03T12:42:00+05:30"",""reversal_confirmation_source"":""EPISODE_PRICE_ACTION_FIRST_ADVERSE_BAR:BAR_LOW"",""reversal_leg_failure_closes"":0,""reversal_leg_progress_atr"":0.636093482505091,""reversal_leg_progress_bars"":1,""reversal_watch_age_bars"":0,""sequence"":5,""start_candidate_bars"":0,""start_candidate_side"":""UNKNOWN"",""started_at"":""2026-08-03T12:45:00+05:30"",""state"":""REVERSAL_LEG"",""state_age_bars"":2,""state_started_at"":""2026-08-03T12:45:00+05:30"",""trend_restore_bars"":0},""evidence_history"":[{""atr"":24.559202591940792,""bar"":{""body_fraction"":0.7567567567567568,""close"":7553.0,""close_position"":0.16216216216216217,""direction"":""DOWN"",""high"":7568.5,""low"":7550.0,""lower_wick_fraction"":0.16216216216216217,""move_atr"":-0.5700510815686728,""move_points"":-14.0,""open"":7567.0,""snapshot_time"":""2026-08-03T12:15:00+05:30"",""upper_wick_fraction"":0.08108108108108109,""volume"":4035.0},""close"":7553.0,""trend"":{""ema_ref"":7384.973806911756,""ema_slow"":7409.626556106133,""hma_order"":""BUY"",""hma_spread_atr"":8.129802258749653}},{""atr"":25.01925954965931,""bar"":{""body_fraction"":0.7096774193548387,""close"":7568.0,""close_position"":0.7741935483870968,""direction"":""UP"",""high"":7575.0,""low"":7544.0,""lower_wick_fraction"":0.06451612903225806,""move_atr"":0.8793225857197511,""move_points"":22.0,""open"":7546.0,""snapshot_time"":""2026-08-03T12:18:00+05:30"",""upper_wick_fraction"":0.2258064516129032,""volume"":8610.0},""close"":7568.0,""trend"":{""ema_ref"":7386.794963061888,""ema_slow"":7412.762663906011,""hma_order"":""BUY"",""hma_spread_atr"":7.783379908304845}},{""atr"":26.803598153255074,""bar"":{""body_fraction"":0.55,""close"":7595.5,""close_position"":0.63,""direction"":""UP"",""high"":7614.0,""low"":7564.0,""lower_wick_fraction"":0.08,""move_atr"":1.025981655252519,""move_points"":27.5,""open"":7568.0,""snapshot_time"":""2026-08-03T12:21:00+05:30"",""upper_wick_fraction"":0.37,""volume"":24083.0},""close"":7595.5,""trend"":{""ema_ref"":7388.871630096098,""ema_slow"":7416.381225016783,""hma_order"":""BUY"",""hma_spread_atr"":7.24055244260279}},{""atr"":26.63905542802257,""bar"":{""body_fraction"":0.6097560975609756,""close"":7573.0,""close_position"":0.0975609756097561,""direction"":""DOWN"",""high"":7591.5,""low"":7571.0,""lower_wick_fraction"":0.0975609756097561,""move_atr"":-0.4692358568709161,""move_points"":-12.5,""open"":7585.5,""snapshot_time"":""2026-08-03T12:24:00+05:30"",""upper_wick_fraction"":0.2926829268292683,""volume"":7490.0},""close"":7573.0,""trend"":{""ema_ref"":7390.70375317972,""ema_slow"":7419.482586897639,""hma_order"":""BUY"",""hma_spread_atr"":7.215407133067264}},{""atr"":26.09340861173525,""bar"":{""body_fraction"":0.6756756756756757,""close"":7560.0,""close_position"":0.32432432432432434,""direction"":""DOWN"",""high"":7572.5,""low"":7554.0,""lower_wick_fraction"":0.32432432432432434,""move_atr"":-0.4790481836235934,""move_points"":-12.5,""open"":7572.5,""snapshot_time"":""2026-08-03T12:27:00+05:30"",""upper_wick_fraction"":0.0,""volume"":4842.0},""close"":7560.0,""trend"":{""ema_ref"":7392.388292949076,""ema_slow"":7422.265109929368,""hma_order"":""BUY"",""hma_spread_atr"":7.134054864885309}},{""atr"":25.69387942518273,""bar"":{""body_fraction"":0.1951219512195122,""close"":7564.0,""close_position"":0.5609756097560976,""direction"":""UP"",""high"":7573.0,""low"":7552.5,""lower_wick_fraction"":0.36585365853658536,""move_atr"":0.15567909904954155,""move_points"":4.0,""open"":7560.0,""snapshot_time"":""2026-08-03T12:30:00+05:30"",""upper_wick_fraction"":0.4390243902439024,""volume"":5286.0},""close"":7564.0,""trend"":{""ema_ref"":7394.095872123712,""ema_slow"":7425.071741415915,""hma_order"":""BUY"",""hma_spread_atr"":6.901663969872465}},{""atr"":25.251459466241105,""bar"":{""body_fraction"":0.5128205128205128,""close"":7574.0,""close_position"":0.6923076923076923,""direction"":""UP"",""high"":7580.0,""low"":7560.5,""lower_wick_fraction"":0.1794871794871795,""move_atr"":0.3960167139396076,""move_points"":10.0,""open"":7564.0,""snapshot_time"":""2026-08-03T12:33:00+05:30"",""upper_wick_fraction"":0.3076923076923077,""volume"":4579.0},""close"":7574.0,""trend"":{""ema_ref"":7395.885962948352,""ema_slow"":7428.020815843322,""hma_order"":""BUY"",""hma_spread_atr"":6.730861675681214}},{""atr"":24.376355218652453,""bar"":{""body_fraction"":0.8461538461538461,""close"":7563.0,""close_position"":0.0,""direction"":""DOWN"",""high"":7576.0,""low"":7563.0,""lower_wick_fraction"":0.0,""move_atr"":-0.4512569619753059,""move_points"":-11.0,""open"":7574.0,""snapshot_time"":""2026-08-03T12:36:00+05:30"",""upper_wick_fraction"":0.15384615384615383,""volume"":4588.0},""close"":7563.0,""trend"":{""ema_ref"":7397.548789187673,""ema_slow"":7430.693670975137,""hma_order"":""SELL"",""hma_spread_atr"":6.821083487693762}},{""atr"":24.17090127446299,""bar"":{""body_fraction"":0.5116279069767442,""close"":7574.0,""close_position"":0.9767441860465116,""direction"":""UP"",""high"":7574.5,""low"":7553.0,""lower_wick_fraction"":0.46511627906976744,""move_atr"":0.4550926701116315,""move_points"":11.0,""open"":7563.0,""snapshot_time"":""2026-08-03T12:39:00+05:30"",""upper_wick_fraction"":0.023255813953488372,""volume"":6206.0},""close"":7574.0,""trend"":{""ema_ref"":7399.304522628592,""ema_slow"":7433.531420064738,""hma_order"":""SELL"",""hma_spread_atr"":6.949155369897782}},{""atr"":23.30155118342992,""bar"":{""body_fraction"":0.5,""close"":7568.0,""close_position"":0.25,""direction"":""DOWN"",""high"":7577.0,""low"":7565.0,""lower_wick_fraction"":0.25,""move_atr"":-0.2574935871336621,""move_points"":-6.0,""open"":7574.0,""snapshot_time"":""2026-08-03T12:42:00+05:30"",""upper_wick_fraction"":0.25,""volume"":2671.0},""close"":7568.0,""trend"":{""ema_ref"":7400.983084592487,""ema_slow"":7436.194164221872,""hma_order"":""SELL"",""hma_spread_atr"":7.253149483753991}},{""atr"":23.280011813184927,""bar"":{""body_fraction"":0.8260869565217391,""close"":7549.0,""close_position"":0.17391304347826086,""direction"":""DOWN"",""high"":7568.0,""low"":7545.0,""lower_wick_fraction"":0.17391304347826086,""move_atr"":-0.8161507886022253,""move_points"":-19.0,""open"":7568.0,""snapshot_time"":""2026-08-03T12:45:00+05:30"",""upper_wick_fraction"":0.0,""volume"":4025.0},""close"":7549.0,""trend"":{""ema_ref"":7402.45588972092,""ema_slow"":7438.427943148171,""hma_order"":""SELL"",""hma_spread_atr"":7.263971475968091}},{""atr"":23.58143954081458,""bar"":{""body_fraction"":0.5192307692307693,""close"":7534.0,""close_position"":0.4807692307692308,""direction"":""DOWN"",""high"":7547.5,""low"":7521.5,""lower_wick_fraction"":0.4807692307692308,""move_atr"":-0.5724841342545819,""move_points"":-13.5,""open"":7547.5,""snapshot_time"":""2026-08-03T12:48:00+05:30"",""upper_wick_fraction"":0.0,""volume"":8619.0},""close"":7534.0,""trend"":{""ema_ref"":7403.764786340612,""ema_slow"":7440.320459125435,""hma_order"":""SELL"",""hma_spread_atr"":7.126234087883324}}],""last_observation_hash"":""362673d32e4ef87974d0f98485038482c03ff50d3d99d2ad8b417c335c1591ca"",""last_snapshot_time"":""2026-08-03T12:48:00+05:30"",""observation"":{""compression_box_high"":null,""compression_box_low"":null,""compression_candidate_bars"":0,""current_state"":""TREND_FAILURE"",""established_side"":""UP"",""exhaustion_active"":true,""exhaustion_age_bars"":1,""exhaustion_clear_bars"":0,""exhaustion_last_seen_at"":""2026-08-03T12:48:00+05:30"",""exhaustion_side"":""UP"",""exhaustion_started_at"":""2026-08-03T12:48:00+05:30"",""failure_breach_bars"":2,""last_close"":7534.0,""last_reason_codes"":[""FROZEN_TREND_PROTECTION_BREACH_CONFIRMED"",""OBSERVATION_TRANSITION_CONFIRMED"",""OBSERVATION_STATE_TREND_FAILURE""],""last_snapshot_time"":""2026-08-03T12:48:00+05:30"",""leg_age_bars"":6,""leg_anchor_price"":7552.5,""leg_anchor_time"":""2026-08-03T12:33:00+05:30"",""leg_extreme_price"":7580.0,""leg_maturity_consumed"":false,""leg_maturity_extreme_price"":null,""leg_maturity_onset_time"":null,""leg_no_progress_bars"":5,""observation_count"":72,""pending_bars"":0,""pending_state"":null,""protection_level"":7552.5,""protection_source"":""CONFIRMED_PULLBACK_EXTREME"",""protection_time"":""2026-08-03T12:33:00+05:30"",""pullback_age_bars"":0,""pullback_candidate_bars"":0,""pullback_extreme_price"":null,""reacceleration_age_bars"":2,""recompression_age_bars"":0,""reversal_confirmation_bars"":0,""reversal_side"":""UP"",""state_age_bars"":1,""trading_day"":""2026-08-03"",""trend_anchor_price"":7355.0,""trend_candidate_bars"":4,""trend_candidate_side"":""UP"",""trend_extreme_price"":7614.0,""trend_failure_age_bars"":1,""trend_onset_time"":""2026-08-03T10:48:00+05:30""},""symbol"":""ABB"",""trading_day"":""2026-08-03""}"
restoration-v3-current-day,development,restoration-trend-control-v3,backtest-default,OK,,,,ABB,2026-08-03,2026-08-03T12:51:00+05:30,2026-08-03T12:48:00+05:30,SNAPSHOT_AUCTION_AUTHORITY_V3A,3m,True,True,7532.5,2026-08-03T12:51:00,7533.5,7539.5,7526.5,7532.5,2859.0,22.825622430756393,EXPANDING_RANGE,SELL,candidate_boundaries_or_midpoint_still_drifting,RANGE_ACCEPTED,DYNAMIC:2026-08-03T12:03:00+05:30:2026-08-03T12:18:00+05:30,7539.0,7575.0,11,ok,DOWN_SLOWING,-0.3614359268855483,-0.4545330595681896,OK,INCREMENTAL_PREVIOUS_SNAPSHOT,AUTOTRADES_AUCTION_ENGINE,1.1.0,,,TREND_FAILURE,UP,DOWN,False,True,True,UP,True,False,True,7552.5,CONFIRMED_PULLBACK_EXTREME,2026-08-03T12:33:00+05:30,DYNAMIC:2026-08-03T12:03:00+05:30:2026-08-03T12:18:00+05:30,7539.0,7575.0,False,-0.18055555555555555,0.42857142857142855,PRICE_ACTION,0.6069955406911929,TREND_FAILURE_OBSERVATION_REMAINS_UNRESOLVED|OBSERVATION_PROPOSAL_MATCHED_CURRENT|OBSERVATION_STATE_TREND_FAILURE|OBJECTIVE_REJECTION_OBSERVED|OBJECTIVE_STRUCTURAL_FAILURE_OBSERVED|OBJECTIVE_ACCEPTED_RANGE_GEOMETRY_PRESENT|OBJECTIVE_TREND_PROTECTION_GEOMETRY_PRESENT,DIR:ABB:2026-08-03:005:DOWN:124500,REVERSAL_LEG,DIRECTIONAL,DOWN,REVERSAL_EVENT_HANDOFF,DIR:ABB:2026-08-03:004:UP:120000,DIR:ABB:2026-08-03:004:UP:120000:DIRECTIONAL_REVERSAL_CONFIRMED:124500,2026-08-03T12:45:00+05:30,2026-08-03T12:51:00+05:30,1,7549.0,7521.5,2026-08-03T12:48:00+05:30,,,7565.0,EPISODE_PRICE_ACTION_FIRST_ADVERSE_BAR:BAR_LOW,2026-08-03T12:42:00+05:30,2,0.7228718537710966,0,False,REVERSAL_LEG_PROGRESS_CONFIRMED|REVERSAL_LEG_PROMOTED_TO_DIRECTIONAL,5,UNKNOWN,0,0,0,0,0,TREND_FAILURE,2026-08-03T12:51:00+05:30,REVERSAL_LEG_PROGRESS_CONFIRMED|REVERSAL_LEG_PROMOTED_TO_DIRECTIONAL,BAL:ABB:2026-08-03:004:NEUTRAL:122400,ESCAPE_WATCH,ACCEPTED_OUTSIDE,1,DYNAMIC:2026-08-03T12:03:00+05:30:2026-08-03T12:18:00+05:30,7539.0,7580.0,7539.0,7580.0,DOWN,2,0,1,0,False,False,BALANCE_ESCAPE_ACCEPTANCE_PROGRESS|BALANCE_ESCAPE_ACCEPTED,2,BAL:ABB:2026-08-03:004:NEUTRAL:122400:BALANCE_ESCAPE_ACCEPTED:125100|DIR:ABB:2026-08-03:005:DOWN:124500:DIRECTIONAL_REVERSAL_LEG_ESTABLISHED:125100,BALANCE_ESCAPE_ACCEPTED|DIRECTIONAL_REVERSAL_LEG_ESTABLISHED,DOWN|DOWN,BAL:ABB:2026-08-03:004:NEUTRAL:122400|DIR:ABB:2026-08-03:005:DOWN:124500,"BALANCE_ESCAPE_ACCEPTED:OUTSIDE_ACCEPTANCE_CONFIRMED|DIRECTIONAL_REVERSAL_LEG_ESTABLISHED:REVERSAL_LEG_SUSTAINED_DIRECTIONAL_PROGRESS,OPPOSITE_DIRECTION_ESTABLISHED_AFTER_REVERSAL",2,ACCEPTED_BREAKOUT|REVERSAL,PERMIT|PERMIT,BAL:ABB:2026-08-03:004:NEUTRAL:122400:BALANCE_ESCAPE_ACCEPTED:125100|DIR:ABB:2026-08-03:005:DOWN:124500:DIRECTIONAL_REVERSAL_LEG_ESTABLISHED:125100,ACCEPTED_BREAKOUT:EVENT_BALANCE_ESCAPE_ACCEPTED_PERMIT|REVERSAL:EVENT_DIRECTIONAL_REVERSAL_LEG_ESTABLISHED_PERMIT,MATCH,MATCH,MATCH,MATCH,False,0,False,False,True,True,,COHERENT,"[""event_id='BAL:ABB:2026-08-03:004:NEUTRAL:122400:BALANCE_ESCAPE_ACCEPTED:125100' event_type=<AuctionEventType.BALANCE_ESCAPE_ACCEPTED: 'BALANCE_ESCAPE_ACCEPTED'> episode_id='BAL:ABB:2026-08-03:004:NEUTRAL:122400' symbol='ABB' trading_day=datetime.date(2026, 8, 3) event_time=datetime.datetime(2026, 8, 3, 12, 51, tzinfo=TzInfo(19800)) direction=<DirectionalBias.DOWN: 'DOWN'> reason_codes=('OUTSIDE_ACCEPTANCE_CONFIRMED',) data={'range_id': 'DYNAMIC:2026-08-03T12:03:00+05:30:2026-08-03T12:18:00+05:30', 'frozen_low': 7539.0, 'frozen_high': 7580.0, 'candidate_low': 7539.0, 'candidate_high': 7580.0, 'rearm_required': False, 'containment_bars': 7, 'source_range_ids': ['DYNAMIC:2026-08-03T12:03:00+05:30:2026-08-03T12:18:00+05:30'], 'containment_ratio': 0.875, 'rearm_bars_elapsed': 0, 'failed_escape_count': 0, 'escape_attempt_count': 1, 'attempt_limit_reached': False, 'candidate_merge_count': 0, 'forming_bars_observed': 8, 'last_escape_direction': 'DOWN', 'last_escape_failed_at': None, 'last_escape_started_at': '2026-08-03T12:48:00+05:30', 'meaningful_escape_bars': 0, 'candidate_last_valid_at': '2026-08-03T12:45:00+05:30', 'marginal_excursion_bars': 1, 'up_escape_attempt_count': 0, 'rearm_inside_close_count': 0, 'down_escape_attempt_count': 1, 'candidate_bar_expansion_count': 1}"",""event_id='DIR:ABB:2026-08-03:005:DOWN:124500:DIRECTIONAL_REVERSAL_LEG_ESTABLISHED:125100' event_type=<AuctionEventType.DIRECTIONAL_REVERSAL_LEG_ESTABLISHED: 'DIRECTIONAL_REVERSAL_LEG_ESTABLISHED'> episode_id='DIR:ABB:2026-08-03:005:DOWN:124500' symbol='ABB' trading_day=datetime.date(2026, 8, 3) event_time=datetime.datetime(2026, 8, 3, 12, 51, tzinfo=TzInfo(19800)) direction=<DirectionalBias.DOWN: 'DOWN'> reason_codes=('REVERSAL_LEG_SUSTAINED_DIRECTIONAL_PROGRESS', 'OPPOSITE_DIRECTION_ESTABLISHED_AFTER_REVERSAL') data={'origin_price': 7549.0, 'extreme_price': 7521.5, 'origin_source': 'REVERSAL_EVENT_HANDOFF', 'origin_event_id': 'DIR:ABB:2026-08-03:004:UP:120000:DIRECTIONAL_REVERSAL_CONFIRMED:124500', 'protection_level': None, 'parent_episode_id': 'DIR:ABB:2026-08-03:004:UP:120000', 'protection_source': '', 'first_adverse_bar_time': None, 'first_adverse_bar_close': None, 'first_adverse_bar_level': None, 'continuation_failure_time': None, 'reversal_leg_progress_atr': 0.7228718537710966, 'reversal_leg_progress_bars': 2, 'reversal_confirmation_level': 7565.0, 'reversal_leg_failure_closes': 0, 'reversal_confirmation_source': 'EPISODE_PRICE_ACTION_FIRST_ADVERSE_BAR:BAR_LOW', 'reversal_confirmation_level_time': '2026-08-03T12:42:00+05:30'}""]","[""setup_family=<SetupFamily.ACCEPTED_BREAKOUT: 'ACCEPTED_BREAKOUT'> result=<StructuralPermissionResult.PERMIT: 'PERMIT'> source_event_ids=('BAL:ABB:2026-08-03:004:NEUTRAL:122400:BALANCE_ESCAPE_ACCEPTED:125100',) source_event_types=(<AuctionEventType.BALANCE_ESCAPE_ACCEPTED: 'BALANCE_ESCAPE_ACCEPTED'>,) balance_state=<BalanceEpisodeState.ACCEPTED_OUTSIDE: 'ACCEPTED_OUTSIDE'> reason_codes=('EVENT_BALANCE_ESCAPE_ACCEPTED_PERMIT',)"",""setup_family=<SetupFamily.REVERSAL: 'REVERSAL'> result=<StructuralPermissionResult.PERMIT: 'PERMIT'> source_event_ids=('DIR:ABB:2026-08-03:005:DOWN:124500:DIRECTIONAL_REVERSAL_LEG_ESTABLISHED:125100',) source_event_types=(<AuctionEventType.DIRECTIONAL_REVERSAL_LEG_ESTABLISHED: 'DIRECTIONAL_REVERSAL_LEG_ESTABLISHED'>,) balance_state=<BalanceEpisodeState.ACCEPTED_OUTSIDE: 'ACCEPTED_OUTSIDE'> reason_codes=('EVENT_DIRECTIONAL_REVERSAL_LEG_ESTABLISHED_PERMIT',)""]","{""accepted_range_breakout_eligible"":true,""accepted_range_established_at"":""2026-08-03T12:18:00+05:30"",""accepted_range_high"":7575.0,""accepted_range_id"":""DYNAMIC:2026-08-03T12:03:00+05:30:2026-08-03T12:18:00+05:30"",""accepted_range_inside"":false,""accepted_range_low"":7539.0,""accepted_range_outside_atr"":0.28476769997043205,""accepted_range_position"":-0.18055555555555555,""accepted_range_provisional"":false,""atr"":22.825622430756393,""close"":7532.5,""current_leg_mature"":false,""directional_bias"":""UP"",""directional_efficiency"":0.42857142857142855,""directional_efficiency_source"":""PRICE_ACTION"",""exhausted_side"":""UP"",""exhaustion_active"":true,""extension_mature"":true,""failed_extreme_observed"":false,""high"":7539.5,""low"":7526.5,""observation_state"":""TREND_FAILURE"",""overlap_ratio"":0.6069955406911929,""range_width_atr"":1.577174953682393,""rejection_observed"":true,""snapshot_time"":""2026-08-03T12:51:00+05:30"",""source_reason_codes"":[""TREND_FAILURE_OBSERVATION_REMAINS_UNRESOLVED"",""OBSERVATION_PROPOSAL_MATCHED_CURRENT"",""OBSERVATION_STATE_TREND_FAILURE"",""OBJECTIVE_REJECTION_OBSERVED"",""OBJECTIVE_STRUCTURAL_FAILURE_OBSERVED"",""OBJECTIVE_ACCEPTED_RANGE_GEOMETRY_PRESENT"",""OBJECTIVE_TREND_PROTECTION_GEOMETRY_PRESENT""],""structural_failure_confirmed"":true,""symbol"":""ABB"",""trading_day"":""2026-08-03"",""trend_direction"":""DOWN"",""trend_protection_level"":7552.5,""trend_protection_source"":""CONFIRMED_PULLBACK_EXTREME"",""trend_protection_time"":""2026-08-03T12:33:00+05:30""}","{""continuation_failure_seen"":false,""continuation_failure_time"":null,""current_state"":""DIRECTIONAL"",""direction"":""DOWN"",""episode_id"":""DIR:ABB:2026-08-03:005:DOWN:124500"",""extreme_price"":7521.5,""extreme_time"":""2026-08-03T12:48:00+05:30"",""first_adverse_bar_close"":null,""first_adverse_bar_level"":null,""first_adverse_bar_time"":null,""origin_event_id"":""DIR:ABB:2026-08-03:004:UP:120000:DIRECTIONAL_REVERSAL_CONFIRMED:124500"",""origin_price"":7549.0,""origin_source"":""REVERSAL_EVENT_HANDOFF"",""parent_episode_id"":""DIR:ABB:2026-08-03:004:UP:120000"",""previous_state"":""REVERSAL_LEG"",""protection_level"":null,""protection_source"":"""",""reason_codes"":[""REVERSAL_LEG_PROGRESS_CONFIRMED"",""REVERSAL_LEG_PROMOTED_TO_DIRECTIONAL""],""rejection_seen"":false,""reversal_confirmation_breach_closes"":0,""reversal_confirmation_level"":7565.0,""reversal_confirmation_level_time"":""2026-08-03T12:42:00+05:30"",""reversal_confirmation_source"":""EPISODE_PRICE_ACTION_FIRST_ADVERSE_BAR:BAR_LOW"",""reversal_leg_failure_closes"":0,""reversal_leg_progress_atr"":0.7228718537710966,""reversal_leg_progress_bars"":2,""started_at"":""2026-08-03T12:45:00+05:30"",""state_age_bars"":1,""state_started_at"":""2026-08-03T12:51:00+05:30""}","{""attempt_limit_reached"":false,""candidate_bar_expansion_count"":1,""candidate_high"":7580.0,""candidate_last_valid_at"":""2026-08-03T12:45:00+05:30"",""candidate_low"":7539.0,""candidate_merge_count"":0,""containment_bars"":7,""containment_ratio"":0.875,""current_state"":""ACCEPTED_OUTSIDE"",""down_escape_attempt_count"":1,""episode_id"":""BAL:ABB:2026-08-03:004:NEUTRAL:122400"",""escape_attempt_count"":1,""escape_direction"":""DOWN"",""failed_escape_count"":0,""forming_bars_observed"":8,""forming_invalid_bars"":0,""frozen_high"":7580.0,""frozen_low"":7539.0,""last_escape_direction"":""DOWN"",""last_escape_failed_at"":null,""last_escape_started_at"":""2026-08-03T12:48:00+05:30"",""marginal_excursion_bars"":1,""meaningful_escape_bars"":0,""outside_close_count"":2,""previous_state"":""ESCAPE_WATCH"",""range_id"":""DYNAMIC:2026-08-03T12:03:00+05:30:2026-08-03T12:18:00+05:30"",""rearm_bars_elapsed"":0,""rearm_inside_close_count"":0,""rearm_required"":false,""reason_codes"":[""BALANCE_ESCAPE_ACCEPTANCE_PROGRESS"",""BALANCE_ESCAPE_ACCEPTED""],""reentry_close_count"":0,""source_range_ids"":[""DYNAMIC:2026-08-03T12:03:00+05:30:2026-08-03T12:18:00+05:30""],""started_at"":""2026-08-03T12:24:00+05:30"",""state_age_bars"":1,""state_started_at"":""2026-08-03T12:51:00+05:30"",""up_escape_attempt_count"":0}","{""balance_attempt_limit_reached"":false,""balance_candidate_bar_expansion_count"":1,""balance_candidate_merge_count"":0,""balance_containment_ratio"":0.875,""balance_down_escape_attempt_count"":1,""balance_escape_attempt_count"":1,""balance_failed_escape_count"":0,""balance_forming_bars_observed"":8,""balance_forming_invalid_bars"":0,""balance_last_escape_direction"":""DOWN"",""balance_last_escape_failed_at"":null,""balance_last_escape_started_at"":""2026-08-03T12:48:00+05:30"",""balance_marginal_excursion_bars"":1,""balance_meaningful_escape_bars"":0,""balance_rearm_bars_elapsed"":0,""balance_rearm_inside_close_count"":0,""balance_rearm_required"":false,""balance_up_escape_attempt_count"":0,""directional_origin_event_id"":""DIR:ABB:2026-08-03:004:UP:120000:DIRECTIONAL_REVERSAL_CONFIRMED:124500"",""directional_origin_source"":""REVERSAL_EVENT_HANDOFF"",""directional_parent_episode_id"":""DIR:ABB:2026-08-03:004:UP:120000"",""directional_reversal_watch_age_bars"":0,""directional_start_candidate_bars"":0,""directional_start_candidate_side"":""UNKNOWN"",""observation_accepted_range_id"":""DYNAMIC:2026-08-03T12:03:00+05:30:2026-08-03T12:18:00+05:30"",""observation_current_leg_mature"":false,""observation_directional_bias"":""UP"",""observation_exhaustion_active"":true,""observation_state"":""TREND_FAILURE""}","{""balance"":{""attempt_limit_reached"":false,""candidate_bar_expansion_count"":1,""candidate_high"":7580.0,""candidate_last_valid_at"":""2026-08-03T12:45:00+05:30"",""candidate_low"":7539.0,""candidate_merge_count"":0,""containment_bars"":7,""down_escape_attempt_count"":1,""emitted_event_ids"":[""BAL:ABB:2026-08-03:001:NEUTRAL:100600:BALANCE_COMPLETED:105400"",""BAL:ABB:2026-08-03:001:NEUTRAL:100600:BALANCE_ESCAPE_ACCEPTED:105100"",""BAL:ABB:2026-08-03:001:NEUTRAL:100600:BALANCE_ESCAPE_STARTED:104800"",""BAL:ABB:2026-08-03:001:NEUTRAL:100600:BALANCE_FORMING_STARTED:100600"",""BAL:ABB:2026-08-03:001:NEUTRAL:100600:BALANCE_LOCKED:102700"",""BAL:ABB:2026-08-03:001:NEUTRAL:100600:BALANCE_PROBABLE:101800"",""BAL:ABB:2026-08-03:002:NEUTRAL:112100:BALANCE_COMPLETED:113000"",""BAL:ABB:2026-08-03:002:NEUTRAL:112100:BALANCE_FORMING_STARTED:112100"",""BAL:ABB:2026-08-03:003:NEUTRAL:114800:BALANCE_COMPLETED:115400"",""BAL:ABB:2026-08-03:003:NEUTRAL:114800:BALANCE_FORMING_STARTED:114800"",""BAL:ABB:2026-08-03:004:NEUTRAL:122400:BALANCE_ESCAPE_ACCEPTED:125100"",""BAL:ABB:2026-08-03:004:NEUTRAL:122400:BALANCE_ESCAPE_STARTED:124800"",""BAL:ABB:2026-08-03:004:NEUTRAL:122400:BALANCE_FORMING_STARTED:122400"",""BAL:ABB:2026-08-03:004:NEUTRAL:122400:BALANCE_LOCKED:124500"",""BAL:ABB:2026-08-03:004:NEUTRAL:122400:BALANCE_PROBABLE:123600""],""episode_id"":""BAL:ABB:2026-08-03:004:NEUTRAL:122400"",""escape_attempt_count"":1,""escape_direction"":""DOWN"",""failed_escape_count"":0,""forming_bars_observed"":8,""forming_invalid_bars"":0,""frozen_high"":7580.0,""frozen_low"":7539.0,""last_escape_direction"":""DOWN"",""last_escape_failed_at"":null,""last_escape_started_at"":""2026-08-03T12:48:00+05:30"",""last_reason_codes"":[""BALANCE_ESCAPE_ACCEPTANCE_PROGRESS"",""BALANCE_ESCAPE_ACCEPTED""],""marginal_excursion_bars"":1,""meaningful_escape_bars"":0,""outside_close_count"":2,""range_id"":""DYNAMIC:2026-08-03T12:03:00+05:30:2026-08-03T12:18:00+05:30"",""rearm_bars_elapsed"":0,""rearm_inside_close_count"":0,""rearm_required"":false,""reentry_close_count"":0,""sequence"":4,""source_range_ids"":[""DYNAMIC:2026-08-03T12:03:00+05:30:2026-08-03T12:18:00+05:30""],""started_at"":""2026-08-03T12:24:00+05:30"",""state"":""ACCEPTED_OUTSIDE"",""state_age_bars"":1,""state_started_at"":""2026-08-03T12:51:00+05:30"",""up_escape_attempt_count"":0},""directional"":{""continuation_failure_progress_bars"":0,""continuation_failure_seen"":false,""continuation_failure_seen_at"":null,""direction"":""DOWN"",""emitted_event_ids"":[""DIR:ABB:2026-08-03:001:DOWN:101500:DIRECTIONAL_COMPLETED:105100"",""DIR:ABB:2026-08-03:001:DOWN:101500:DIRECTIONAL_STARTED:101500"",""DIR:ABB:2026-08-03:002:UP:110000:DIRECTIONAL_COMPLETED:113900"",""DIR:ABB:2026-08-03:002:UP:110000:DIRECTIONAL_MATURED:110300"",""DIR:ABB:2026-08-03:002:UP:110000:DIRECTIONAL_REVERSAL_CONFIRMED:113900"",""DIR:ABB:2026-08-03:002:UP:110000:DIRECTIONAL_STARTED:110000"",""DIR:ABB:2026-08-03:002:UP:110000:REVERSAL_WATCH_STARTED:110600"",""DIR:ABB:2026-08-03:003:DOWN:113900:DIRECTIONAL_COMPLETED:115400"",""DIR:ABB:2026-08-03:003:DOWN:113900:DIRECTIONAL_REVERSAL_LEG_FAILED:115400"",""DIR:ABB:2026-08-03:003:DOWN:113900:DIRECTIONAL_REVERSAL_LEG_STARTED:113900"",""DIR:ABB:2026-08-03:004:UP:120000:DIRECTIONAL_COMPLETED:124500"",""DIR:ABB:2026-08-03:004:UP:120000:DIRECTIONAL_CONTINUATION_CONFIRMED:123300"",""DIR:ABB:2026-08-03:004:UP:120000:DIRECTIONAL_MATURED:120300"",""DIR:ABB:2026-08-03:004:UP:120000:DIRECTIONAL_MATURED:123900"",""DIR:ABB:2026-08-03:004:UP:120000:DIRECTIONAL_REVERSAL_CONFIRMED:124500"",""DIR:ABB:2026-08-03:004:UP:120000:DIRECTIONAL_STARTED:120000"",""DIR:ABB:2026-08-03:004:UP:120000:DIRECTIONAL_TREND_RESTORED:122100"",""DIR:ABB:2026-08-03:004:UP:120000:REVERSAL_WATCH_STARTED:120600"",""DIR:ABB:2026-08-03:004:UP:120000:REVERSAL_WATCH_STARTED:124200"",""DIR:ABB:2026-08-03:005:DOWN:124500:DIRECTIONAL_REVERSAL_LEG_ESTABLISHED:125100"",""DIR:ABB:2026-08-03:005:DOWN:124500:DIRECTIONAL_REVERSAL_LEG_STARTED:124500""],""episode_id"":""DIR:ABB:2026-08-03:005:DOWN:124500"",""extreme_price"":7521.5,""extreme_time"":""2026-08-03T12:48:00+05:30"",""first_adverse_bar_close"":null,""first_adverse_bar_level"":null,""first_adverse_bar_time"":null,""inactive_bars"":0,""last_close"":7532.5,""last_observation_state"":""TREND_FAILURE"",""last_observation_state_time"":""2026-08-03T12:51:00+05:30"",""last_reason_codes"":[""REVERSAL_LEG_PROGRESS_CONFIRMED"",""REVERSAL_LEG_PROMOTED_TO_DIRECTIONAL""],""opposite_control_bars"":0,""origin_event_id"":""DIR:ABB:2026-08-03:004:UP:120000:DIRECTIONAL_REVERSAL_CONFIRMED:124500"",""origin_price"":7549.0,""origin_source"":""REVERSAL_EVENT_HANDOFF"",""parent_episode_id"":""DIR:ABB:2026-08-03:004:UP:120000"",""protection_level"":null,""protection_source"":"""",""protection_time"":null,""rejection_seen"":false,""rejection_seen_at"":null,""reversal_confirmation_breach_closes"":0,""reversal_confirmation_level"":7565.0,""reversal_confirmation_level_time"":""2026-08-03T12:42:00+05:30"",""reversal_confirmation_source"":""EPISODE_PRICE_ACTION_FIRST_ADVERSE_BAR:BAR_LOW"",""reversal_leg_failure_closes"":0,""reversal_leg_progress_atr"":0.7228718537710966,""reversal_leg_progress_bars"":2,""reversal_watch_age_bars"":0,""sequence"":5,""start_candidate_bars"":0,""start_candidate_side"":""UNKNOWN"",""started_at"":""2026-08-03T12:45:00+05:30"",""state"":""DIRECTIONAL"",""state_age_bars"":1,""state_started_at"":""2026-08-03T12:51:00+05:30"",""trend_restore_bars"":0},""evidence_history"":[{""atr"":25.01925954965931,""bar"":{""body_fraction"":0.7096774193548387,""close"":7568.0,""close_position"":0.7741935483870968,""direction"":""UP"",""high"":7575.0,""low"":7544.0,""lower_wick_fraction"":0.06451612903225806,""move_atr"":0.8793225857197511,""move_points"":22.0,""open"":7546.0,""snapshot_time"":""2026-08-03T12:18:00+05:30"",""upper_wick_fraction"":0.2258064516129032,""volume"":8610.0},""close"":7568.0,""trend"":{""ema_ref"":7386.794963061888,""ema_slow"":7412.762663906011,""hma_order"":""BUY"",""hma_spread_atr"":7.783379908304845}},{""atr"":26.803598153255074,""bar"":{""body_fraction"":0.55,""close"":7595.5,""close_position"":0.63,""direction"":""UP"",""high"":7614.0,""low"":7564.0,""lower_wick_fraction"":0.08,""move_atr"":1.025981655252519,""move_points"":27.5,""open"":7568.0,""snapshot_time"":""2026-08-03T12:21:00+05:30"",""upper_wick_fraction"":0.37,""volume"":24083.0},""close"":7595.5,""trend"":{""ema_ref"":7388.871630096098,""ema_slow"":7416.381225016783,""hma_order"":""BUY"",""hma_spread_atr"":7.24055244260279}},{""atr"":26.63905542802257,""bar"":{""body_fraction"":0.6097560975609756,""close"":7573.0,""close_position"":0.0975609756097561,""direction"":""DOWN"",""high"":7591.5,""low"":7571.0,""lower_wick_fraction"":0.0975609756097561,""move_atr"":-0.4692358568709161,""move_points"":-12.5,""open"":7585.5,""snapshot_time"":""2026-08-03T12:24:00+05:30"",""upper_wick_fraction"":0.2926829268292683,""volume"":7490.0},""close"":7573.0,""trend"":{""ema_ref"":7390.70375317972,""ema_slow"":7419.482586897639,""hma_order"":""BUY"",""hma_spread_atr"":7.215407133067264}},{""atr"":26.09340861173525,""bar"":{""body_fraction"":0.6756756756756757,""close"":7560.0,""close_position"":0.32432432432432434,""direction"":""DOWN"",""high"":7572.5,""low"":7554.0,""lower_wick_fraction"":0.32432432432432434,""move_atr"":-0.4790481836235934,""move_points"":-12.5,""open"":7572.5,""snapshot_time"":""2026-08-03T12:27:00+05:30"",""upper_wick_fraction"":0.0,""volume"":4842.0},""close"":7560.0,""trend"":{""ema_ref"":7392.388292949076,""ema_slow"":7422.265109929368,""hma_order"":""BUY"",""hma_spread_atr"":7.134054864885309}},{""atr"":25.69387942518273,""bar"":{""body_fraction"":0.1951219512195122,""close"":7564.0,""close_position"":0.5609756097560976,""direction"":""UP"",""high"":7573.0,""low"":7552.5,""lower_wick_fraction"":0.36585365853658536,""move_atr"":0.15567909904954155,""move_points"":4.0,""open"":7560.0,""snapshot_time"":""2026-08-03T12:30:00+05:30"",""upper_wick_fraction"":0.4390243902439024,""volume"":5286.0},""close"":7564.0,""trend"":{""ema_ref"":7394.095872123712,""ema_slow"":7425.071741415915,""hma_order"":""BUY"",""hma_spread_atr"":6.901663969872465}},{""atr"":25.251459466241105,""bar"":{""body_fraction"":0.5128205128205128,""close"":7574.0,""close_position"":0.6923076923076923,""direction"":""UP"",""high"":7580.0,""low"":7560.5,""lower_wick_fraction"":0.1794871794871795,""move_atr"":0.3960167139396076,""move_points"":10.0,""open"":7564.0,""snapshot_time"":""2026-08-03T12:33:00+05:30"",""upper_wick_fraction"":0.3076923076923077,""volume"":4579.0},""close"":7574.0,""trend"":{""ema_ref"":7395.885962948352,""ema_slow"":7428.020815843322,""hma_order"":""BUY"",""hma_spread_atr"":6.730861675681214}},{""atr"":24.376355218652453,""bar"":{""body_fraction"":0.8461538461538461,""close"":7563.0,""close_position"":0.0,""direction"":""DOWN"",""high"":7576.0,""low"":7563.0,""lower_wick_fraction"":0.0,""move_atr"":-0.4512569619753059,""move_points"":-11.0,""open"":7574.0,""snapshot_time"":""2026-08-03T12:36:00+05:30"",""upper_wick_fraction"":0.15384615384615383,""volume"":4588.0},""close"":7563.0,""trend"":{""ema_ref"":7397.548789187673,""ema_slow"":7430.693670975137,""hma_order"":""SELL"",""hma_spread_atr"":6.821083487693762}},{""atr"":24.17090127446299,""bar"":{""body_fraction"":0.5116279069767442,""close"":7574.0,""close_position"":0.9767441860465116,""direction"":""UP"",""high"":7574.5,""low"":7553.0,""lower_wick_fraction"":0.46511627906976744,""move_atr"":0.4550926701116315,""move_points"":11.0,""open"":7563.0,""snapshot_time"":""2026-08-03T12:39:00+05:30"",""upper_wick_fraction"":0.023255813953488372,""volume"":6206.0},""close"":7574.0,""trend"":{""ema_ref"":7399.304522628592,""ema_slow"":7433.531420064738,""hma_order"":""SELL"",""hma_spread_atr"":6.949155369897782}},{""atr"":23.30155118342992,""bar"":{""body_fraction"":0.5,""close"":7568.0,""close_position"":0.25,""direction"":""DOWN"",""high"":7577.0,""low"":7565.0,""lower_wick_fraction"":0.25,""move_atr"":-0.2574935871336621,""move_points"":-6.0,""open"":7574.0,""snapshot_time"":""2026-08-03T12:42:00+05:30"",""upper_wick_fraction"":0.25,""volume"":2671.0},""close"":7568.0,""trend"":{""ema_ref"":7400.983084592487,""ema_slow"":7436.194164221872,""hma_order"":""SELL"",""hma_spread_atr"":7.253149483753991}},{""atr"":23.280011813184927,""bar"":{""body_fraction"":0.8260869565217391,""close"":7549.0,""close_position"":0.17391304347826086,""direction"":""DOWN"",""high"":7568.0,""low"":7545.0,""lower_wick_fraction"":0.17391304347826086,""move_atr"":-0.8161507886022253,""move_points"":-19.0,""open"":7568.0,""snapshot_time"":""2026-08-03T12:45:00+05:30"",""upper_wick_fraction"":0.0,""volume"":4025.0},""close"":7549.0,""trend"":{""ema_ref"":7402.45588972092,""ema_slow"":7438.427943148171,""hma_order"":""SELL"",""hma_spread_atr"":7.263971475968091}},{""atr"":23.58143954081458,""bar"":{""body_fraction"":0.5192307692307693,""close"":7534.0,""close_position"":0.4807692307692308,""direction"":""DOWN"",""high"":7547.5,""low"":7521.5,""lower_wick_fraction"":0.4807692307692308,""move_atr"":-0.5724841342545819,""move_points"":-13.5,""open"":7547.5,""snapshot_time"":""2026-08-03T12:48:00+05:30"",""upper_wick_fraction"":0.0,""volume"":8619.0},""close"":7534.0,""trend"":{""ema_ref"":7403.764786340612,""ema_slow"":7440.320459125435,""hma_order"":""SELL"",""hma_spread_atr"":7.126234087883324}},{""atr"":22.825622430756393,""bar"":{""body_fraction"":0.07692307692307693,""close"":7532.5,""close_position"":0.4615384615384616,""direction"":""DOWN"",""high"":7539.5,""low"":7526.5,""lower_wick_fraction"":0.4615384615384616,""move_atr"":-0.04381041538006646,""move_points"":-1.0,""open"":7533.5,""snapshot_time"":""2026-08-03T12:51:00+05:30"",""upper_wick_fraction"":0.4615384615384616,""volume"":2859.0},""close"":7532.5,""trend"":{""ema_ref"":7405.045733740208,""ema_slow"":7442.145796568496,""hma_order"":""SELL"",""hma_spread_atr"":7.268781628989275}}],""last_observation_hash"":""e6986249a947d8231a8cc44e48784cabc0928dac3d0ebf7ad46dc3317c679a2b"",""last_snapshot_time"":""2026-08-03T12:51:00+05:30"",""observation"":{""compression_box_high"":null,""compression_box_low"":null,""compression_candidate_bars"":0,""current_state"":""TREND_FAILURE"",""established_side"":""UP"",""exhaustion_active"":true,""exhaustion_age_bars"":2,""exhaustion_clear_bars"":0,""exhaustion_last_seen_at"":""2026-08-03T12:51:00+05:30"",""exhaustion_side"":""UP"",""exhaustion_started_at"":""2026-08-03T12:48:00+05:30"",""failure_breach_bars"":3,""last_close"":7532.5,""last_reason_codes"":[""TREND_FAILURE_OBSERVATION_REMAINS_UNRESOLVED"",""OBSERVATION_PROPOSAL_MATCHED_CURRENT"",""OBSERVATION_STATE_TREND_FAILURE""],""last_snapshot_time"":""2026-08-03T12:51:00+05:30"",""leg_age_bars"":7,""leg_anchor_price"":7552.5,""leg_anchor_time"":""2026-08-03T12:33:00+05:30"",""leg_extreme_price"":7580.0,""leg_maturity_consumed"":false,""leg_maturity_extreme_price"":null,""leg_maturity_onset_time"":null,""leg_no_progress_bars"":6,""observation_count"":73,""pending_bars"":0,""pending_state"":null,""protection_level"":7552.5,""protection_source"":""CONFIRMED_PULLBACK_EXTREME"",""protection_time"":""2026-08-03T12:33:00+05:30"",""pullback_age_bars"":0,""pullback_candidate_bars"":0,""pullback_extreme_price"":null,""reacceleration_age_bars"":2,""recompression_age_bars"":0,""reversal_confirmation_bars"":0,""reversal_side"":""UP"",""state_age_bars"":2,""trading_day"":""2026-08-03"",""trend_anchor_price"":7355.0,""trend_candidate_bars"":3,""trend_candidate_side"":""UP"",""trend_extreme_price"":7614.0,""trend_failure_age_bars"":2,""trend_onset_time"":""2026-08-03T10:48:00+05:30""},""symbol"":""ABB"",""trading_day"":""2026-08-03""}"
restoration-v3-current-day,development,restoration-trend-control-v3,backtest-default,OK,,,,ABB,2026-08-03,2026-08-03T12:54:00+05:30,2026-08-03T12:51:00+05:30,SNAPSHOT_AUCTION_AUTHORITY_V3A,3m,True,True,7530.5,2026-08-03T12:54:00,7532.5,7537.5,7524.0,7530.5,3645.0,22.159506542845225,EXPANDING_RANGE,SELL,candidate_boundaries_or_midpoint_still_drifting,RANGE_ACCEPTED,DYNAMIC:2026-08-03T12:03:00+05:30:2026-08-03T12:18:00+05:30,7539.0,7575.0,12,ok,DOWN_SLOWING,-0.07897287769546625,-0.4230689876542834,OK,INCREMENTAL_PREVIOUS_SNAPSHOT,AUTOTRADES_AUCTION_ENGINE,1.1.0,,,TREND_FAILURE,UP,DOWN,False,True,True,UP,True,False,True,7552.5,CONFIRMED_PULLBACK_EXTREME,2026-08-03T12:33:00+05:30,DYNAMIC:2026-08-03T12:03:00+05:30:2026-08-03T12:18:00+05:30,7539.0,7575.0,False,-0.2361111111111111,0.6641221374045801,PRICE_ACTION,0.5993032329988852,TREND_FAILURE_OBSERVATION_REMAINS_UNRESOLVED|OBSERVATION_PROPOSAL_MATCHED_CURRENT|OBSERVATION_STATE_TREND_FAILURE|OBJECTIVE_REJECTION_OBSERVED|OBJECTIVE_STRUCTURAL_FAILURE_OBSERVED|OBJECTIVE_ACCEPTED_RANGE_GEOMETRY_PRESENT|OBJECTIVE_TREND_PROTECTION_GEOMETRY_PRESENT,DIR:ABB:2026-08-03:005:DOWN:124500,DIRECTIONAL,DIRECTIONAL,DOWN,REVERSAL_EVENT_HANDOFF,DIR:ABB:2026-08-03:004:UP:120000,DIR:ABB:2026-08-03:004:UP:120000:DIRECTIONAL_REVERSAL_CONFIRMED:124500,2026-08-03T12:45:00+05:30,2026-08-03T12:51:00+05:30,2,7549.0,7521.5,2026-08-03T12:48:00+05:30,,,7565.0,EPISODE_PRICE_ACTION_FIRST_ADVERSE_BAR:BAR_LOW,2026-08-03T12:42:00+05:30,2,0.7228718537710966,0,False,DIRECTIONAL_EPISODE_RETAINED,5,UNKNOWN,0,0,0,0,0,TREND_FAILURE,2026-08-03T12:54:00+05:30,DIRECTIONAL_EPISODE_RETAINED,BAL:ABB:2026-08-03:004:NEUTRAL:122400,ACCEPTED_OUTSIDE,COMPLETED,1,DYNAMIC:2026-08-03T12:03:00+05:30:2026-08-03T12:18:00+05:30,7539.0,7580.0,7539.0,7580.0,DOWN,2,0,1,0,False,False,ACCEPTED_BALANCE_EPISODE_COMPLETED,1,BAL:ABB:2026-08-03:004:NEUTRAL:122400:BALANCE_COMPLETED:125400,BALANCE_COMPLETED,DOWN,BAL:ABB:2026-08-03:004:NEUTRAL:122400,BALANCE_COMPLETED:ACCEPTED_ESCAPE_COMPLETED_BALANCE_EPISODE,0,,,,,MATCH,MATCH,MATCH,MATCH,False,0,False,False,False,True,,COHERENT,"[""event_id='BAL:ABB:2026-08-03:004:NEUTRAL:122400:BALANCE_COMPLETED:125400' event_type=<AuctionEventType.BALANCE_COMPLETED: 'BALANCE_COMPLETED'> episode_id='BAL:ABB:2026-08-03:004:NEUTRAL:122400' symbol='ABB' trading_day=datetime.date(2026, 8, 3) event_time=datetime.datetime(2026, 8, 3, 12, 54, tzinfo=TzInfo(19800)) direction=<DirectionalBias.DOWN: 'DOWN'> reason_codes=('ACCEPTED_ESCAPE_COMPLETED_BALANCE_EPISODE',) data={'range_id': 'DYNAMIC:2026-08-03T12:03:00+05:30:2026-08-03T12:18:00+05:30', 'frozen_low': 7539.0, 'frozen_high': 7580.0, 'candidate_low': 7539.0, 'candidate_high': 7580.0, 'rearm_required': False, 'containment_bars': 7, 'source_range_ids': ['DYNAMIC:2026-08-03T12:03:00+05:30:2026-08-03T12:18:00+05:30'], 'containment_ratio': 0.875, 'rearm_bars_elapsed': 0, 'failed_escape_count': 0, 'escape_attempt_count': 1, 'attempt_limit_reached': False, 'candidate_merge_count': 0, 'forming_bars_observed': 8, 'last_escape_direction': 'DOWN', 'last_escape_failed_at': None, 'last_escape_started_at': '2026-08-03T12:48:00+05:30', 'meaningful_escape_bars': 0, 'candidate_last_valid_at': '2026-08-03T12:45:00+05:30', 'marginal_excursion_bars': 1, 'up_escape_attempt_count': 0, 'rearm_inside_close_count': 0, 'down_escape_attempt_count': 1, 'candidate_bar_expansion_count': 1}""]",[],"{""accepted_range_breakout_eligible"":true,""accepted_range_established_at"":""2026-08-03T12:18:00+05:30"",""accepted_range_high"":7575.0,""accepted_range_id"":""DYNAMIC:2026-08-03T12:03:00+05:30:2026-08-03T12:18:00+05:30"",""accepted_range_inside"":false,""accepted_range_low"":7539.0,""accepted_range_outside_atr"":0.3835825488065503,""accepted_range_position"":-0.2361111111111111,""accepted_range_provisional"":false,""atr"":22.159506542845225,""close"":7530.5,""current_leg_mature"":false,""directional_bias"":""UP"",""directional_efficiency"":0.6641221374045801,""directional_efficiency_source"":""PRICE_ACTION"",""exhausted_side"":""UP"",""exhaustion_active"":true,""extension_mature"":true,""failed_extreme_observed"":false,""high"":7537.5,""low"":7524.0,""observation_state"":""TREND_FAILURE"",""overlap_ratio"":0.5993032329988852,""range_width_atr"":1.6245849125924483,""rejection_observed"":true,""snapshot_time"":""2026-08-03T12:54:00+05:30"",""source_reason_codes"":[""TREND_FAILURE_OBSERVATION_REMAINS_UNRESOLVED"",""OBSERVATION_PROPOSAL_MATCHED_CURRENT"",""OBSERVATION_STATE_TREND_FAILURE"",""OBJECTIVE_REJECTION_OBSERVED"",""OBJECTIVE_STRUCTURAL_FAILURE_OBSERVED"",""OBJECTIVE_ACCEPTED_RANGE_GEOMETRY_PRESENT"",""OBJECTIVE_TREND_PROTECTION_GEOMETRY_PRESENT""],""structural_failure_confirmed"":true,""symbol"":""ABB"",""trading_day"":""2026-08-03"",""trend_direction"":""DOWN"",""trend_protection_level"":7552.5,""trend_protection_source"":""CONFIRMED_PULLBACK_EXTREME"",""trend_protection_time"":""2026-08-03T12:33:00+05:30""}","{""continuation_failure_seen"":false,""continuation_failure_time"":null,""current_state"":""DIRECTIONAL"",""direction"":""DOWN"",""episode_id"":""DIR:ABB:2026-08-03:005:DOWN:124500"",""extreme_price"":7521.5,""extreme_time"":""2026-08-03T12:48:00+05:30"",""first_adverse_bar_close"":null,""first_adverse_bar_level"":null,""first_adverse_bar_time"":null,""origin_event_id"":""DIR:ABB:2026-08-03:004:UP:120000:DIRECTIONAL_REVERSAL_CONFIRMED:124500"",""origin_price"":7549.0,""origin_source"":""REVERSAL_EVENT_HANDOFF"",""parent_episode_id"":""DIR:ABB:2026-08-03:004:UP:120000"",""previous_state"":""DIRECTIONAL"",""protection_level"":null,""protection_source"":"""",""reason_codes"":[""DIRECTIONAL_EPISODE_RETAINED""],""rejection_seen"":false,""reversal_confirmation_breach_closes"":0,""reversal_confirmation_level"":7565.0,""reversal_confirmation_level_time"":""2026-08-03T12:42:00+05:30"",""reversal_confirmation_source"":""EPISODE_PRICE_ACTION_FIRST_ADVERSE_BAR:BAR_LOW"",""reversal_leg_failure_closes"":0,""reversal_leg_progress_atr"":0.7228718537710966,""reversal_leg_progress_bars"":2,""started_at"":""2026-08-03T12:45:00+05:30"",""state_age_bars"":2,""state_started_at"":""2026-08-03T12:51:00+05:30""}","{""attempt_limit_reached"":false,""candidate_bar_expansion_count"":1,""candidate_high"":7580.0,""candidate_last_valid_at"":""2026-08-03T12:45:00+05:30"",""candidate_low"":7539.0,""candidate_merge_count"":0,""containment_bars"":7,""containment_ratio"":0.875,""current_state"":""COMPLETED"",""down_escape_attempt_count"":1,""episode_id"":""BAL:ABB:2026-08-03:004:NEUTRAL:122400"",""escape_attempt_count"":1,""escape_direction"":""DOWN"",""failed_escape_count"":0,""forming_bars_observed"":8,""forming_invalid_bars"":0,""frozen_high"":7580.0,""frozen_low"":7539.0,""last_escape_direction"":""DOWN"",""last_escape_failed_at"":null,""last_escape_started_at"":""2026-08-03T12:48:00+05:30"",""marginal_excursion_bars"":1,""meaningful_escape_bars"":0,""outside_close_count"":2,""previous_state"":""ACCEPTED_OUTSIDE"",""range_id"":""DYNAMIC:2026-08-03T12:03:00+05:30:2026-08-03T12:18:00+05:30"",""rearm_bars_elapsed"":0,""rearm_inside_close_count"":0,""rearm_required"":false,""reason_codes"":[""ACCEPTED_BALANCE_EPISODE_COMPLETED""],""reentry_close_count"":0,""source_range_ids"":[""DYNAMIC:2026-08-03T12:03:00+05:30:2026-08-03T12:18:00+05:30""],""started_at"":""2026-08-03T12:24:00+05:30"",""state_age_bars"":1,""state_started_at"":""2026-08-03T12:54:00+05:30"",""up_escape_attempt_count"":0}","{""balance_attempt_limit_reached"":false,""balance_candidate_bar_expansion_count"":1,""balance_candidate_merge_count"":0,""balance_containment_ratio"":0.875,""balance_down_escape_attempt_count"":1,""balance_escape_attempt_count"":1,""balance_failed_escape_count"":0,""balance_forming_bars_observed"":8,""balance_forming_invalid_bars"":0,""balance_last_escape_direction"":""DOWN"",""balance_last_escape_failed_at"":null,""balance_last_escape_started_at"":""2026-08-03T12:48:00+05:30"",""balance_marginal_excursion_bars"":1,""balance_meaningful_escape_bars"":0,""balance_rearm_bars_elapsed"":0,""balance_rearm_inside_close_count"":0,""balance_rearm_required"":false,""balance_up_escape_attempt_count"":0,""directional_origin_event_id"":""DIR:ABB:2026-08-03:004:UP:120000:DIRECTIONAL_REVERSAL_CONFIRMED:124500"",""directional_origin_source"":""REVERSAL_EVENT_HANDOFF"",""directional_parent_episode_id"":""DIR:ABB:2026-08-03:004:UP:120000"",""directional_reversal_watch_age_bars"":0,""directional_start_candidate_bars"":0,""directional_start_candidate_side"":""UNKNOWN"",""observation_accepted_range_id"":""DYNAMIC:2026-08-03T12:03:00+05:30:2026-08-03T12:18:00+05:30"",""observation_current_leg_mature"":false,""observation_directional_bias"":""UP"",""observation_exhaustion_active"":true,""observation_state"":""TREND_FAILURE""}","{""balance"":{""attempt_limit_reached"":false,""candidate_bar_expansion_count"":1,""candidate_high"":7580.0,""candidate_last_valid_at"":""2026-08-03T12:45:00+05:30"",""candidate_low"":7539.0,""candidate_merge_count"":0,""containment_bars"":7,""down_escape_attempt_count"":1,""emitted_event_ids"":[""BAL:ABB:2026-08-03:001:NEUTRAL:100600:BALANCE_COMPLETED:105400"",""BAL:ABB:2026-08-03:001:NEUTRAL:100600:BALANCE_ESCAPE_ACCEPTED:105100"",""BAL:ABB:2026-08-03:001:NEUTRAL:100600:BALANCE_ESCAPE_STARTED:104800"",""BAL:ABB:2026-08-03:001:NEUTRAL:100600:BALANCE_FORMING_STARTED:100600"",""BAL:ABB:2026-08-03:001:NEUTRAL:100600:BALANCE_LOCKED:102700"",""BAL:ABB:2026-08-03:001:NEUTRAL:100600:BALANCE_PROBABLE:101800"",""BAL:ABB:2026-08-03:002:NEUTRAL:112100:BALANCE_COMPLETED:113000"",""BAL:ABB:2026-08-03:002:NEUTRAL:112100:BALANCE_FORMING_STARTED:112100"",""BAL:ABB:2026-08-03:003:NEUTRAL:114800:BALANCE_COMPLETED:115400"",""BAL:ABB:2026-08-03:003:NEUTRAL:114800:BALANCE_FORMING_STARTED:114800"",""BAL:ABB:2026-08-03:004:NEUTRAL:122400:BALANCE_COMPLETED:125400"",""BAL:ABB:2026-08-03:004:NEUTRAL:122400:BALANCE_ESCAPE_ACCEPTED:125100"",""BAL:ABB:2026-08-03:004:NEUTRAL:122400:BALANCE_ESCAPE_STARTED:124800"",""BAL:ABB:2026-08-03:004:NEUTRAL:122400:BALANCE_FORMING_STARTED:122400"",""BAL:ABB:2026-08-03:004:NEUTRAL:122400:BALANCE_LOCKED:124500"",""BAL:ABB:2026-08-03:004:NEUTRAL:122400:BALANCE_PROBABLE:123600""],""episode_id"":""BAL:ABB:2026-08-03:004:NEUTRAL:122400"",""escape_attempt_count"":1,""escape_direction"":""DOWN"",""failed_escape_count"":0,""forming_bars_observed"":8,""forming_invalid_bars"":0,""frozen_high"":7580.0,""frozen_low"":7539.0,""last_escape_direction"":""DOWN"",""last_escape_failed_at"":null,""last_escape_started_at"":""2026-08-03T12:48:00+05:30"",""last_reason_codes"":[""ACCEPTED_BALANCE_EPISODE_COMPLETED""],""marginal_excursion_bars"":1,""meaningful_escape_bars"":0,""outside_close_count"":2,""range_id"":""DYNAMIC:2026-08-03T12:03:00+05:30:2026-08-03T12:18:00+05:30"",""rearm_bars_elapsed"":0,""rearm_inside_close_count"":0,""rearm_required"":false,""reentry_close_count"":0,""sequence"":4,""source_range_ids"":[""DYNAMIC:2026-08-03T12:03:00+05:30:2026-08-03T12:18:00+05:30""],""started_at"":""2026-08-03T12:24:00+05:30"",""state"":""COMPLETED"",""state_age_bars"":1,""state_started_at"":""2026-08-03T12:54:00+05:30"",""up_escape_attempt_count"":0},""directional"":{""continuation_failure_progress_bars"":0,""continuation_failure_seen"":false,""continuation_failure_seen_at"":null,""direction"":""DOWN"",""emitted_event_ids"":[""DIR:ABB:2026-08-03:001:DOWN:101500:DIRECTIONAL_COMPLETED:105100"",""DIR:ABB:2026-08-03:001:DOWN:101500:DIRECTIONAL_STARTED:101500"",""DIR:ABB:2026-08-03:002:UP:110000:DIRECTIONAL_COMPLETED:113900"",""DIR:ABB:2026-08-03:002:UP:110000:DIRECTIONAL_MATURED:110300"",""DIR:ABB:2026-08-03:002:UP:110000:DIRECTIONAL_REVERSAL_CONFIRMED:113900"",""DIR:ABB:2026-08-03:002:UP:110000:DIRECTIONAL_STARTED:110000"",""DIR:ABB:2026-08-03:002:UP:110000:REVERSAL_WATCH_STARTED:110600"",""DIR:ABB:2026-08-03:003:DOWN:113900:DIRECTIONAL_COMPLETED:115400"",""DIR:ABB:2026-08-03:003:DOWN:113900:DIRECTIONAL_REVERSAL_LEG_FAILED:115400"",""DIR:ABB:2026-08-03:003:DOWN:113900:DIRECTIONAL_REVERSAL_LEG_STARTED:113900"",""DIR:ABB:2026-08-03:004:UP:120000:DIRECTIONAL_COMPLETED:124500"",""DIR:ABB:2026-08-03:004:UP:120000:DIRECTIONAL_CONTINUATION_CONFIRMED:123300"",""DIR:ABB:2026-08-03:004:UP:120000:DIRECTIONAL_MATURED:120300"",""DIR:ABB:2026-08-03:004:UP:120000:DIRECTIONAL_MATURED:123900"",""DIR:ABB:2026-08-03:004:UP:120000:DIRECTIONAL_REVERSAL_CONFIRMED:124500"",""DIR:ABB:2026-08-03:004:UP:120000:DIRECTIONAL_STARTED:120000"",""DIR:ABB:2026-08-03:004:UP:120000:DIRECTIONAL_TREND_RESTORED:122100"",""DIR:ABB:2026-08-03:004:UP:120000:REVERSAL_WATCH_STARTED:120600"",""DIR:ABB:2026-08-03:004:UP:120000:REVERSAL_WATCH_STARTED:124200"",""DIR:ABB:2026-08-03:005:DOWN:124500:DIRECTIONAL_REVERSAL_LEG_ESTABLISHED:125100"",""DIR:ABB:2026-08-03:005:DOWN:124500:DIRECTIONAL_REVERSAL_LEG_STARTED:124500""],""episode_id"":""DIR:ABB:2026-08-03:005:DOWN:124500"",""extreme_price"":7521.5,""extreme_time"":""2026-08-03T12:48:00+05:30"",""first_adverse_bar_close"":null,""first_adverse_bar_level"":null,""first_adverse_bar_time"":null,""inactive_bars"":0,""last_close"":7530.5,""last_observation_state"":""TREND_FAILURE"",""last_observation_state_time"":""2026-08-03T12:54:00+05:30"",""last_reason_codes"":[""DIRECTIONAL_EPISODE_RETAINED""],""opposite_control_bars"":0,""origin_event_id"":""DIR:ABB:2026-08-03:004:UP:120000:DIRECTIONAL_REVERSAL_CONFIRMED:124500"",""origin_price"":7549.0,""origin_source"":""REVERSAL_EVENT_HANDOFF"",""parent_episode_id"":""DIR:ABB:2026-08-03:004:UP:120000"",""protection_level"":null,""protection_source"":"""",""protection_time"":null,""rejection_seen"":false,""rejection_seen_at"":null,""reversal_confirmation_breach_closes"":0,""reversal_confirmation_level"":7565.0,""reversal_confirmation_level_time"":""2026-08-03T12:42:00+05:30"",""reversal_confirmation_source"":""EPISODE_PRICE_ACTION_FIRST_ADVERSE_BAR:BAR_LOW"",""reversal_leg_failure_closes"":0,""reversal_leg_progress_atr"":0.7228718537710966,""reversal_leg_progress_bars"":2,""reversal_watch_age_bars"":0,""sequence"":5,""start_candidate_bars"":0,""start_candidate_side"":""UNKNOWN"",""started_at"":""2026-08-03T12:45:00+05:30"",""state"":""DIRECTIONAL"",""state_age_bars"":2,""state_started_at"":""2026-08-03T12:51:00+05:30"",""trend_restore_bars"":0},""evidence_history"":[{""atr"":26.803598153255074,""bar"":{""body_fraction"":0.55,""close"":7595.5,""close_position"":0.63,""direction"":""UP"",""high"":7614.0,""low"":7564.0,""lower_wick_fraction"":0.08,""move_atr"":1.025981655252519,""move_points"":27.5,""open"":7568.0,""snapshot_time"":""2026-08-03T12:21:00+05:30"",""upper_wick_fraction"":0.37,""volume"":24083.0},""close"":7595.5,""trend"":{""ema_ref"":7388.871630096098,""ema_slow"":7416.381225016783,""hma_order"":""BUY"",""hma_spread_atr"":7.24055244260279}},{""atr"":26.63905542802257,""bar"":{""body_fraction"":0.6097560975609756,""close"":7573.0,""close_position"":0.0975609756097561,""direction"":""DOWN"",""high"":7591.5,""low"":7571.0,""lower_wick_fraction"":0.0975609756097561,""move_atr"":-0.4692358568709161,""move_points"":-12.5,""open"":7585.5,""snapshot_time"":""2026-08-03T12:24:00+05:30"",""upper_wick_fraction"":0.2926829268292683,""volume"":7490.0},""close"":7573.0,""trend"":{""ema_ref"":7390.70375317972,""ema_slow"":7419.482586897639,""hma_order"":""BUY"",""hma_spread_atr"":7.215407133067264}},{""atr"":26.09340861173525,""bar"":{""body_fraction"":0.6756756756756757,""close"":7560.0,""close_position"":0.32432432432432434,""direction"":""DOWN"",""high"":7572.5,""low"":7554.0,""lower_wick_fraction"":0.32432432432432434,""move_atr"":-0.4790481836235934,""move_points"":-12.5,""open"":7572.5,""snapshot_time"":""2026-08-03T12:27:00+05:30"",""upper_wick_fraction"":0.0,""volume"":4842.0},""close"":7560.0,""trend"":{""ema_ref"":7392.388292949076,""ema_slow"":7422.265109929368,""hma_order"":""BUY"",""hma_spread_atr"":7.134054864885309}},{""atr"":25.69387942518273,""bar"":{""body_fraction"":0.1951219512195122,""close"":7564.0,""close_position"":0.5609756097560976,""direction"":""UP"",""high"":7573.0,""low"":7552.5,""lower_wick_fraction"":0.36585365853658536,""move_atr"":0.15567909904954155,""move_points"":4.0,""open"":7560.0,""snapshot_time"":""2026-08-03T12:30:00+05:30"",""upper_wick_fraction"":0.4390243902439024,""volume"":5286.0},""close"":7564.0,""trend"":{""ema_ref"":7394.095872123712,""ema_slow"":7425.071741415915,""hma_order"":""BUY"",""hma_spread_atr"":6.901663969872465}},{""atr"":25.251459466241105,""bar"":{""body_fraction"":0.5128205128205128,""close"":7574.0,""close_position"":0.6923076923076923,""direction"":""UP"",""high"":7580.0,""low"":7560.5,""lower_wick_fraction"":0.1794871794871795,""move_atr"":0.3960167139396076,""move_points"":10.0,""open"":7564.0,""snapshot_time"":""2026-08-03T12:33:00+05:30"",""upper_wick_fraction"":0.3076923076923077,""volume"":4579.0},""close"":7574.0,""trend"":{""ema_ref"":7395.885962948352,""ema_slow"":7428.020815843322,""hma_order"":""BUY"",""hma_spread_atr"":6.730861675681214}},{""atr"":24.376355218652453,""bar"":{""body_fraction"":0.8461538461538461,""close"":7563.0,""close_position"":0.0,""direction"":""DOWN"",""high"":7576.0,""low"":7563.0,""lower_wick_fraction"":0.0,""move_atr"":-0.4512569619753059,""move_points"":-11.0,""open"":7574.0,""snapshot_time"":""2026-08-03T12:36:00+05:30"",""upper_wick_fraction"":0.15384615384615383,""volume"":4588.0},""close"":7563.0,""trend"":{""ema_ref"":7397.548789187673,""ema_slow"":7430.693670975137,""hma_order"":""SELL"",""hma_spread_atr"":6.821083487693762}},{""atr"":24.17090127446299,""bar"":{""body_fraction"":0.5116279069767442,""close"":7574.0,""close_position"":0.9767441860465116,""direction"":""UP"",""high"":7574.5,""low"":7553.0,""lower_wick_fraction"":0.46511627906976744,""move_atr"":0.4550926701116315,""move_points"":11.0,""open"":7563.0,""snapshot_time"":""2026-08-03T12:39:00+05:30"",""upper_wick_fraction"":0.023255813953488372,""volume"":6206.0},""close"":7574.0,""trend"":{""ema_ref"":7399.304522628592,""ema_slow"":7433.531420064738,""hma_order"":""SELL"",""hma_spread_atr"":6.949155369897782}},{""atr"":23.30155118342992,""bar"":{""body_fraction"":0.5,""close"":7568.0,""close_position"":0.25,""direction"":""DOWN"",""high"":7577.0,""low"":7565.0,""lower_wick_fraction"":0.25,""move_atr"":-0.2574935871336621,""move_points"":-6.0,""open"":7574.0,""snapshot_time"":""2026-08-03T12:42:00+05:30"",""upper_wick_fraction"":0.25,""volume"":2671.0},""close"":7568.0,""trend"":{""ema_ref"":7400.983084592487,""ema_slow"":7436.194164221872,""hma_order"":""SELL"",""hma_spread_atr"":7.253149483753991}},{""atr"":23.280011813184927,""bar"":{""body_fraction"":0.8260869565217391,""close"":7549.0,""close_position"":0.17391304347826086,""direction"":""DOWN"",""high"":7568.0,""low"":7545.0,""lower_wick_fraction"":0.17391304347826086,""move_atr"":-0.8161507886022253,""move_points"":-19.0,""open"":7568.0,""snapshot_time"":""2026-08-03T12:45:00+05:30"",""upper_wick_fraction"":0.0,""volume"":4025.0},""close"":7549.0,""trend"":{""ema_ref"":7402.45588972092,""ema_slow"":7438.427943148171,""hma_order"":""SELL"",""hma_spread_atr"":7.263971475968091}},{""atr"":23.58143954081458,""bar"":{""body_fraction"":0.5192307692307693,""close"":7534.0,""close_position"":0.4807692307692308,""direction"":""DOWN"",""high"":7547.5,""low"":7521.5,""lower_wick_fraction"":0.4807692307692308,""move_atr"":-0.5724841342545819,""move_points"":-13.5,""open"":7547.5,""snapshot_time"":""2026-08-03T12:48:00+05:30"",""upper_wick_fraction"":0.0,""volume"":8619.0},""close"":7534.0,""trend"":{""ema_ref"":7403.764786340612,""ema_slow"":7440.320459125435,""hma_order"":""SELL"",""hma_spread_atr"":7.126234087883324}},{""atr"":22.825622430756393,""bar"":{""body_fraction"":0.07692307692307693,""close"":7532.5,""close_position"":0.4615384615384616,""direction"":""DOWN"",""high"":7539.5,""low"":7526.5,""lower_wick_fraction"":0.4615384615384616,""move_atr"":-0.04381041538006646,""move_points"":-1.0,""open"":7533.5,""snapshot_time"":""2026-08-03T12:51:00+05:30"",""upper_wick_fraction"":0.4615384615384616,""volume"":2859.0},""close"":7532.5,""trend"":{""ema_ref"":7405.045733740208,""ema_slow"":7442.145796568496,""hma_order"":""SELL"",""hma_spread_atr"":7.268781628989275}},{""atr"":22.159506542845225,""bar"":{""body_fraction"":0.14814814814814814,""close"":7530.5,""close_position"":0.48148148148148145,""direction"":""DOWN"",""high"":7537.5,""low"":7524.0,""lower_wick_fraction"":0.48148148148148145,""move_atr"":-0.09025471736624714,""move_points"":-2.0,""open"":7532.5,""snapshot_time"":""2026-08-03T12:54:00+05:30"",""upper_wick_fraction"":0.3703703703703703,""volume"":3645.0},""close"":7530.5,""trend"":{""ema_ref"":7406.294034897022,""ema_slow"":7443.8953847552575,""hma_order"":""SELL"",""hma_spread_atr"":7.346886174853382}}],""last_observation_hash"":""868e08f9bdc46eaffb39bf05c5d7ddbccb02285ab920e41be78f8be2ad121102"",""last_snapshot_time"":""2026-08-03T12:54:00+05:30"",""observation"":{""compression_box_high"":null,""compression_box_low"":null,""compression_candidate_bars"":0,""current_state"":""TREND_FAILURE"",""established_side"":""UP"",""exhaustion_active"":true,""exhaustion_age_bars"":3,""exhaustion_clear_bars"":0,""exhaustion_last_seen_at"":""2026-08-03T12:54:00+05:30"",""exhaustion_side"":""UP"",""exhaustion_started_at"":""2026-08-03T12:48:00+05:30"",""failure_breach_bars"":4,""last_close"":7530.5,""last_reason_codes"":[""TREND_FAILURE_OBSERVATION_REMAINS_UNRESOLVED"",""OBSERVATION_PROPOSAL_MATCHED_CURRENT"",""OBSERVATION_STATE_TREND_FAILURE""],""last_snapshot_time"":""2026-08-03T12:54:00+05:30"",""leg_age_bars"":8,""leg_anchor_price"":7552.5,""leg_anchor_time"":""2026-08-03T12:33:00+05:30"",""leg_extreme_price"":7580.0,""leg_maturity_consumed"":false,""leg_maturity_extreme_price"":null,""leg_maturity_onset_time"":null,""leg_no_progress_bars"":7,""observation_count"":74,""pending_bars"":0,""pending_state"":null,""protection_level"":7552.5,""protection_source"":""CONFIRMED_PULLBACK_EXTREME"",""protection_time"":""2026-08-03T12:33:00+05:30"",""pullback_age_bars"":0,""pullback_candidate_bars"":0,""pullback_extreme_price"":null,""reacceleration_age_bars"":2,""recompression_age_bars"":0,""reversal_confirmation_bars"":1,""reversal_side"":""UP"",""state_age_bars"":3,""trading_day"":""2026-08-03"",""trend_anchor_price"":7355.0,""trend_candidate_bars"":1,""trend_candidate_side"":""DOWN"",""trend_extreme_price"":7614.0,""trend_failure_age_bars"":3,""trend_onset_time"":""2026-08-03T10:48:00+05:30""},""symbol"":""ABB"",""trading_day"":""2026-08-03""}"
restoration-v3-current-day,development,restoration-trend-control-v3,backtest-default,OK,,,,ABB,2026-08-03,2026-08-03T12:57:00+05:30,2026-08-03T12:54:00+05:30,SNAPSHOT_AUCTION_AUTHORITY_V3A,3m,True,True,7526.0,2026-08-03T12:57:00,7530.5,7543.5,7518.5,7526.0,5071.0,22.362398932641995,EXPANDING_RANGE,SELL,candidate_boundaries_or_midpoint_still_drifting,RANGE_ACCEPTED,DYNAMIC:2026-08-03T12:03:00+05:30:2026-08-03T12:18:00+05:30,7539.0,7575.0,13,ok,DOWN_SLOWING,-0.1453332448718654,-0.25712804861945415,OK,INCREMENTAL_PREVIOUS_SNAPSHOT,AUTOTRADES_AUCTION_ENGINE,1.1.0,,,REVERSAL,DOWN,DOWN,False,True,False,UNKNOWN,True,False,True,7543.5,INITIAL_DIRECTIONAL_ANCHOR,2026-08-03T12:57:00+05:30,DYNAMIC:2026-08-03T12:03:00+05:30:2026-08-03T12:18:00+05:30,7539.0,7575.0,False,-0.3611111111111111,0.6271186440677966,PRICE_ACTION,0.6409698996655518,OPPOSITE_FOLLOWTHROUGH_CONFIRMED_AFTER_TREND_FAILURE|OBSERVATION_TRANSITION_CONFIRMED|OBSERVATION_STATE_REVERSAL|OBJECTIVE_REJECTION_OBSERVED|OBJECTIVE_STRUCTURAL_FAILURE_OBSERVED|OBJECTIVE_ACCEPTED_RANGE_GEOMETRY_PRESENT|OBJECTIVE_TREND_PROTECTION_GEOMETRY_PRESENT,DIR:ABB:2026-08-03:005:DOWN:124500,DIRECTIONAL,MATURE,DOWN,REVERSAL_EVENT_HANDOFF,DIR:ABB:2026-08-03:004:UP:120000,DIR:ABB:2026-08-03:004:UP:120000:DIRECTIONAL_REVERSAL_CONFIRMED:124500,2026-08-03T12:45:00+05:30,2026-08-03T12:57:00+05:30,1,7549.0,7518.5,2026-08-03T12:57:00+05:30,7543.5,INITIAL_DIRECTIONAL_ANCHOR,7565.0,EPISODE_PRICE_ACTION_FIRST_ADVERSE_BAR:BAR_LOW,2026-08-03T12:42:00+05:30,2,0.7228718537710966,0,False,DIRECTIONAL_MATURITY_OBSERVED,5,UNKNOWN,0,0,0,0,0,REVERSAL,2026-08-03T12:57:00+05:30,DIRECTIONAL_MATURITY_OBSERVED,,COMPLETED,NONE,0,,,,,,UNKNOWN,0,0,0,0,False,False,NO_QUALIFIED_ACCEPTED_RANGE,1,DIR:ABB:2026-08-03:005:DOWN:124500:DIRECTIONAL_MATURED:125700,DIRECTIONAL_MATURED,DOWN,DIR:ABB:2026-08-03:005:DOWN:124500,DIRECTIONAL_MATURED:DIRECTIONAL_MATURITY_OBSERVED,0,,,,,MATCH,MATCH,MATCH,MATCH,False,0,False,False,True,True,,COHERENT,"[""event_id='DIR:ABB:2026-08-03:005:DOWN:124500:DIRECTIONAL_MATURED:125700' event_type=<AuctionEventType.DIRECTIONAL_MATURED: 'DIRECTIONAL_MATURED'> episode_id='DIR:ABB:2026-08-03:005:DOWN:124500' symbol='ABB' trading_day=datetime.date(2026, 8, 3) event_time=datetime.datetime(2026, 8, 3, 12, 57, tzinfo=TzInfo(19800)) direction=<DirectionalBias.DOWN: 'DOWN'> reason_codes=('DIRECTIONAL_MATURITY_OBSERVED',) data={'origin_price': 7549.0, 'extreme_price': 7518.5, 'origin_source': 'REVERSAL_EVENT_HANDOFF', 'origin_event_id': 'DIR:ABB:2026-08-03:004:UP:120000:DIRECTIONAL_REVERSAL_CONFIRMED:124500', 'protection_level': 7543.5, 'parent_episode_id': 'DIR:ABB:2026-08-03:004:UP:120000', 'protection_source': 'INITIAL_DIRECTIONAL_ANCHOR', 'first_adverse_bar_time': None, 'first_adverse_bar_close': None, 'first_adverse_bar_level': None, 'continuation_failure_time': None, 'reversal_leg_progress_atr': 0.7228718537710966, 'reversal_leg_progress_bars': 2, 'reversal_confirmation_level': 7565.0, 'reversal_leg_failure_closes': 0, 'reversal_confirmation_source': 'EPISODE_PRICE_ACTION_FIRST_ADVERSE_BAR:BAR_LOW', 'reversal_confirmation_level_time': '2026-08-03T12:42:00+05:30'}""]",[],"{""accepted_range_breakout_eligible"":true,""accepted_range_established_at"":""2026-08-03T12:18:00+05:30"",""accepted_range_high"":7575.0,""accepted_range_id"":""DYNAMIC:2026-08-03T12:03:00+05:30:2026-08-03T12:18:00+05:30"",""accepted_range_inside"":false,""accepted_range_low"":7539.0,""accepted_range_outside_atr"":0.5813329794874615,""accepted_range_position"":-0.3611111111111111,""accepted_range_provisional"":false,""atr"":22.362398932641995,""close"":7526.0,""current_leg_mature"":false,""directional_bias"":""DOWN"",""directional_efficiency"":0.6271186440677966,""directional_efficiency_source"":""PRICE_ACTION"",""exhausted_side"":""UNKNOWN"",""exhaustion_active"":false,""extension_mature"":true,""failed_extreme_observed"":false,""high"":7543.5,""low"":7518.5,""observation_state"":""REVERSAL"",""overlap_ratio"":0.6409698996655518,""range_width_atr"":1.6098451739652782,""rejection_observed"":true,""snapshot_time"":""2026-08-03T12:57:00+05:30"",""source_reason_codes"":[""OPPOSITE_FOLLOWTHROUGH_CONFIRMED_AFTER_TREND_FAILURE"",""OBSERVATION_TRANSITION_CONFIRMED"",""OBSERVATION_STATE_REVERSAL"",""OBJECTIVE_REJECTION_OBSERVED"",""OBJECTIVE_STRUCTURAL_FAILURE_OBSERVED"",""OBJECTIVE_ACCEPTED_RANGE_GEOMETRY_PRESENT"",""OBJECTIVE_TREND_PROTECTION_GEOMETRY_PRESENT""],""structural_failure_confirmed"":true,""symbol"":""ABB"",""trading_day"":""2026-08-03"",""trend_direction"":""DOWN"",""trend_protection_level"":7543.5,""trend_protection_source"":""INITIAL_DIRECTIONAL_ANCHOR"",""trend_protection_time"":""2026-08-03T12:57:00+05:30""}","{""continuation_failure_seen"":false,""continuation_failure_time"":null,""current_state"":""MATURE"",""direction"":""DOWN"",""episode_id"":""DIR:ABB:2026-08-03:005:DOWN:124500"",""extreme_price"":7518.5,""extreme_time"":""2026-08-03T12:57:00+05:30"",""first_adverse_bar_close"":null,""first_adverse_bar_level"":null,""first_adverse_bar_time"":null,""origin_event_id"":""DIR:ABB:2026-08-03:004:UP:120000:DIRECTIONAL_REVERSAL_CONFIRMED:124500"",""origin_price"":7549.0,""origin_source"":""REVERSAL_EVENT_HANDOFF"",""parent_episode_id"":""DIR:ABB:2026-08-03:004:UP:120000"",""previous_state"":""DIRECTIONAL"",""protection_level"":7543.5,""protection_source"":""INITIAL_DIRECTIONAL_ANCHOR"",""reason_codes"":[""DIRECTIONAL_MATURITY_OBSERVED""],""rejection_seen"":false,""reversal_confirmation_breach_closes"":0,""reversal_confirmation_level"":7565.0,""reversal_confirmation_level_time"":""2026-08-03T12:42:00+05:30"",""reversal_confirmation_source"":""EPISODE_PRICE_ACTION_FIRST_ADVERSE_BAR:BAR_LOW"",""reversal_leg_failure_closes"":0,""reversal_leg_progress_atr"":0.7228718537710966,""reversal_leg_progress_bars"":2,""started_at"":""2026-08-03T12:45:00+05:30"",""state_age_bars"":1,""state_started_at"":""2026-08-03T12:57:00+05:30""}","{""attempt_limit_reached"":false,""candidate_bar_expansion_count"":0,""candidate_high"":null,""candidate_last_valid_at"":null,""candidate_low"":null,""candidate_merge_count"":0,""containment_bars"":0,""containment_ratio"":0.0,""current_state"":""NONE"",""down_escape_attempt_count"":0,""episode_id"":null,""escape_attempt_count"":0,""escape_direction"":""UNKNOWN"",""failed_escape_count"":0,""forming_bars_observed"":0,""forming_invalid_bars"":0,""frozen_high"":null,""frozen_low"":null,""last_escape_direction"":""UNKNOWN"",""last_escape_failed_at"":null,""last_escape_started_at"":null,""marginal_excursion_bars"":0,""meaningful_escape_bars"":0,""outside_close_count"":0,""previous_state"":""COMPLETED"",""range_id"":null,""rearm_bars_elapsed"":0,""rearm_inside_close_count"":0,""rearm_required"":false,""reason_codes"":[""NO_QUALIFIED_ACCEPTED_RANGE""],""reentry_close_count"":0,""source_range_ids"":[],""started_at"":null,""state_age_bars"":0,""state_started_at"":null,""up_escape_attempt_count"":0}","{""balance_attempt_limit_reached"":false,""balance_candidate_bar_expansion_count"":0,""balance_candidate_merge_count"":0,""balance_containment_ratio"":0.0,""balance_down_escape_attempt_count"":0,""balance_escape_attempt_count"":0,""balance_failed_escape_count"":0,""balance_forming_bars_observed"":0,""balance_forming_invalid_bars"":0,""balance_last_escape_direction"":""UNKNOWN"",""balance_last_escape_failed_at"":null,""balance_last_escape_started_at"":null,""balance_marginal_excursion_bars"":0,""balance_meaningful_escape_bars"":0,""balance_rearm_bars_elapsed"":0,""balance_rearm_inside_close_count"":0,""balance_rearm_required"":false,""balance_up_escape_attempt_count"":0,""directional_origin_event_id"":""DIR:ABB:2026-08-03:004:UP:120000:DIRECTIONAL_REVERSAL_CONFIRMED:124500"",""directional_origin_source"":""REVERSAL_EVENT_HANDOFF"",""directional_parent_episode_id"":""DIR:ABB:2026-08-03:004:UP:120000"",""directional_reversal_watch_age_bars"":0,""directional_start_candidate_bars"":0,""directional_start_candidate_side"":""UNKNOWN"",""observation_accepted_range_id"":""DYNAMIC:2026-08-03T12:03:00+05:30:2026-08-03T12:18:00+05:30"",""observation_current_leg_mature"":false,""observation_directional_bias"":""DOWN"",""observation_exhaustion_active"":false,""observation_state"":""REVERSAL""}","{""balance"":{""attempt_limit_reached"":false,""candidate_bar_expansion_count"":0,""candidate_high"":null,""candidate_last_valid_at"":null,""candidate_low"":null,""candidate_merge_count"":0,""containment_bars"":0,""down_escape_attempt_count"":0,""emitted_event_ids"":[""BAL:ABB:2026-08-03:001:NEUTRAL:100600:BALANCE_COMPLETED:105400"",""BAL:ABB:2026-08-03:001:NEUTRAL:100600:BALANCE_ESCAPE_ACCEPTED:105100"",""BAL:ABB:2026-08-03:001:NEUTRAL:100600:BALANCE_ESCAPE_STARTED:104800"",""BAL:ABB:2026-08-03:001:NEUTRAL:100600:BALANCE_FORMING_STARTED:100600"",""BAL:ABB:2026-08-03:001:NEUTRAL:100600:BALANCE_LOCKED:102700"",""BAL:ABB:2026-08-03:001:NEUTRAL:100600:BALANCE_PROBABLE:101800"",""BAL:ABB:2026-08-03:002:NEUTRAL:112100:BALANCE_COMPLETED:113000"",""BAL:ABB:2026-08-03:002:NEUTRAL:112100:BALANCE_FORMING_STARTED:112100"",""BAL:ABB:2026-08-03:003:NEUTRAL:114800:BALANCE_COMPLETED:115400"",""BAL:ABB:2026-08-03:003:NEUTRAL:114800:BALANCE_FORMING_STARTED:114800"",""BAL:ABB:2026-08-03:004:NEUTRAL:122400:BALANCE_COMPLETED:125400"",""BAL:ABB:2026-08-03:004:NEUTRAL:122400:BALANCE_ESCAPE_ACCEPTED:125100"",""BAL:ABB:2026-08-03:004:NEUTRAL:122400:BALANCE_ESCAPE_STARTED:124800"",""BAL:ABB:2026-08-03:004:NEUTRAL:122400:BALANCE_FORMING_STARTED:122400"",""BAL:ABB:2026-08-03:004:NEUTRAL:122400:BALANCE_LOCKED:124500"",""BAL:ABB:2026-08-03:004:NEUTRAL:122400:BALANCE_PROBABLE:123600""],""episode_id"":null,""escape_attempt_count"":0,""escape_direction"":""UNKNOWN"",""failed_escape_count"":0,""forming_bars_observed"":0,""forming_invalid_bars"":0,""frozen_high"":null,""frozen_low"":null,""last_escape_direction"":""UNKNOWN"",""last_escape_failed_at"":null,""last_escape_started_at"":null,""last_reason_codes"":[""NO_QUALIFIED_ACCEPTED_RANGE""],""marginal_excursion_bars"":0,""meaningful_escape_bars"":0,""outside_close_count"":0,""range_id"":null,""rearm_bars_elapsed"":0,""rearm_inside_close_count"":0,""rearm_required"":false,""reentry_close_count"":0,""sequence"":4,""source_range_ids"":[],""started_at"":null,""state"":""NONE"",""state_age_bars"":0,""state_started_at"":null,""up_escape_attempt_count"":0},""directional"":{""continuation_failure_progress_bars"":0,""continuation_failure_seen"":false,""continuation_failure_seen_at"":null,""direction"":""DOWN"",""emitted_event_ids"":[""DIR:ABB:2026-08-03:001:DOWN:101500:DIRECTIONAL_COMPLETED:105100"",""DIR:ABB:2026-08-03:001:DOWN:101500:DIRECTIONAL_STARTED:101500"",""DIR:ABB:2026-08-03:002:UP:110000:DIRECTIONAL_COMPLETED:113900"",""DIR:ABB:2026-08-03:002:UP:110000:DIRECTIONAL_MATURED:110300"",""DIR:ABB:2026-08-03:002:UP:110000:DIRECTIONAL_REVERSAL_CONFIRMED:113900"",""DIR:ABB:2026-08-03:002:UP:110000:DIRECTIONAL_STARTED:110000"",""DIR:ABB:2026-08-03:002:UP:110000:REVERSAL_WATCH_STARTED:110600"",""DIR:ABB:2026-08-03:003:DOWN:113900:DIRECTIONAL_COMPLETED:115400"",""DIR:ABB:2026-08-03:003:DOWN:113900:DIRECTIONAL_REVERSAL_LEG_FAILED:115400"",""DIR:ABB:2026-08-03:003:DOWN:113900:DIRECTIONAL_REVERSAL_LEG_STARTED:113900"",""DIR:ABB:2026-08-03:004:UP:120000:DIRECTIONAL_COMPLETED:124500"",""DIR:ABB:2026-08-03:004:UP:120000:DIRECTIONAL_CONTINUATION_CONFIRMED:123300"",""DIR:ABB:2026-08-03:004:UP:120000:DIRECTIONAL_MATURED:120300"",""DIR:ABB:2026-08-03:004:UP:120000:DIRECTIONAL_MATURED:123900"",""DIR:ABB:2026-08-03:004:UP:120000:DIRECTIONAL_REVERSAL_CONFIRMED:124500"",""DIR:ABB:2026-08-03:004:UP:120000:DIRECTIONAL_STARTED:120000"",""DIR:ABB:2026-08-03:004:UP:120000:DIRECTIONAL_TREND_RESTORED:122100"",""DIR:ABB:2026-08-03:004:UP:120000:REVERSAL_WATCH_STARTED:120600"",""DIR:ABB:2026-08-03:004:UP:120000:REVERSAL_WATCH_STARTED:124200"",""DIR:ABB:2026-08-03:005:DOWN:124500:DIRECTIONAL_MATURED:125700"",""DIR:ABB:2026-08-03:005:DOWN:124500:DIRECTIONAL_REVERSAL_LEG_ESTABLISHED:125100"",""DIR:ABB:2026-08-03:005:DOWN:124500:DIRECTIONAL_REVERSAL_LEG_STARTED:124500""],""episode_id"":""DIR:ABB:2026-08-03:005:DOWN:124500"",""extreme_price"":7518.5,""extreme_time"":""2026-08-03T12:57:00+05:30"",""first_adverse_bar_close"":null,""first_adverse_bar_level"":null,""first_adverse_bar_time"":null,""inactive_bars"":0,""last_close"":7526.0,""last_observation_state"":""REVERSAL"",""last_observation_state_time"":""2026-08-03T12:57:00+05:30"",""last_reason_codes"":[""DIRECTIONAL_MATURITY_OBSERVED""],""opposite_control_bars"":0,""origin_event_id"":""DIR:ABB:2026-08-03:004:UP:120000:DIRECTIONAL_REVERSAL_CONFIRMED:124500"",""origin_price"":7549.0,""origin_source"":""REVERSAL_EVENT_HANDOFF"",""parent_episode_id"":""DIR:ABB:2026-08-03:004:UP:120000"",""protection_level"":7543.5,""protection_source"":""INITIAL_DIRECTIONAL_ANCHOR"",""protection_time"":""2026-08-03T12:57:00+05:30"",""rejection_seen"":false,""rejection_seen_at"":null,""reversal_confirmation_breach_closes"":0,""reversal_confirmation_level"":7565.0,""reversal_confirmation_level_time"":""2026-08-03T12:42:00+05:30"",""reversal_confirmation_source"":""EPISODE_PRICE_ACTION_FIRST_ADVERSE_BAR:BAR_LOW"",""reversal_leg_failure_closes"":0,""reversal_leg_progress_atr"":0.7228718537710966,""reversal_leg_progress_bars"":2,""reversal_watch_age_bars"":0,""sequence"":5,""start_candidate_bars"":0,""start_candidate_side"":""UNKNOWN"",""started_at"":""2026-08-03T12:45:00+05:30"",""state"":""MATURE"",""state_age_bars"":1,""state_started_at"":""2026-08-03T12:57:00+05:30"",""trend_restore_bars"":0},""evidence_history"":[{""atr"":26.63905542802257,""bar"":{""body_fraction"":0.6097560975609756,""close"":7573.0,""close_position"":0.0975609756097561,""direction"":""DOWN"",""high"":7591.5,""low"":7571.0,""lower_wick_fraction"":0.0975609756097561,""move_atr"":-0.4692358568709161,""move_points"":-12.5,""open"":7585.5,""snapshot_time"":""2026-08-03T12:24:00+05:30"",""upper_wick_fraction"":0.2926829268292683,""volume"":7490.0},""close"":7573.0,""trend"":{""ema_ref"":7390.70375317972,""ema_slow"":7419.482586897639,""hma_order"":""BUY"",""hma_spread_atr"":7.215407133067264}},{""atr"":26.09340861173525,""bar"":{""body_fraction"":0.6756756756756757,""close"":7560.0,""close_position"":0.32432432432432434,""direction"":""DOWN"",""high"":7572.5,""low"":7554.0,""lower_wick_fraction"":0.32432432432432434,""move_atr"":-0.4790481836235934,""move_points"":-12.5,""open"":7572.5,""snapshot_time"":""2026-08-03T12:27:00+05:30"",""upper_wick_fraction"":0.0,""volume"":4842.0},""close"":7560.0,""trend"":{""ema_ref"":7392.388292949076,""ema_slow"":7422.265109929368,""hma_order"":""BUY"",""hma_spread_atr"":7.134054864885309}},{""atr"":25.69387942518273,""bar"":{""body_fraction"":0.1951219512195122,""close"":7564.0,""close_position"":0.5609756097560976,""direction"":""UP"",""high"":7573.0,""low"":7552.5,""lower_wick_fraction"":0.36585365853658536,""move_atr"":0.15567909904954155,""move_points"":4.0,""open"":7560.0,""snapshot_time"":""2026-08-03T12:30:00+05:30"",""upper_wick_fraction"":0.4390243902439024,""volume"":5286.0},""close"":7564.0,""trend"":{""ema_ref"":7394.095872123712,""ema_slow"":7425.071741415915,""hma_order"":""BUY"",""hma_spread_atr"":6.901663969872465}},{""atr"":25.251459466241105,""bar"":{""body_fraction"":0.5128205128205128,""close"":7574.0,""close_position"":0.6923076923076923,""direction"":""UP"",""high"":7580.0,""low"":7560.5,""lower_wick_fraction"":0.1794871794871795,""move_atr"":0.3960167139396076,""move_points"":10.0,""open"":7564.0,""snapshot_time"":""2026-08-03T12:33:00+05:30"",""upper_wick_fraction"":0.3076923076923077,""volume"":4579.0},""close"":7574.0,""trend"":{""ema_ref"":7395.885962948352,""ema_slow"":7428.020815843322,""hma_order"":""BUY"",""hma_spread_atr"":6.730861675681214}},{""atr"":24.376355218652453,""bar"":{""body_fraction"":0.8461538461538461,""close"":7563.0,""close_position"":0.0,""direction"":""DOWN"",""high"":7576.0,""low"":7563.0,""lower_wick_fraction"":0.0,""move_atr"":-0.4512569619753059,""move_points"":-11.0,""open"":7574.0,""snapshot_time"":""2026-08-03T12:36:00+05:30"",""upper_wick_fraction"":0.15384615384615383,""volume"":4588.0},""close"":7563.0,""trend"":{""ema_ref"":7397.548789187673,""ema_slow"":7430.693670975137,""hma_order"":""SELL"",""hma_spread_atr"":6.821083487693762}},{""atr"":24.17090127446299,""bar"":{""body_fraction"":0.5116279069767442,""close"":7574.0,""close_position"":0.9767441860465116,""direction"":""UP"",""high"":7574.5,""low"":7553.0,""lower_wick_fraction"":0.46511627906976744,""move_atr"":0.4550926701116315,""move_points"":11.0,""open"":7563.0,""snapshot_time"":""2026-08-03T12:39:00+05:30"",""upper_wick_fraction"":0.023255813953488372,""volume"":6206.0},""close"":7574.0,""trend"":{""ema_ref"":7399.304522628592,""ema_slow"":7433.531420064738,""hma_order"":""SELL"",""hma_spread_atr"":6.949155369897782}},{""atr"":23.30155118342992,""bar"":{""body_fraction"":0.5,""close"":7568.0,""close_position"":0.25,""direction"":""DOWN"",""high"":7577.0,""low"":7565.0,""lower_wick_fraction"":0.25,""move_atr"":-0.2574935871336621,""move_points"":-6.0,""open"":7574.0,""snapshot_time"":""2026-08-03T12:42:00+05:30"",""upper_wick_fraction"":0.25,""volume"":2671.0},""close"":7568.0,""trend"":{""ema_ref"":7400.983084592487,""ema_slow"":7436.194164221872,""hma_order"":""SELL"",""hma_spread_atr"":7.253149483753991}},{""atr"":23.280011813184927,""bar"":{""body_fraction"":0.8260869565217391,""close"":7549.0,""close_position"":0.17391304347826086,""direction"":""DOWN"",""high"":7568.0,""low"":7545.0,""lower_wick_fraction"":0.17391304347826086,""move_atr"":-0.8161507886022253,""move_points"":-19.0,""open"":7568.0,""snapshot_time"":""2026-08-03T12:45:00+05:30"",""upper_wick_fraction"":0.0,""volume"":4025.0},""close"":7549.0,""trend"":{""ema_ref"":7402.45588972092,""ema_slow"":7438.427943148171,""hma_order"":""SELL"",""hma_spread_atr"":7.263971475968091}},{""atr"":23.58143954081458,""bar"":{""body_fraction"":0.5192307692307693,""close"":7534.0,""close_position"":0.4807692307692308,""direction"":""DOWN"",""high"":7547.5,""low"":7521.5,""lower_wick_fraction"":0.4807692307692308,""move_atr"":-0.5724841342545819,""move_points"":-13.5,""open"":7547.5,""snapshot_time"":""2026-08-03T12:48:00+05:30"",""upper_wick_fraction"":0.0,""volume"":8619.0},""close"":7534.0,""trend"":{""ema_ref"":7403.764786340612,""ema_slow"":7440.320459125435,""hma_order"":""SELL"",""hma_spread_atr"":7.126234087883324}},{""atr"":22.825622430756393,""bar"":{""body_fraction"":0.07692307692307693,""close"":7532.5,""close_position"":0.4615384615384616,""direction"":""DOWN"",""high"":7539.5,""low"":7526.5,""lower_wick_fraction"":0.4615384615384616,""move_atr"":-0.04381041538006646,""move_points"":-1.0,""open"":7533.5,""snapshot_time"":""2026-08-03T12:51:00+05:30"",""upper_wick_fraction"":0.4615384615384616,""volume"":2859.0},""close"":7532.5,""trend"":{""ema_ref"":7405.045733740208,""ema_slow"":7442.145796568496,""hma_order"":""SELL"",""hma_spread_atr"":7.268781628989275}},{""atr"":22.159506542845225,""bar"":{""body_fraction"":0.14814814814814814,""close"":7530.5,""close_position"":0.48148148148148145,""direction"":""DOWN"",""high"":7537.5,""low"":7524.0,""lower_wick_fraction"":0.48148148148148145,""move_atr"":-0.09025471736624714,""move_points"":-2.0,""open"":7532.5,""snapshot_time"":""2026-08-03T12:54:00+05:30"",""upper_wick_fraction"":0.3703703703703703,""volume"":3645.0},""close"":7530.5,""trend"":{""ema_ref"":7406.294034897022,""ema_slow"":7443.8953847552575,""hma_order"":""SELL"",""hma_spread_atr"":7.346886174853382}},{""atr"":22.362398932641995,""bar"":{""body_fraction"":0.18,""close"":7526.0,""close_position"":0.3,""direction"":""DOWN"",""high"":7543.5,""low"":7518.5,""lower_wick_fraction"":0.3,""move_atr"":-0.20123064674565977,""move_points"":-4.5,""open"":7530.5,""snapshot_time"":""2026-08-03T12:57:00+05:30"",""upper_wick_fraction"":0.52,""volume"":5071.0},""close"":7526.0,""trend"":{""ema_ref"":7407.485139027401,""ema_slow"":7445.5212187205,""hma_order"":""SELL"",""hma_spread_atr"":7.100885384741427}}],""last_observation_hash"":""d1785f8c54bd88551e4629cfac3960d15571051ecece80b1a3a0992282131200"",""last_snapshot_time"":""2026-08-03T12:57:00+05:30"",""observation"":{""compression_box_high"":null,""compression_box_low"":null,""compression_candidate_bars"":0,""current_state"":""REVERSAL"",""established_side"":""DOWN"",""exhaustion_active"":false,""exhaustion_age_bars"":0,""exhaustion_clear_bars"":0,""exhaustion_last_seen_at"":null,""exhaustion_side"":""UNKNOWN"",""exhaustion_started_at"":null,""failure_breach_bars"":0,""last_close"":7526.0,""last_reason_codes"":[""OPPOSITE_FOLLOWTHROUGH_CONFIRMED_AFTER_TREND_FAILURE"",""OBSERVATION_TRANSITION_CONFIRMED"",""OBSERVATION_STATE_REVERSAL""],""last_snapshot_time"":""2026-08-03T12:57:00+05:30"",""leg_age_bars"":1,""leg_anchor_price"":7543.5,""leg_anchor_time"":""2026-08-03T12:57:00+05:30"",""leg_extreme_price"":7518.5,""leg_maturity_consumed"":false,""leg_maturity_extreme_price"":null,""leg_maturity_onset_time"":null,""leg_no_progress_bars"":0,""observation_count"":75,""pending_bars"":0,""pending_state"":null,""protection_level"":7543.5,""protection_source"":""INITIAL_DIRECTIONAL_ANCHOR"",""protection_time"":""2026-08-03T12:57:00+05:30"",""pullback_age_bars"":0,""pullback_candidate_bars"":0,""pullback_extreme_price"":null,""reacceleration_age_bars"":2,""recompression_age_bars"":0,""reversal_confirmation_bars"":0,""reversal_side"":""DOWN"",""state_age_bars"":1,""trading_day"":""2026-08-03"",""trend_anchor_price"":7543.5,""trend_candidate_bars"":2,""trend_candidate_side"":""DOWN"",""trend_extreme_price"":7518.5,""trend_failure_age_bars"":0,""trend_onset_time"":""2026-08-03T12:57:00+05:30""},""symbol"":""ABB"",""trading_day"":""2026-08-03""}"
restoration-v3-current-day,development,restoration-trend-control-v3,backtest-default,OK,,,,ABB,2026-08-03,2026-08-03T13:00:00+05:30,2026-08-03T12:57:00+05:30,SNAPSHOT_AUCTION_AUTHORITY_V3A,3m,True,True,7519.0,2026-08-03T13:00:00,7517.0,7523.0,7501.0,7519.0,7452.0,22.550799008881853,EXPANDING_RANGE,SELL,candidate_boundaries_or_midpoint_still_drifting,RANGE_ACCEPTED,DYNAMIC:2026-08-03T12:03:00+05:30:2026-08-03T12:18:00+05:30,7539.0,7575.0,14,ok,DOWN_ACCELERATING,-0.254979878883019,-0.16629122535849067,OK,INCREMENTAL_PREVIOUS_SNAPSHOT,AUTOTRADES_AUCTION_ENGINE,1.1.0,,,REVERSAL,DOWN,DOWN,False,True,False,UNKNOWN,True,False,False,7543.5,INITIAL_DIRECTIONAL_ANCHOR,2026-08-03T12:57:00+05:30,DYNAMIC:2026-08-03T12:03:00+05:30:2026-08-03T12:18:00+05:30,7539.0,7575.0,False,-0.5555555555555556,1.0,PRICE_ACTION,0.6318789905746428,REVERSAL_OBSERVATION_GRADUATING_TO_ORDERLY_TREND|MINIMUM_DWELL_REVERSAL_3_BARS|OBSERVATION_STATE_REVERSAL|OBJECTIVE_REJECTION_OBSERVED|OBJECTIVE_ACCEPTED_RANGE_GEOMETRY_PRESENT|OBJECTIVE_TREND_PROTECTION_GEOMETRY_PRESENT,DIR:ABB:2026-08-03:005:DOWN:124500,MATURE,REVERSAL_WATCH,DOWN,REVERSAL_EVENT_HANDOFF,DIR:ABB:2026-08-03:004:UP:120000,DIR:ABB:2026-08-03:004:UP:120000:DIRECTIONAL_REVERSAL_CONFIRMED:124500,2026-08-03T12:45:00+05:30,2026-08-03T13:00:00+05:30,1,7549.0,7501.0,2026-08-03T13:00:00+05:30,7543.5,INITIAL_DIRECTIONAL_ANCHOR,7523.0,OBSERVATION_REJECTION_OR_FAILED_EXTREME:BAR_HIGH,2026-08-03T13:00:00+05:30,2,0.7228718537710966,0,True,REVERSAL_WATCH_TRIGGERED,5,UNKNOWN,0,1,0,0,0,REVERSAL,2026-08-03T13:00:00+05:30,REVERSAL_WATCH_TRIGGERED,,NONE,NONE,0,,,,,,UNKNOWN,0,0,0,0,False,False,NO_QUALIFIED_ACCEPTED_RANGE,1,DIR:ABB:2026-08-03:005:DOWN:124500:REVERSAL_WATCH_STARTED:130000,REVERSAL_WATCH_STARTED,DOWN,DIR:ABB:2026-08-03:005:DOWN:124500,REVERSAL_WATCH_STARTED:REJECTION_OBSERVED,0,,,,,MATCH,MATCH,MATCH,MATCH,False,0,False,False,True,True,,COHERENT,"[""event_id='DIR:ABB:2026-08-03:005:DOWN:124500:REVERSAL_WATCH_STARTED:130000' event_type=<AuctionEventType.REVERSAL_WATCH_STARTED: 'REVERSAL_WATCH_STARTED'> episode_id='DIR:ABB:2026-08-03:005:DOWN:124500' symbol='ABB' trading_day=datetime.date(2026, 8, 3) event_time=datetime.datetime(2026, 8, 3, 13, 0, tzinfo=TzInfo(19800)) direction=<DirectionalBias.DOWN: 'DOWN'> reason_codes=('REJECTION_OBSERVED',) data={'origin_price': 7549.0, 'extreme_price': 7501.0, 'origin_source': 'REVERSAL_EVENT_HANDOFF', 'origin_event_id': 'DIR:ABB:2026-08-03:004:UP:120000:DIRECTIONAL_REVERSAL_CONFIRMED:124500', 'protection_level': 7543.5, 'parent_episode_id': 'DIR:ABB:2026-08-03:004:UP:120000', 'protection_source': 'INITIAL_DIRECTIONAL_ANCHOR', 'first_adverse_bar_time': None, 'first_adverse_bar_close': None, 'first_adverse_bar_level': None, 'continuation_failure_time': None, 'reversal_leg_progress_atr': 0.7228718537710966, 'reversal_leg_progress_bars': 2, 'reversal_confirmation_level': None, 'reversal_leg_failure_closes': 0, 'reversal_confirmation_source': '', 'reversal_confirmation_level_time': None}""]",[],"{""accepted_range_breakout_eligible"":true,""accepted_range_established_at"":""2026-08-03T12:18:00+05:30"",""accepted_range_high"":7575.0,""accepted_range_id"":""DYNAMIC:2026-08-03T12:03:00+05:30:2026-08-03T12:18:00+05:30"",""accepted_range_inside"":false,""accepted_range_low"":7539.0,""accepted_range_outside_atr"":0.8868865352452835,""accepted_range_position"":-0.5555555555555556,""accepted_range_provisional"":false,""atr"":22.550799008881853,""close"":7519.0,""current_leg_mature"":false,""directional_bias"":""DOWN"",""directional_efficiency"":1.0,""directional_efficiency_source"":""PRICE_ACTION"",""exhausted_side"":""UNKNOWN"",""exhaustion_active"":false,""extension_mature"":true,""failed_extreme_observed"":false,""high"":7523.0,""low"":7501.0,""observation_state"":""REVERSAL"",""overlap_ratio"":0.6318789905746428,""range_width_atr"":1.5963957634415102,""rejection_observed"":true,""snapshot_time"":""2026-08-03T13:00:00+05:30"",""source_reason_codes"":[""REVERSAL_OBSERVATION_GRADUATING_TO_ORDERLY_TREND"",""MINIMUM_DWELL_REVERSAL_3_BARS"",""OBSERVATION_STATE_REVERSAL"",""OBJECTIVE_REJECTION_OBSERVED"",""OBJECTIVE_ACCEPTED_RANGE_GEOMETRY_PRESENT"",""OBJECTIVE_TREND_PROTECTION_GEOMETRY_PRESENT""],""structural_failure_confirmed"":false,""symbol"":""ABB"",""trading_day"":""2026-08-03"",""trend_direction"":""DOWN"",""trend_protection_level"":7543.5,""trend_protection_source"":""INITIAL_DIRECTIONAL_ANCHOR"",""trend_protection_time"":""2026-08-03T12:57:00+05:30""}","{""continuation_failure_seen"":true,""continuation_failure_time"":""2026-08-03T13:00:00+05:30"",""current_state"":""REVERSAL_WATCH"",""direction"":""DOWN"",""episode_id"":""DIR:ABB:2026-08-03:005:DOWN:124500"",""extreme_price"":7501.0,""extreme_time"":""2026-08-03T13:00:00+05:30"",""first_adverse_bar_close"":7519.0,""first_adverse_bar_level"":7523.0,""first_adverse_bar_time"":""2026-08-03T13:00:00+05:30"",""origin_event_id"":""DIR:ABB:2026-08-03:004:UP:120000:DIRECTIONAL_REVERSAL_CONFIRMED:124500"",""origin_price"":7549.0,""origin_source"":""REVERSAL_EVENT_HANDOFF"",""parent_episode_id"":""DIR:ABB:2026-08-03:004:UP:120000"",""previous_state"":""MATURE"",""protection_level"":7543.5,""protection_source"":""INITIAL_DIRECTIONAL_ANCHOR"",""reason_codes"":[""REVERSAL_WATCH_TRIGGERED""],""rejection_seen"":true,""reversal_confirmation_breach_closes"":0,""reversal_confirmation_level"":7523.0,""reversal_confirmation_level_time"":""2026-08-03T13:00:00+05:30"",""reversal_confirmation_source"":""OBSERVATION_REJECTION_OR_FAILED_EXTREME:BAR_HIGH"",""reversal_leg_failure_closes"":0,""reversal_leg_progress_atr"":0.7228718537710966,""reversal_leg_progress_bars"":2,""started_at"":""2026-08-03T12:45:00+05:30"",""state_age_bars"":1,""state_started_at"":""2026-08-03T13:00:00+05:30""}","{""attempt_limit_reached"":false,""candidate_bar_expansion_count"":0,""candidate_high"":null,""candidate_last_valid_at"":null,""candidate_low"":null,""candidate_merge_count"":0,""containment_bars"":0,""containment_ratio"":0.0,""current_state"":""NONE"",""down_escape_attempt_count"":0,""episode_id"":null,""escape_attempt_count"":0,""escape_direction"":""UNKNOWN"",""failed_escape_count"":0,""forming_bars_observed"":0,""forming_invalid_bars"":0,""frozen_high"":null,""frozen_low"":null,""last_escape_direction"":""UNKNOWN"",""last_escape_failed_at"":null,""last_escape_started_at"":null,""marginal_excursion_bars"":0,""meaningful_escape_bars"":0,""outside_close_count"":0,""previous_state"":""NONE"",""range_id"":null,""rearm_bars_elapsed"":0,""rearm_inside_close_count"":0,""rearm_required"":false,""reason_codes"":[""NO_QUALIFIED_ACCEPTED_RANGE""],""reentry_close_count"":0,""source_range_ids"":[],""started_at"":null,""state_age_bars"":0,""state_started_at"":null,""up_escape_attempt_count"":0}","{""balance_attempt_limit_reached"":false,""balance_candidate_bar_expansion_count"":0,""balance_candidate_merge_count"":0,""balance_containment_ratio"":0.0,""balance_down_escape_attempt_count"":0,""balance_escape_attempt_count"":0,""balance_failed_escape_count"":0,""balance_forming_bars_observed"":0,""balance_forming_invalid_bars"":0,""balance_last_escape_direction"":""UNKNOWN"",""balance_last_escape_failed_at"":null,""balance_last_escape_started_at"":null,""balance_marginal_excursion_bars"":0,""balance_meaningful_escape_bars"":0,""balance_rearm_bars_elapsed"":0,""balance_rearm_inside_close_count"":0,""balance_rearm_required"":false,""balance_up_escape_attempt_count"":0,""directional_origin_event_id"":""DIR:ABB:2026-08-03:004:UP:120000:DIRECTIONAL_REVERSAL_CONFIRMED:124500"",""directional_origin_source"":""REVERSAL_EVENT_HANDOFF"",""directional_parent_episode_id"":""DIR:ABB:2026-08-03:004:UP:120000"",""directional_reversal_watch_age_bars"":1,""directional_start_candidate_bars"":0,""directional_start_candidate_side"":""UNKNOWN"",""observation_accepted_range_id"":""DYNAMIC:2026-08-03T12:03:00+05:30:2026-08-03T12:18:00+05:30"",""observation_current_leg_mature"":false,""observation_directional_bias"":""DOWN"",""observation_exhaustion_active"":false,""observation_state"":""REVERSAL""}","{""balance"":{""attempt_limit_reached"":false,""candidate_bar_expansion_count"":0,""candidate_high"":null,""candidate_last_valid_at"":null,""candidate_low"":null,""candidate_merge_count"":0,""containment_bars"":0,""down_escape_attempt_count"":0,""emitted_event_ids"":[""BAL:ABB:2026-08-03:001:NEUTRAL:100600:BALANCE_COMPLETED:105400"",""BAL:ABB:2026-08-03:001:NEUTRAL:100600:BALANCE_ESCAPE_ACCEPTED:105100"",""BAL:ABB:2026-08-03:001:NEUTRAL:100600:BALANCE_ESCAPE_STARTED:104800"",""BAL:ABB:2026-08-03:001:NEUTRAL:100600:BALANCE_FORMING_STARTED:100600"",""BAL:ABB:2026-08-03:001:NEUTRAL:100600:BALANCE_LOCKED:102700"",""BAL:ABB:2026-08-03:001:NEUTRAL:100600:BALANCE_PROBABLE:101800"",""BAL:ABB:2026-08-03:002:NEUTRAL:112100:BALANCE_COMPLETED:113000"",""BAL:ABB:2026-08-03:002:NEUTRAL:112100:BALANCE_FORMING_STARTED:112100"",""BAL:ABB:2026-08-03:003:NEUTRAL:114800:BALANCE_COMPLETED:115400"",""BAL:ABB:2026-08-03:003:NEUTRAL:114800:BALANCE_FORMING_STARTED:114800"",""BAL:ABB:2026-08-03:004:NEUTRAL:122400:BALANCE_COMPLETED:125400"",""BAL:ABB:2026-08-03:004:NEUTRAL:122400:BALANCE_ESCAPE_ACCEPTED:125100"",""BAL:ABB:2026-08-03:004:NEUTRAL:122400:BALANCE_ESCAPE_STARTED:124800"",""BAL:ABB:2026-08-03:004:NEUTRAL:122400:BALANCE_FORMING_STARTED:122400"",""BAL:ABB:2026-08-03:004:NEUTRAL:122400:BALANCE_LOCKED:124500"",""BAL:ABB:2026-08-03:004:NEUTRAL:122400:BALANCE_PROBABLE:123600""],""episode_id"":null,""escape_attempt_count"":0,""escape_direction"":""UNKNOWN"",""failed_escape_count"":0,""forming_bars_observed"":0,""forming_invalid_bars"":0,""frozen_high"":null,""frozen_low"":null,""last_escape_direction"":""UNKNOWN"",""last_escape_failed_at"":null,""last_escape_started_at"":null,""last_reason_codes"":[""NO_QUALIFIED_ACCEPTED_RANGE""],""marginal_excursion_bars"":0,""meaningful_escape_bars"":0,""outside_close_count"":0,""range_id"":null,""rearm_bars_elapsed"":0,""rearm_inside_close_count"":0,""rearm_required"":false,""reentry_close_count"":0,""sequence"":4,""source_range_ids"":[],""started_at"":null,""state"":""NONE"",""state_age_bars"":0,""state_started_at"":null,""up_escape_attempt_count"":0},""directional"":{""continuation_failure_progress_bars"":1,""continuation_failure_seen"":true,""continuation_failure_seen_at"":""2026-08-03T13:00:00+05:30"",""direction"":""DOWN"",""emitted_event_ids"":[""DIR:ABB:2026-08-03:001:DOWN:101500:DIRECTIONAL_COMPLETED:105100"",""DIR:ABB:2026-08-03:001:DOWN:101500:DIRECTIONAL_STARTED:101500"",""DIR:ABB:2026-08-03:002:UP:110000:DIRECTIONAL_COMPLETED:113900"",""DIR:ABB:2026-08-03:002:UP:110000:DIRECTIONAL_MATURED:110300"",""DIR:ABB:2026-08-03:002:UP:110000:DIRECTIONAL_REVERSAL_CONFIRMED:113900"",""DIR:ABB:2026-08-03:002:UP:110000:DIRECTIONAL_STARTED:110000"",""DIR:ABB:2026-08-03:002:UP:110000:REVERSAL_WATCH_STARTED:110600"",""DIR:ABB:2026-08-03:003:DOWN:113900:DIRECTIONAL_COMPLETED:115400"",""DIR:ABB:2026-08-03:003:DOWN:113900:DIRECTIONAL_REVERSAL_LEG_FAILED:115400"",""DIR:ABB:2026-08-03:003:DOWN:113900:DIRECTIONAL_REVERSAL_LEG_STARTED:113900"",""DIR:ABB:2026-08-03:004:UP:120000:DIRECTIONAL_COMPLETED:124500"",""DIR:ABB:2026-08-03:004:UP:120000:DIRECTIONAL_CONTINUATION_CONFIRMED:123300"",""DIR:ABB:2026-08-03:004:UP:120000:DIRECTIONAL_MATURED:120300"",""DIR:ABB:2026-08-03:004:UP:120000:DIRECTIONAL_MATURED:123900"",""DIR:ABB:2026-08-03:004:UP:120000:DIRECTIONAL_REVERSAL_CONFIRMED:124500"",""DIR:ABB:2026-08-03:004:UP:120000:DIRECTIONAL_STARTED:120000"",""DIR:ABB:2026-08-03:004:UP:120000:DIRECTIONAL_TREND_RESTORED:122100"",""DIR:ABB:2026-08-03:004:UP:120000:REVERSAL_WATCH_STARTED:120600"",""DIR:ABB:2026-08-03:004:UP:120000:REVERSAL_WATCH_STARTED:124200"",""DIR:ABB:2026-08-03:005:DOWN:124500:DIRECTIONAL_MATURED:125700"",""DIR:ABB:2026-08-03:005:DOWN:124500:DIRECTIONAL_REVERSAL_LEG_ESTABLISHED:125100"",""DIR:ABB:2026-08-03:005:DOWN:124500:DIRECTIONAL_REVERSAL_LEG_STARTED:124500"",""DIR:ABB:2026-08-03:005:DOWN:124500:REVERSAL_WATCH_STARTED:130000""],""episode_id"":""DIR:ABB:2026-08-03:005:DOWN:124500"",""extreme_price"":7501.0,""extreme_time"":""2026-08-03T13:00:00+05:30"",""first_adverse_bar_close"":7519.0,""first_adverse_bar_level"":7523.0,""first_adverse_bar_time"":""2026-08-03T13:00:00+05:30"",""inactive_bars"":0,""last_close"":7519.0,""last_observation_state"":""REVERSAL"",""last_observation_state_time"":""2026-08-03T13:00:00+05:30"",""last_reason_codes"":[""REVERSAL_WATCH_TRIGGERED""],""opposite_control_bars"":0,""origin_event_id"":""DIR:ABB:2026-08-03:004:UP:120000:DIRECTIONAL_REVERSAL_CONFIRMED:124500"",""origin_price"":7549.0,""origin_source"":""REVERSAL_EVENT_HANDOFF"",""parent_episode_id"":""DIR:ABB:2026-08-03:004:UP:120000"",""protection_level"":7543.5,""protection_source"":""INITIAL_DIRECTIONAL_ANCHOR"",""protection_time"":""2026-08-03T12:57:00+05:30"",""rejection_seen"":true,""rejection_seen_at"":""2026-08-03T13:00:00+05:30"",""reversal_confirmation_breach_closes"":0,""reversal_confirmation_level"":7523.0,""reversal_confirmation_level_time"":""2026-08-03T13:00:00+05:30"",""reversal_confirmation_source"":""OBSERVATION_REJECTION_OR_FAILED_EXTREME:BAR_HIGH"",""reversal_leg_failure_closes"":0,""reversal_leg_progress_atr"":0.7228718537710966,""reversal_leg_progress_bars"":2,""reversal_watch_age_bars"":1,""sequence"":5,""start_candidate_bars"":0,""start_candidate_side"":""UNKNOWN"",""started_at"":""2026-08-03T12:45:00+05:30"",""state"":""REVERSAL_WATCH"",""state_age_bars"":1,""state_started_at"":""2026-08-03T13:00:00+05:30"",""trend_restore_bars"":0},""evidence_history"":[{""atr"":26.09340861173525,""bar"":{""body_fraction"":0.6756756756756757,""close"":7560.0,""close_position"":0.32432432432432434,""direction"":""DOWN"",""high"":7572.5,""low"":7554.0,""lower_wick_fraction"":0.32432432432432434,""move_atr"":-0.4790481836235934,""move_points"":-12.5,""open"":7572.5,""snapshot_time"":""2026-08-03T12:27:00+05:30"",""upper_wick_fraction"":0.0,""volume"":4842.0},""close"":7560.0,""trend"":{""ema_ref"":7392.388292949076,""ema_slow"":7422.265109929368,""hma_order"":""BUY"",""hma_spread_atr"":7.134054864885309}},{""atr"":25.69387942518273,""bar"":{""body_fraction"":0.1951219512195122,""close"":7564.0,""close_position"":0.5609756097560976,""direction"":""UP"",""high"":7573.0,""low"":7552.5,""lower_wick_fraction"":0.36585365853658536,""move_atr"":0.15567909904954155,""move_points"":4.0,""open"":7560.0,""snapshot_time"":""2026-08-03T12:30:00+05:30"",""upper_wick_fraction"":0.4390243902439024,""volume"":5286.0},""close"":7564.0,""trend"":{""ema_ref"":7394.095872123712,""ema_slow"":7425.071741415915,""hma_order"":""BUY"",""hma_spread_atr"":6.901663969872465}},{""atr"":25.251459466241105,""bar"":{""body_fraction"":0.5128205128205128,""close"":7574.0,""close_position"":0.6923076923076923,""direction"":""UP"",""high"":7580.0,""low"":7560.5,""lower_wick_fraction"":0.1794871794871795,""move_atr"":0.3960167139396076,""move_points"":10.0,""open"":7564.0,""snapshot_time"":""2026-08-03T12:33:00+05:30"",""upper_wick_fraction"":0.3076923076923077,""volume"":4579.0},""close"":7574.0,""trend"":{""ema_ref"":7395.885962948352,""ema_slow"":7428.020815843322,""hma_order"":""BUY"",""hma_spread_atr"":6.730861675681214}},{""atr"":24.376355218652453,""bar"":{""body_fraction"":0.8461538461538461,""close"":7563.0,""close_position"":0.0,""direction"":""DOWN"",""high"":7576.0,""low"":7563.0,""lower_wick_fraction"":0.0,""move_atr"":-0.4512569619753059,""move_points"":-11.0,""open"":7574.0,""snapshot_time"":""2026-08-03T12:36:00+05:30"",""upper_wick_fraction"":0.15384615384615383,""volume"":4588.0},""close"":7563.0,""trend"":{""ema_ref"":7397.548789187673,""ema_slow"":7430.693670975137,""hma_order"":""SELL"",""hma_spread_atr"":6.821083487693762}},{""atr"":24.17090127446299,""bar"":{""body_fraction"":0.5116279069767442,""close"":7574.0,""close_position"":0.9767441860465116,""direction"":""UP"",""high"":7574.5,""low"":7553.0,""lower_wick_fraction"":0.46511627906976744,""move_atr"":0.4550926701116315,""move_points"":11.0,""open"":7563.0,""snapshot_time"":""2026-08-03T12:39:00+05:30"",""upper_wick_fraction"":0.023255813953488372,""volume"":6206.0},""close"":7574.0,""trend"":{""ema_ref"":7399.304522628592,""ema_slow"":7433.531420064738,""hma_order"":""SELL"",""hma_spread_atr"":6.949155369897782}},{""atr"":23.30155118342992,""bar"":{""body_fraction"":0.5,""close"":7568.0,""close_position"":0.25,""direction"":""DOWN"",""high"":7577.0,""low"":7565.0,""lower_wick_fraction"":0.25,""move_atr"":-0.2574935871336621,""move_points"":-6.0,""open"":7574.0,""snapshot_time"":""2026-08-03T12:42:00+05:30"",""upper_wick_fraction"":0.25,""volume"":2671.0},""close"":7568.0,""trend"":{""ema_ref"":7400.983084592487,""ema_slow"":7436.194164221872,""hma_order"":""SELL"",""hma_spread_atr"":7.253149483753991}},{""atr"":23.280011813184927,""bar"":{""body_fraction"":0.8260869565217391,""close"":7549.0,""close_position"":0.17391304347826086,""direction"":""DOWN"",""high"":7568.0,""low"":7545.0,""lower_wick_fraction"":0.17391304347826086,""move_atr"":-0.8161507886022253,""move_points"":-19.0,""open"":7568.0,""snapshot_time"":""2026-08-03T12:45:00+05:30"",""upper_wick_fraction"":0.0,""volume"":4025.0},""close"":7549.0,""trend"":{""ema_ref"":7402.45588972092,""ema_slow"":7438.427943148171,""hma_order"":""SELL"",""hma_spread_atr"":7.263971475968091}},{""atr"":23.58143954081458,""bar"":{""body_fraction"":0.5192307692307693,""close"":7534.0,""close_position"":0.4807692307692308,""direction"":""DOWN"",""high"":7547.5,""low"":7521.5,""lower_wick_fraction"":0.4807692307692308,""move_atr"":-0.5724841342545819,""move_points"":-13.5,""open"":7547.5,""snapshot_time"":""2026-08-03T12:48:00+05:30"",""upper_wick_fraction"":0.0,""volume"":8619.0},""close"":7534.0,""trend"":{""ema_ref"":7403.764786340612,""ema_slow"":7440.320459125435,""hma_order"":""SELL"",""hma_spread_atr"":7.126234087883324}},{""atr"":22.825622430756393,""bar"":{""body_fraction"":0.07692307692307693,""close"":7532.5,""close_position"":0.4615384615384616,""direction"":""DOWN"",""high"":7539.5,""low"":7526.5,""lower_wick_fraction"":0.4615384615384616,""move_atr"":-0.04381041538006646,""move_points"":-1.0,""open"":7533.5,""snapshot_time"":""2026-08-03T12:51:00+05:30"",""upper_wick_fraction"":0.4615384615384616,""volume"":2859.0},""close"":7532.5,""trend"":{""ema_ref"":7405.045733740208,""ema_slow"":7442.145796568496,""hma_order"":""SELL"",""hma_spread_atr"":7.268781628989275}},{""atr"":22.159506542845225,""bar"":{""body_fraction"":0.14814814814814814,""close"":7530.5,""close_position"":0.48148148148148145,""direction"":""DOWN"",""high"":7537.5,""low"":7524.0,""lower_wick_fraction"":0.48148148148148145,""move_atr"":-0.09025471736624714,""move_points"":-2.0,""open"":7532.5,""snapshot_time"":""2026-08-03T12:54:00+05:30"",""upper_wick_fraction"":0.3703703703703703,""volume"":3645.0},""close"":7530.5,""trend"":{""ema_ref"":7406.294034897022,""ema_slow"":7443.8953847552575,""hma_order"":""SELL"",""hma_spread_atr"":7.346886174853382}},{""atr"":22.362398932641995,""bar"":{""body_fraction"":0.18,""close"":7526.0,""close_position"":0.3,""direction"":""DOWN"",""high"":7543.5,""low"":7518.5,""lower_wick_fraction"":0.3,""move_atr"":-0.20123064674565977,""move_points"":-4.5,""open"":7530.5,""snapshot_time"":""2026-08-03T12:57:00+05:30"",""upper_wick_fraction"":0.52,""volume"":5071.0},""close"":7526.0,""trend"":{""ema_ref"":7407.485139027401,""ema_slow"":7445.5212187205,""hma_order"":""SELL"",""hma_spread_atr"":7.100885384741427}},{""atr"":22.550799008881853,""bar"":{""body_fraction"":0.09090909090909093,""close"":7519.0,""close_position"":0.8181818181818182,""direction"":""UP"",""high"":7523.0,""low"":7501.0,""lower_wick_fraction"":0.7272727272727273,""move_atr"":0.08868865352452836,""move_points"":2.0,""open"":7517.0,""snapshot_time"":""2026-08-03T13:00:00+05:30"",""upper_wick_fraction"":0.18181818181818185,""volume"":7452.0},""close"":7519.0,""trend"":{""ema_ref"":7408.594739634094,""ema_slow"":7446.976244092371,""hma_order"":""SELL"",""hma_spread_atr"":6.825414981376083}}],""last_observation_hash"":""440ccc7d82db807bd12d9d4f7b49c399e17e256e7ba7ffd7ee911eee09e6fc88"",""last_snapshot_time"":""2026-08-03T13:00:00+05:30"",""observation"":{""compression_box_high"":null,""compression_box_low"":null,""compression_candidate_bars"":0,""current_state"":""REVERSAL"",""established_side"":""DOWN"",""exhaustion_active"":false,""exhaustion_age_bars"":0,""exhaustion_clear_bars"":0,""exhaustion_last_seen_at"":null,""exhaustion_side"":""UNKNOWN"",""exhaustion_started_at"":null,""failure_breach_bars"":0,""last_close"":7519.0,""last_reason_codes"":[""REVERSAL_OBSERVATION_GRADUATING_TO_ORDERLY_TREND"",""MINIMUM_DWELL_REVERSAL_3_BARS"",""OBSERVATION_STATE_REVERSAL""],""last_snapshot_time"":""2026-08-03T13:00:00+05:30"",""leg_age_bars"":2,""leg_anchor_price"":7543.5,""leg_anchor_time"":""2026-08-03T12:57:00+05:30"",""leg_extreme_price"":7501.0,""leg_maturity_consumed"":false,""leg_maturity_extreme_price"":null,""leg_maturity_onset_time"":null,""leg_no_progress_bars"":0,""observation_count"":76,""pending_bars"":0,""pending_state"":null,""protection_level"":7543.5,""protection_source"":""INITIAL_DIRECTIONAL_ANCHOR"",""protection_time"":""2026-08-03T12:57:00+05:30"",""pullback_age_bars"":0,""pullback_candidate_bars"":1,""pullback_extreme_price"":null,""reacceleration_age_bars"":2,""recompression_age_bars"":0,""reversal_confirmation_bars"":0,""reversal_side"":""DOWN"",""state_age_bars"":2,""trading_day"":""2026-08-03"",""trend_anchor_price"":7543.5,""trend_candidate_bars"":3,""trend_candidate_side"":""DOWN"",""trend_extreme_price"":7501.0,""trend_failure_age_bars"":0,""trend_onset_time"":""2026-08-03T12:57:00+05:30""},""symbol"":""ABB"",""trading_day"":""2026-08-03""}"
restoration-v3-current-day,development,restoration-trend-control-v3,backtest-default,OK,,,,ABB,2026-08-03,2026-08-03T13:03:00+05:30,2026-08-03T13:00:00+05:30,SNAPSHOT_AUCTION_AUTHORITY_V3A,3m,True,True,7517.5,2026-08-03T13:03:00,7519.0,7520.5,7510.0,7517.5,2740.0,21.69002765110458,EXPANDING_RANGE,SELL,candidate_boundaries_or_midpoint_still_drifting,RANGE_ACCEPTED,DYNAMIC:2026-08-03T12:03:00+05:30:2026-08-03T12:18:00+05:30,7539.0,7575.0,15,ok,DOWN_ACCELERATING,-0.1959425810037437,-0.1728905126503621,OK,INCREMENTAL_PREVIOUS_SNAPSHOT,AUTOTRADES_AUCTION_ENGINE,1.1.0,,,REVERSAL,DOWN,DOWN,False,True,True,DOWN,True,False,False,7543.5,INITIAL_DIRECTIONAL_ANCHOR,2026-08-03T12:57:00+05:30,DYNAMIC:2026-08-03T12:03:00+05:30:2026-08-03T12:18:00+05:30,7539.0,7575.0,False,-0.5972222222222222,1.0,PRICE_ACTION,0.8101398601398602,REVERSAL_OBSERVATION_GRADUATING_TO_ORDERLY_TREND|MINIMUM_DWELL_REVERSAL_3_BARS|OBSERVATION_STATE_REVERSAL|OBJECTIVE_REJECTION_OBSERVED|OBJECTIVE_ACCEPTED_RANGE_GEOMETRY_PRESENT|OBJECTIVE_TREND_PROTECTION_GEOMETRY_PRESENT,DIR:ABB:2026-08-03:005:DOWN:124500,REVERSAL_WATCH,REVERSAL_WATCH,DOWN,REVERSAL_EVENT_HANDOFF,DIR:ABB:2026-08-03:004:UP:120000,DIR:ABB:2026-08-03:004:UP:120000:DIRECTIONAL_REVERSAL_CONFIRMED:124500,2026-08-03T12:45:00+05:30,2026-08-03T13:00:00+05:30,2,7549.0,7501.0,2026-08-03T13:00:00+05:30,7543.5,INITIAL_DIRECTIONAL_ANCHOR,7523.0,OBSERVATION_REJECTION_OR_FAILED_EXTREME:BAR_HIGH,2026-08-03T13:00:00+05:30,2,0.7228718537710966,0,True,REVERSAL_WATCH_RETAINED,5,UNKNOWN,0,2,0,0,0,REVERSAL,2026-08-03T13:03:00+05:30,REVERSAL_WATCH_RETAINED,,NONE,NONE,0,,,,,,UNKNOWN,0,0,0,0,False,False,NO_QUALIFIED_ACCEPTED_RANGE,0,,,,,,0,,,,,MATCH,MATCH,MATCH,MATCH,False,0,False,False,False,True,,COHERENT,[],[],"{""accepted_range_breakout_eligible"":true,""accepted_range_established_at"":""2026-08-03T12:18:00+05:30"",""accepted_range_high"":7575.0,""accepted_range_id"":""DYNAMIC:2026-08-03T12:03:00+05:30:2026-08-03T12:18:00+05:30"",""accepted_range_inside"":false,""accepted_range_low"":7539.0,""accepted_range_outside_atr"":0.9912389391954094,""accepted_range_position"":-0.5972222222222222,""accepted_range_provisional"":false,""atr"":21.69002765110458,""close"":7517.5,""current_leg_mature"":false,""directional_bias"":""DOWN"",""directional_efficiency"":1.0,""directional_efficiency_source"":""PRICE_ACTION"",""exhausted_side"":""DOWN"",""exhaustion_active"":true,""extension_mature"":true,""failed_extreme_observed"":false,""high"":7520.5,""low"":7510.0,""observation_state"":""REVERSAL"",""overlap_ratio"":0.8101398601398602,""range_width_atr"":1.6597489214434762,""rejection_observed"":true,""snapshot_time"":""2026-08-03T13:03:00+05:30"",""source_reason_codes"":[""REVERSAL_OBSERVATION_GRADUATING_TO_ORDERLY_TREND"",""MINIMUM_DWELL_REVERSAL_3_BARS"",""OBSERVATION_STATE_REVERSAL"",""OBJECTIVE_REJECTION_OBSERVED"",""OBJECTIVE_ACCEPTED_RANGE_GEOMETRY_PRESENT"",""OBJECTIVE_TREND_PROTECTION_GEOMETRY_PRESENT""],""structural_failure_confirmed"":false,""symbol"":""ABB"",""trading_day"":""2026-08-03"",""trend_direction"":""DOWN"",""trend_protection_level"":7543.5,""trend_protection_source"":""INITIAL_DIRECTIONAL_ANCHOR"",""trend_protection_time"":""2026-08-03T12:57:00+05:30""}","{""continuation_failure_seen"":true,""continuation_failure_time"":""2026-08-03T13:00:00+05:30"",""current_state"":""REVERSAL_WATCH"",""direction"":""DOWN"",""episode_id"":""DIR:ABB:2026-08-03:005:DOWN:124500"",""extreme_price"":7501.0,""extreme_time"":""2026-08-03T13:00:00+05:30"",""first_adverse_bar_close"":7519.0,""first_adverse_bar_level"":7523.0,""first_adverse_bar_time"":""2026-08-03T13:00:00+05:30"",""origin_event_id"":""DIR:ABB:2026-08-03:004:UP:120000:DIRECTIONAL_REVERSAL_CONFIRMED:124500"",""origin_price"":7549.0,""origin_source"":""REVERSAL_EVENT_HANDOFF"",""parent_episode_id"":""DIR:ABB:2026-08-03:004:UP:120000"",""previous_state"":""REVERSAL_WATCH"",""protection_level"":7543.5,""protection_source"":""INITIAL_DIRECTIONAL_ANCHOR"",""reason_codes"":[""REVERSAL_WATCH_RETAINED""],""rejection_seen"":true,""reversal_confirmation_breach_closes"":0,""reversal_confirmation_level"":7523.0,""reversal_confirmation_level_time"":""2026-08-03T13:00:00+05:30"",""reversal_confirmation_source"":""OBSERVATION_REJECTION_OR_FAILED_EXTREME:BAR_HIGH"",""reversal_leg_failure_closes"":0,""reversal_leg_progress_atr"":0.7228718537710966,""reversal_leg_progress_bars"":2,""started_at"":""2026-08-03T12:45:00+05:30"",""state_age_bars"":2,""state_started_at"":""2026-08-03T13:00:00+05:30""}","{""attempt_limit_reached"":false,""candidate_bar_expansion_count"":0,""candidate_high"":null,""candidate_last_valid_at"":null,""candidate_low"":null,""candidate_merge_count"":0,""containment_bars"":0,""containment_ratio"":0.0,""current_state"":""NONE"",""down_escape_attempt_count"":0,""episode_id"":null,""escape_attempt_count"":0,""escape_direction"":""UNKNOWN"",""failed_escape_count"":0,""forming_bars_observed"":0,""forming_invalid_bars"":0,""frozen_high"":null,""frozen_low"":null,""last_escape_direction"":""UNKNOWN"",""last_escape_failed_at"":null,""last_escape_started_at"":null,""marginal_excursion_bars"":0,""meaningful_escape_bars"":0,""outside_close_count"":0,""previous_state"":""NONE"",""range_id"":null,""rearm_bars_elapsed"":0,""rearm_inside_close_count"":0,""rearm_required"":false,""reason_codes"":[""NO_QUALIFIED_ACCEPTED_RANGE""],""reentry_close_count"":0,""source_range_ids"":[],""started_at"":null,""state_age_bars"":0,""state_started_at"":null,""up_escape_attempt_count"":0}","{""balance_attempt_limit_reached"":false,""balance_candidate_bar_expansion_count"":0,""balance_candidate_merge_count"":0,""balance_containment_ratio"":0.0,""balance_down_escape_attempt_count"":0,""balance_escape_attempt_count"":0,""balance_failed_escape_count"":0,""balance_forming_bars_observed"":0,""balance_forming_invalid_bars"":0,""balance_last_escape_direction"":""UNKNOWN"",""balance_last_escape_failed_at"":null,""balance_last_escape_started_at"":null,""balance_marginal_excursion_bars"":0,""balance_meaningful_escape_bars"":0,""balance_rearm_bars_elapsed"":0,""balance_rearm_inside_close_count"":0,""balance_rearm_required"":false,""balance_up_escape_attempt_count"":0,""directional_origin_event_id"":""DIR:ABB:2026-08-03:004:UP:120000:DIRECTIONAL_REVERSAL_CONFIRMED:124500"",""directional_origin_source"":""REVERSAL_EVENT_HANDOFF"",""directional_parent_episode_id"":""DIR:ABB:2026-08-03:004:UP:120000"",""directional_reversal_watch_age_bars"":2,""directional_start_candidate_bars"":0,""directional_start_candidate_side"":""UNKNOWN"",""observation_accepted_range_id"":""DYNAMIC:2026-08-03T12:03:00+05:30:2026-08-03T12:18:00+05:30"",""observation_current_leg_mature"":false,""observation_directional_bias"":""DOWN"",""observation_exhaustion_active"":true,""observation_state"":""REVERSAL""}","{""balance"":{""attempt_limit_reached"":false,""candidate_bar_expansion_count"":0,""candidate_high"":null,""candidate_last_valid_at"":null,""candidate_low"":null,""candidate_merge_count"":0,""containment_bars"":0,""down_escape_attempt_count"":0,""emitted_event_ids"":[""BAL:ABB:2026-08-03:001:NEUTRAL:100600:BALANCE_COMPLETED:105400"",""BAL:ABB:2026-08-03:001:NEUTRAL:100600:BALANCE_ESCAPE_ACCEPTED:105100"",""BAL:ABB:2026-08-03:001:NEUTRAL:100600:BALANCE_ESCAPE_STARTED:104800"",""BAL:ABB:2026-08-03:001:NEUTRAL:100600:BALANCE_FORMING_STARTED:100600"",""BAL:ABB:2026-08-03:001:NEUTRAL:100600:BALANCE_LOCKED:102700"",""BAL:ABB:2026-08-03:001:NEUTRAL:100600:BALANCE_PROBABLE:101800"",""BAL:ABB:2026-08-03:002:NEUTRAL:112100:BALANCE_COMPLETED:113000"",""BAL:ABB:2026-08-03:002:NEUTRAL:112100:BALANCE_FORMING_STARTED:112100"",""BAL:ABB:2026-08-03:003:NEUTRAL:114800:BALANCE_COMPLETED:115400"",""BAL:ABB:2026-08-03:003:NEUTRAL:114800:BALANCE_FORMING_STARTED:114800"",""BAL:ABB:2026-08-03:004:NEUTRAL:122400:BALANCE_COMPLETED:125400"",""BAL:ABB:2026-08-03:004:NEUTRAL:122400:BALANCE_ESCAPE_ACCEPTED:125100"",""BAL:ABB:2026-08-03:004:NEUTRAL:122400:BALANCE_ESCAPE_STARTED:124800"",""BAL:ABB:2026-08-03:004:NEUTRAL:122400:BALANCE_FORMING_STARTED:122400"",""BAL:ABB:2026-08-03:004:NEUTRAL:122400:BALANCE_LOCKED:124500"",""BAL:ABB:2026-08-03:004:NEUTRAL:122400:BALANCE_PROBABLE:123600""],""episode_id"":null,""escape_attempt_count"":0,""escape_direction"":""UNKNOWN"",""failed_escape_count"":0,""forming_bars_observed"":0,""forming_invalid_bars"":0,""frozen_high"":null,""frozen_low"":null,""last_escape_direction"":""UNKNOWN"",""last_escape_failed_at"":null,""last_escape_started_at"":null,""last_reason_codes"":[""NO_QUALIFIED_ACCEPTED_RANGE""],""marginal_excursion_bars"":0,""meaningful_escape_bars"":0,""outside_close_count"":0,""range_id"":null,""rearm_bars_elapsed"":0,""rearm_inside_close_count"":0,""rearm_required"":false,""reentry_close_count"":0,""sequence"":4,""source_range_ids"":[],""started_at"":null,""state"":""NONE"",""state_age_bars"":0,""state_started_at"":null,""up_escape_attempt_count"":0},""directional"":{""continuation_failure_progress_bars"":1,""continuation_failure_seen"":true,""continuation_failure_seen_at"":""2026-08-03T13:00:00+05:30"",""direction"":""DOWN"",""emitted_event_ids"":[""DIR:ABB:2026-08-03:001:DOWN:101500:DIRECTIONAL_COMPLETED:105100"",""DIR:ABB:2026-08-03:001:DOWN:101500:DIRECTIONAL_STARTED:101500"",""DIR:ABB:2026-08-03:002:UP:110000:DIRECTIONAL_COMPLETED:113900"",""DIR:ABB:2026-08-03:002:UP:110000:DIRECTIONAL_MATURED:110300"",""DIR:ABB:2026-08-03:002:UP:110000:DIRECTIONAL_REVERSAL_CONFIRMED:113900"",""DIR:ABB:2026-08-03:002:UP:110000:DIRECTIONAL_STARTED:110000"",""DIR:ABB:2026-08-03:002:UP:110000:REVERSAL_WATCH_STARTED:110600"",""DIR:ABB:2026-08-03:003:DOWN:113900:DIRECTIONAL_COMPLETED:115400"",""DIR:ABB:2026-08-03:003:DOWN:113900:DIRECTIONAL_REVERSAL_LEG_FAILED:115400"",""DIR:ABB:2026-08-03:003:DOWN:113900:DIRECTIONAL_REVERSAL_LEG_STARTED:113900"",""DIR:ABB:2026-08-03:004:UP:120000:DIRECTIONAL_COMPLETED:124500"",""DIR:ABB:2026-08-03:004:UP:120000:DIRECTIONAL_CONTINUATION_CONFIRMED:123300"",""DIR:ABB:2026-08-03:004:UP:120000:DIRECTIONAL_MATURED:120300"",""DIR:ABB:2026-08-03:004:UP:120000:DIRECTIONAL_MATURED:123900"",""DIR:ABB:2026-08-03:004:UP:120000:DIRECTIONAL_REVERSAL_CONFIRMED:124500"",""DIR:ABB:2026-08-03:004:UP:120000:DIRECTIONAL_STARTED:120000"",""DIR:ABB:2026-08-03:004:UP:120000:DIRECTIONAL_TREND_RESTORED:122100"",""DIR:ABB:2026-08-03:004:UP:120000:REVERSAL_WATCH_STARTED:120600"",""DIR:ABB:2026-08-03:004:UP:120000:REVERSAL_WATCH_STARTED:124200"",""DIR:ABB:2026-08-03:005:DOWN:124500:DIRECTIONAL_MATURED:125700"",""DIR:ABB:2026-08-03:005:DOWN:124500:DIRECTIONAL_REVERSAL_LEG_ESTABLISHED:125100"",""DIR:ABB:2026-08-03:005:DOWN:124500:DIRECTIONAL_REVERSAL_LEG_STARTED:124500"",""DIR:ABB:2026-08-03:005:DOWN:124500:REVERSAL_WATCH_STARTED:130000""],""episode_id"":""DIR:ABB:2026-08-03:005:DOWN:124500"",""extreme_price"":7501.0,""extreme_time"":""2026-08-03T13:00:00+05:30"",""first_adverse_bar_close"":7519.0,""first_adverse_bar_level"":7523.0,""first_adverse_bar_time"":""2026-08-03T13:00:00+05:30"",""inactive_bars"":0,""last_close"":7517.5,""last_observation_state"":""REVERSAL"",""last_observation_state_time"":""2026-08-03T13:03:00+05:30"",""last_reason_codes"":[""REVERSAL_WATCH_RETAINED""],""opposite_control_bars"":0,""origin_event_id"":""DIR:ABB:2026-08-03:004:UP:120000:DIRECTIONAL_REVERSAL_CONFIRMED:124500"",""origin_price"":7549.0,""origin_source"":""REVERSAL_EVENT_HANDOFF"",""parent_episode_id"":""DIR:ABB:2026-08-03:004:UP:120000"",""protection_level"":7543.5,""protection_source"":""INITIAL_DIRECTIONAL_ANCHOR"",""protection_time"":""2026-08-03T12:57:00+05:30"",""rejection_seen"":true,""rejection_seen_at"":""2026-08-03T13:00:00+05:30"",""reversal_confirmation_breach_closes"":0,""reversal_confirmation_level"":7523.0,""reversal_confirmation_level_time"":""2026-08-03T13:00:00+05:30"",""reversal_confirmation_source"":""OBSERVATION_REJECTION_OR_FAILED_EXTREME:BAR_HIGH"",""reversal_leg_failure_closes"":0,""reversal_leg_progress_atr"":0.7228718537710966,""reversal_leg_progress_bars"":2,""reversal_watch_age_bars"":2,""sequence"":5,""start_candidate_bars"":0,""start_candidate_side"":""UNKNOWN"",""started_at"":""2026-08-03T12:45:00+05:30"",""state"":""REVERSAL_WATCH"",""state_age_bars"":2,""state_started_at"":""2026-08-03T13:00:00+05:30"",""trend_restore_bars"":0},""evidence_history"":[{""atr"":25.69387942518273,""bar"":{""body_fraction"":0.1951219512195122,""close"":7564.0,""close_position"":0.5609756097560976,""direction"":""UP"",""high"":7573.0,""low"":7552.5,""lower_wick_fraction"":0.36585365853658536,""move_atr"":0.15567909904954155,""move_points"":4.0,""open"":7560.0,""snapshot_time"":""2026-08-03T12:30:00+05:30"",""upper_wick_fraction"":0.4390243902439024,""volume"":5286.0},""close"":7564.0,""trend"":{""ema_ref"":7394.095872123712,""ema_slow"":7425.071741415915,""hma_order"":""BUY"",""hma_spread_atr"":6.901663969872465}},{""atr"":25.251459466241105,""bar"":{""body_fraction"":0.5128205128205128,""close"":7574.0,""close_position"":0.6923076923076923,""direction"":""UP"",""high"":7580.0,""low"":7560.5,""lower_wick_fraction"":0.1794871794871795,""move_atr"":0.3960167139396076,""move_points"":10.0,""open"":7564.0,""snapshot_time"":""2026-08-03T12:33:00+05:30"",""upper_wick_fraction"":0.3076923076923077,""volume"":4579.0},""close"":7574.0,""trend"":{""ema_ref"":7395.885962948352,""ema_slow"":7428.020815843322,""hma_order"":""BUY"",""hma_spread_atr"":6.730861675681214}},{""atr"":24.376355218652453,""bar"":{""body_fraction"":0.8461538461538461,""close"":7563.0,""close_position"":0.0,""direction"":""DOWN"",""high"":7576.0,""low"":7563.0,""lower_wick_fraction"":0.0,""move_atr"":-0.4512569619753059,""move_points"":-11.0,""open"":7574.0,""snapshot_time"":""2026-08-03T12:36:00+05:30"",""upper_wick_fraction"":0.15384615384615383,""volume"":4588.0},""close"":7563.0,""trend"":{""ema_ref"":7397.548789187673,""ema_slow"":7430.693670975137,""hma_order"":""SELL"",""hma_spread_atr"":6.821083487693762}},{""atr"":24.17090127446299,""bar"":{""body_fraction"":0.5116279069767442,""close"":7574.0,""close_position"":0.9767441860465116,""direction"":""UP"",""high"":7574.5,""low"":7553.0,""lower_wick_fraction"":0.46511627906976744,""move_atr"":0.4550926701116315,""move_points"":11.0,""open"":7563.0,""snapshot_time"":""2026-08-03T12:39:00+05:30"",""upper_wick_fraction"":0.023255813953488372,""volume"":6206.0},""close"":7574.0,""trend"":{""ema_ref"":7399.304522628592,""ema_slow"":7433.531420064738,""hma_order"":""SELL"",""hma_spread_atr"":6.949155369897782}},{""atr"":23.30155118342992,""bar"":{""body_fraction"":0.5,""close"":7568.0,""close_position"":0.25,""direction"":""DOWN"",""high"":7577.0,""low"":7565.0,""lower_wick_fraction"":0.25,""move_atr"":-0.2574935871336621,""move_points"":-6.0,""open"":7574.0,""snapshot_time"":""2026-08-03T12:42:00+05:30"",""upper_wick_fraction"":0.25,""volume"":2671.0},""close"":7568.0,""trend"":{""ema_ref"":7400.983084592487,""ema_slow"":7436.194164221872,""hma_order"":""SELL"",""hma_spread_atr"":7.253149483753991}},{""atr"":23.280011813184927,""bar"":{""body_fraction"":0.8260869565217391,""close"":7549.0,""close_position"":0.17391304347826086,""direction"":""DOWN"",""high"":7568.0,""low"":7545.0,""lower_wick_fraction"":0.17391304347826086,""move_atr"":-0.8161507886022253,""move_points"":-19.0,""open"":7568.0,""snapshot_time"":""2026-08-03T12:45:00+05:30"",""upper_wick_fraction"":0.0,""volume"":4025.0},""close"":7549.0,""trend"":{""ema_ref"":7402.45588972092,""ema_slow"":7438.427943148171,""hma_order"":""SELL"",""hma_spread_atr"":7.263971475968091}},{""atr"":23.58143954081458,""bar"":{""body_fraction"":0.5192307692307693,""close"":7534.0,""close_position"":0.4807692307692308,""direction"":""DOWN"",""high"":7547.5,""low"":7521.5,""lower_wick_fraction"":0.4807692307692308,""move_atr"":-0.5724841342545819,""move_points"":-13.5,""open"":7547.5,""snapshot_time"":""2026-08-03T12:48:00+05:30"",""upper_wick_fraction"":0.0,""volume"":8619.0},""close"":7534.0,""trend"":{""ema_ref"":7403.764786340612,""ema_slow"":7440.320459125435,""hma_order"":""SELL"",""hma_spread_atr"":7.126234087883324}},{""atr"":22.825622430756393,""bar"":{""body_fraction"":0.07692307692307693,""close"":7532.5,""close_position"":0.4615384615384616,""direction"":""DOWN"",""high"":7539.5,""low"":7526.5,""lower_wick_fraction"":0.4615384615384616,""move_atr"":-0.04381041538006646,""move_points"":-1.0,""open"":7533.5,""snapshot_time"":""2026-08-03T12:51:00+05:30"",""upper_wick_fraction"":0.4615384615384616,""volume"":2859.0},""close"":7532.5,""trend"":{""ema_ref"":7405.045733740208,""ema_slow"":7442.145796568496,""hma_order"":""SELL"",""hma_spread_atr"":7.268781628989275}},{""atr"":22.159506542845225,""bar"":{""body_fraction"":0.14814814814814814,""close"":7530.5,""close_position"":0.48148148148148145,""direction"":""DOWN"",""high"":7537.5,""low"":7524.0,""lower_wick_fraction"":0.48148148148148145,""move_atr"":-0.09025471736624714,""move_points"":-2.0,""open"":7532.5,""snapshot_time"":""2026-08-03T12:54:00+05:30"",""upper_wick_fraction"":0.3703703703703703,""volume"":3645.0},""close"":7530.5,""trend"":{""ema_ref"":7406.294034897022,""ema_slow"":7443.8953847552575,""hma_order"":""SELL"",""hma_spread_atr"":7.346886174853382}},{""atr"":22.362398932641995,""bar"":{""body_fraction"":0.18,""close"":7526.0,""close_position"":0.3,""direction"":""DOWN"",""high"":7543.5,""low"":7518.5,""lower_wick_fraction"":0.3,""move_atr"":-0.20123064674565977,""move_points"":-4.5,""open"":7530.5,""snapshot_time"":""2026-08-03T12:57:00+05:30"",""upper_wick_fraction"":0.52,""volume"":5071.0},""close"":7526.0,""trend"":{""ema_ref"":7407.485139027401,""ema_slow"":7445.5212187205,""hma_order"":""SELL"",""hma_spread_atr"":7.100885384741427}},{""atr"":22.550799008881853,""bar"":{""body_fraction"":0.09090909090909093,""close"":7519.0,""close_position"":0.8181818181818182,""direction"":""UP"",""high"":7523.0,""low"":7501.0,""lower_wick_fraction"":0.7272727272727273,""move_atr"":0.08868865352452836,""move_points"":2.0,""open"":7517.0,""snapshot_time"":""2026-08-03T13:00:00+05:30"",""upper_wick_fraction"":0.18181818181818185,""volume"":7452.0},""close"":7519.0,""trend"":{""ema_ref"":7408.594739634094,""ema_slow"":7446.976244092371,""hma_order"":""SELL"",""hma_spread_atr"":6.825414981376083}},{""atr"":21.69002765110458,""bar"":{""body_fraction"":0.14285714285714285,""close"":7517.5,""close_position"":0.7142857142857143,""direction"":""DOWN"",""high"":7520.5,""low"":7510.0,""lower_wick_fraction"":0.7142857142857143,""move_atr"":-0.06915620506014485,""move_points"":-1.5,""open"":7519.0,""snapshot_time"":""2026-08-03T13:03:00+05:30"",""upper_wick_fraction"":0.14285714285714285,""volume"":2740.0},""close"":7517.5,""trend"":{""ema_ref"":7409.678374065596,""ema_slow"":7448.372754110344,""hma_order"":""SELL"",""hma_spread_atr"":6.842165862689831}}],""last_observation_hash"":""c9f3b2e84265b3e00cb1ac7819aaa6c77de57e33a54c16aad282603bd3c3af34"",""last_snapshot_time"":""2026-08-03T13:03:00+05:30"",""observation"":{""compression_box_high"":null,""compression_box_low"":null,""compression_candidate_bars"":0,""current_state"":""REVERSAL"",""established_side"":""DOWN"",""exhaustion_active"":true,""exhaustion_age_bars"":1,""exhaustion_clear_bars"":0,""exhaustion_last_seen_at"":""2026-08-03T13:03:00+05:30"",""exhaustion_side"":""DOWN"",""exhaustion_started_at"":""2026-08-03T13:03:00+05:30"",""failure_breach_bars"":0,""last_close"":7517.5,""last_reason_codes"":[""REVERSAL_OBSERVATION_GRADUATING_TO_ORDERLY_TREND"",""MINIMUM_DWELL_REVERSAL_3_BARS"",""OBSERVATION_STATE_REVERSAL""],""last_snapshot_time"":""2026-08-03T13:03:00+05:30"",""leg_age_bars"":3,""leg_anchor_price"":7543.5,""leg_anchor_time"":""2026-08-03T12:57:00+05:30"",""leg_extreme_price"":7501.0,""leg_maturity_consumed"":false,""leg_maturity_extreme_price"":null,""leg_maturity_onset_time"":null,""leg_no_progress_bars"":1,""observation_count"":77,""pending_bars"":0,""pending_state"":null,""protection_level"":7543.5,""protection_source"":""INITIAL_DIRECTIONAL_ANCHOR"",""protection_time"":""2026-08-03T12:57:00+05:30"",""pullback_age_bars"":0,""pullback_candidate_bars"":0,""pullback_extreme_price"":null,""reacceleration_age_bars"":2,""recompression_age_bars"":0,""reversal_confirmation_bars"":0,""reversal_side"":""DOWN"",""state_age_bars"":3,""trading_day"":""2026-08-03"",""trend_anchor_price"":7543.5,""trend_candidate_bars"":4,""trend_candidate_side"":""DOWN"",""trend_extreme_price"":7501.0,""trend_failure_age_bars"":0,""trend_onset_time"":""2026-08-03T12:57:00+05:30""},""symbol"":""ABB"",""trading_day"":""2026-08-03""}"
restoration-v3-current-day,development,restoration-trend-control-v3,backtest-default,OK,,,,ABB,2026-08-03,2026-08-03T13:06:00+05:30,2026-08-03T13:03:00+05:30,SNAPSHOT_AUCTION_AUTHORITY_V3A,3m,True,True,7519.5,2026-08-03T13:06:00,7519.5,7520.0,7512.0,7519.5,1613.0,20.71216853316854,EXPANDING_RANGE,SELL,candidate_boundaries_or_midpoint_still_drifting,RANGE_ACCEPTED,DYNAMIC:2026-08-03T12:03:00+05:30:2026-08-03T12:18:00+05:30,7539.0,7575.0,16,ok,TURNING_UP,0.012070199197136172,-0.1327721911684979,OK,INCREMENTAL_PREVIOUS_SNAPSHOT,AUTOTRADES_AUCTION_ENGINE,1.1.0,,,ORDERLY_DOWNTREND,DOWN,DOWN,False,True,True,DOWN,True,False,False,7543.5,INITIAL_DIRECTIONAL_ANCHOR,2026-08-03T12:57:00+05:30,DYNAMIC:2026-08-03T12:03:00+05:30:2026-08-03T12:18:00+05:30,7539.0,7575.0,False,-0.5416666666666666,0.8805970149253731,PRICE_ACTION,0.8101398601398602,REVERSAL_OBSERVATION_GRADUATING_TO_ORDERLY_TREND|OBSERVATION_TRANSITION_CONFIRMED|OBSERVATION_STATE_ORDERLY_DOWNTREND|OBJECTIVE_REJECTION_OBSERVED|OBJECTIVE_ACCEPTED_RANGE_GEOMETRY_PRESENT|OBJECTIVE_TREND_PROTECTION_GEOMETRY_PRESENT,DIR:ABB:2026-08-03:005:DOWN:124500,REVERSAL_WATCH,REVERSAL_WATCH,DOWN,REVERSAL_EVENT_HANDOFF,DIR:ABB:2026-08-03:004:UP:120000,DIR:ABB:2026-08-03:004:UP:120000:DIRECTIONAL_REVERSAL_CONFIRMED:124500,2026-08-03T12:45:00+05:30,2026-08-03T13:00:00+05:30,3,7549.0,7501.0,2026-08-03T13:00:00+05:30,7543.5,INITIAL_DIRECTIONAL_ANCHOR,7523.0,OBSERVATION_REJECTION_OR_FAILED_EXTREME:BAR_HIGH,2026-08-03T13:00:00+05:30,2,0.7228718537710966,0,True,REVERSAL_WATCH_RETAINED,5,UNKNOWN,0,3,0,0,0,ORDERLY_DOWNTREND,2026-08-03T13:06:00+05:30,REVERSAL_WATCH_RETAINED,,NONE,NONE,0,,,,,,UNKNOWN,0,0,0,0,False,False,NO_QUALIFIED_ACCEPTED_RANGE,0,,,,,,0,,,,,MATCH,MATCH,CONFLICT,MATCH,False,0,False,False,False,True,EPISODE_SLOPE_CONFLICT,TRANSITIONAL_CONFLICT,[],[],"{""accepted_range_breakout_eligible"":true,""accepted_range_established_at"":""2026-08-03T12:18:00+05:30"",""accepted_range_high"":7575.0,""accepted_range_id"":""DYNAMIC:2026-08-03T12:03:00+05:30:2026-08-03T12:18:00+05:30"",""accepted_range_inside"":false,""accepted_range_low"":7539.0,""accepted_range_outside_atr"":0.9414755373766214,""accepted_range_position"":-0.5416666666666666,""accepted_range_provisional"":false,""atr"":20.71216853316854,""close"":7519.5,""current_leg_mature"":false,""directional_bias"":""DOWN"",""directional_efficiency"":0.8805970149253731,""directional_efficiency_source"":""PRICE_ACTION"",""exhausted_side"":""DOWN"",""exhaustion_active"":true,""extension_mature"":true,""failed_extreme_observed"":false,""high"":7520.0,""low"":7512.0,""observation_state"":""ORDERLY_DOWNTREND"",""overlap_ratio"":0.8101398601398602,""range_width_atr"":1.7381086843876088,""rejection_observed"":true,""snapshot_time"":""2026-08-03T13:06:00+05:30"",""source_reason_codes"":[""REVERSAL_OBSERVATION_GRADUATING_TO_ORDERLY_TREND"",""OBSERVATION_TRANSITION_CONFIRMED"",""OBSERVATION_STATE_ORDERLY_DOWNTREND"",""OBJECTIVE_REJECTION_OBSERVED"",""OBJECTIVE_ACCEPTED_RANGE_GEOMETRY_PRESENT"",""OBJECTIVE_TREND_PROTECTION_GEOMETRY_PRESENT""],""structural_failure_confirmed"":false,""symbol"":""ABB"",""trading_day"":""2026-08-03"",""trend_direction"":""DOWN"",""trend_protection_level"":7543.5,""trend_protection_source"":""INITIAL_DIRECTIONAL_ANCHOR"",""trend_protection_time"":""2026-08-03T12:57:00+05:30""}","{""continuation_failure_seen"":true,""continuation_failure_time"":""2026-08-03T13:00:00+05:30"",""current_state"":""REVERSAL_WATCH"",""direction"":""DOWN"",""episode_id"":""DIR:ABB:2026-08-03:005:DOWN:124500"",""extreme_price"":7501.0,""extreme_time"":""2026-08-03T13:00:00+05:30"",""first_adverse_bar_close"":7519.0,""first_adverse_bar_level"":7523.0,""first_adverse_bar_time"":""2026-08-03T13:00:00+05:30"",""origin_event_id"":""DIR:ABB:2026-08-03:004:UP:120000:DIRECTIONAL_REVERSAL_CONFIRMED:124500"",""origin_price"":7549.0,""origin_source"":""REVERSAL_EVENT_HANDOFF"",""parent_episode_id"":""DIR:ABB:2026-08-03:004:UP:120000"",""previous_state"":""REVERSAL_WATCH"",""protection_level"":7543.5,""protection_source"":""INITIAL_DIRECTIONAL_ANCHOR"",""reason_codes"":[""REVERSAL_WATCH_RETAINED""],""rejection_seen"":true,""reversal_confirmation_breach_closes"":0,""reversal_confirmation_level"":7523.0,""reversal_confirmation_level_time"":""2026-08-03T13:00:00+05:30"",""reversal_confirmation_source"":""OBSERVATION_REJECTION_OR_FAILED_EXTREME:BAR_HIGH"",""reversal_leg_failure_closes"":0,""reversal_leg_progress_atr"":0.7228718537710966,""reversal_leg_progress_bars"":2,""started_at"":""2026-08-03T12:45:00+05:30"",""state_age_bars"":3,""state_started_at"":""2026-08-03T13:00:00+05:30""}","{""attempt_limit_reached"":false,""candidate_bar_expansion_count"":0,""candidate_high"":null,""candidate_last_valid_at"":null,""candidate_low"":null,""candidate_merge_count"":0,""containment_bars"":0,""containment_ratio"":0.0,""current_state"":""NONE"",""down_escape_attempt_count"":0,""episode_id"":null,""escape_attempt_count"":0,""escape_direction"":""UNKNOWN"",""failed_escape_count"":0,""forming_bars_observed"":0,""forming_invalid_bars"":0,""frozen_high"":null,""frozen_low"":null,""last_escape_direction"":""UNKNOWN"",""last_escape_failed_at"":null,""last_escape_started_at"":null,""marginal_excursion_bars"":0,""meaningful_escape_bars"":0,""outside_close_count"":0,""previous_state"":""NONE"",""range_id"":null,""rearm_bars_elapsed"":0,""rearm_inside_close_count"":0,""rearm_required"":false,""reason_codes"":[""NO_QUALIFIED_ACCEPTED_RANGE""],""reentry_close_count"":0,""source_range_ids"":[],""started_at"":null,""state_age_bars"":0,""state_started_at"":null,""up_escape_attempt_count"":0}","{""balance_attempt_limit_reached"":false,""balance_candidate_bar_expansion_count"":0,""balance_candidate_merge_count"":0,""balance_containment_ratio"":0.0,""balance_down_escape_attempt_count"":0,""balance_escape_attempt_count"":0,""balance_failed_escape_count"":0,""balance_forming_bars_observed"":0,""balance_forming_invalid_bars"":0,""balance_last_escape_direction"":""UNKNOWN"",""balance_last_escape_failed_at"":null,""balance_last_escape_started_at"":null,""balance_marginal_excursion_bars"":0,""balance_meaningful_escape_bars"":0,""balance_rearm_bars_elapsed"":0,""balance_rearm_inside_close_count"":0,""balance_rearm_required"":false,""balance_up_escape_attempt_count"":0,""directional_origin_event_id"":""DIR:ABB:2026-08-03:004:UP:120000:DIRECTIONAL_REVERSAL_CONFIRMED:124500"",""directional_origin_source"":""REVERSAL_EVENT_HANDOFF"",""directional_parent_episode_id"":""DIR:ABB:2026-08-03:004:UP:120000"",""directional_reversal_watch_age_bars"":3,""directional_start_candidate_bars"":0,""directional_start_candidate_side"":""UNKNOWN"",""observation_accepted_range_id"":""DYNAMIC:2026-08-03T12:03:00+05:30:2026-08-03T12:18:00+05:30"",""observation_current_leg_mature"":false,""observation_directional_bias"":""DOWN"",""observation_exhaustion_active"":true,""observation_state"":""ORDERLY_DOWNTREND""}","{""balance"":{""attempt_limit_reached"":false,""candidate_bar_expansion_count"":0,""candidate_high"":null,""candidate_last_valid_at"":null,""candidate_low"":null,""candidate_merge_count"":0,""containment_bars"":0,""down_escape_attempt_count"":0,""emitted_event_ids"":[""BAL:ABB:2026-08-03:001:NEUTRAL:100600:BALANCE_COMPLETED:105400"",""BAL:ABB:2026-08-03:001:NEUTRAL:100600:BALANCE_ESCAPE_ACCEPTED:105100"",""BAL:ABB:2026-08-03:001:NEUTRAL:100600:BALANCE_ESCAPE_STARTED:104800"",""BAL:ABB:2026-08-03:001:NEUTRAL:100600:BALANCE_FORMING_STARTED:100600"",""BAL:ABB:2026-08-03:001:NEUTRAL:100600:BALANCE_LOCKED:102700"",""BAL:ABB:2026-08-03:001:NEUTRAL:100600:BALANCE_PROBABLE:101800"",""BAL:ABB:2026-08-03:002:NEUTRAL:112100:BALANCE_COMPLETED:113000"",""BAL:ABB:2026-08-03:002:NEUTRAL:112100:BALANCE_FORMING_STARTED:112100"",""BAL:ABB:2026-08-03:003:NEUTRAL:114800:BALANCE_COMPLETED:115400"",""BAL:ABB:2026-08-03:003:NEUTRAL:114800:BALANCE_FORMING_STARTED:114800"",""BAL:ABB:2026-08-03:004:NEUTRAL:122400:BALANCE_COMPLETED:125400"",""BAL:ABB:2026-08-03:004:NEUTRAL:122400:BALANCE_ESCAPE_ACCEPTED:125100"",""BAL:ABB:2026-08-03:004:NEUTRAL:122400:BALANCE_ESCAPE_STARTED:124800"",""BAL:ABB:2026-08-03:004:NEUTRAL:122400:BALANCE_FORMING_STARTED:122400"",""BAL:ABB:2026-08-03:004:NEUTRAL:122400:BALANCE_LOCKED:124500"",""BAL:ABB:2026-08-03:004:NEUTRAL:122400:BALANCE_PROBABLE:123600""],""episode_id"":null,""escape_attempt_count"":0,""escape_direction"":""UNKNOWN"",""failed_escape_count"":0,""forming_bars_observed"":0,""forming_invalid_bars"":0,""frozen_high"":null,""frozen_low"":null,""last_escape_direction"":""UNKNOWN"",""last_escape_failed_at"":null,""last_escape_started_at"":null,""last_reason_codes"":[""NO_QUALIFIED_ACCEPTED_RANGE""],""marginal_excursion_bars"":0,""meaningful_escape_bars"":0,""outside_close_count"":0,""range_id"":null,""rearm_bars_elapsed"":0,""rearm_inside_close_count"":0,""rearm_required"":false,""reentry_close_count"":0,""sequence"":4,""source_range_ids"":[],""started_at"":null,""state"":""NONE"",""state_age_bars"":0,""state_started_at"":null,""up_escape_attempt_count"":0},""directional"":{""continuation_failure_progress_bars"":2,""continuation_failure_seen"":true,""continuation_failure_seen_at"":""2026-08-03T13:00:00+05:30"",""direction"":""DOWN"",""emitted_event_ids"":[""DIR:ABB:2026-08-03:001:DOWN:101500:DIRECTIONAL_COMPLETED:105100"",""DIR:ABB:2026-08-03:001:DOWN:101500:DIRECTIONAL_STARTED:101500"",""DIR:ABB:2026-08-03:002:UP:110000:DIRECTIONAL_COMPLETED:113900"",""DIR:ABB:2026-08-03:002:UP:110000:DIRECTIONAL_MATURED:110300"",""DIR:ABB:2026-08-03:002:UP:110000:DIRECTIONAL_REVERSAL_CONFIRMED:113900"",""DIR:ABB:2026-08-03:002:UP:110000:DIRECTIONAL_STARTED:110000"",""DIR:ABB:2026-08-03:002:UP:110000:REVERSAL_WATCH_STARTED:110600"",""DIR:ABB:2026-08-03:003:DOWN:113900:DIRECTIONAL_COMPLETED:115400"",""DIR:ABB:2026-08-03:003:DOWN:113900:DIRECTIONAL_REVERSAL_LEG_FAILED:115400"",""DIR:ABB:2026-08-03:003:DOWN:113900:DIRECTIONAL_REVERSAL_LEG_STARTED:113900"",""DIR:ABB:2026-08-03:004:UP:120000:DIRECTIONAL_COMPLETED:124500"",""DIR:ABB:2026-08-03:004:UP:120000:DIRECTIONAL_CONTINUATION_CONFIRMED:123300"",""DIR:ABB:2026-08-03:004:UP:120000:DIRECTIONAL_MATURED:120300"",""DIR:ABB:2026-08-03:004:UP:120000:DIRECTIONAL_MATURED:123900"",""DIR:ABB:2026-08-03:004:UP:120000:DIRECTIONAL_REVERSAL_CONFIRMED:124500"",""DIR:ABB:2026-08-03:004:UP:120000:DIRECTIONAL_STARTED:120000"",""DIR:ABB:2026-08-03:004:UP:120000:DIRECTIONAL_TREND_RESTORED:122100"",""DIR:ABB:2026-08-03:004:UP:120000:REVERSAL_WATCH_STARTED:120600"",""DIR:ABB:2026-08-03:004:UP:120000:REVERSAL_WATCH_STARTED:124200"",""DIR:ABB:2026-08-03:005:DOWN:124500:DIRECTIONAL_MATURED:125700"",""DIR:ABB:2026-08-03:005:DOWN:124500:DIRECTIONAL_REVERSAL_LEG_ESTABLISHED:125100"",""DIR:ABB:2026-08-03:005:DOWN:124500:DIRECTIONAL_REVERSAL_LEG_STARTED:124500"",""DIR:ABB:2026-08-03:005:DOWN:124500:REVERSAL_WATCH_STARTED:130000""],""episode_id"":""DIR:ABB:2026-08-03:005:DOWN:124500"",""extreme_price"":7501.0,""extreme_time"":""2026-08-03T13:00:00+05:30"",""first_adverse_bar_close"":7519.0,""first_adverse_bar_level"":7523.0,""first_adverse_bar_time"":""2026-08-03T13:00:00+05:30"",""inactive_bars"":0,""last_close"":7519.5,""last_observation_state"":""ORDERLY_DOWNTREND"",""last_observation_state_time"":""2026-08-03T13:06:00+05:30"",""last_reason_codes"":[""REVERSAL_WATCH_RETAINED""],""opposite_control_bars"":0,""origin_event_id"":""DIR:ABB:2026-08-03:004:UP:120000:DIRECTIONAL_REVERSAL_CONFIRMED:124500"",""origin_price"":7549.0,""origin_source"":""REVERSAL_EVENT_HANDOFF"",""parent_episode_id"":""DIR:ABB:2026-08-03:004:UP:120000"",""protection_level"":7543.5,""protection_source"":""INITIAL_DIRECTIONAL_ANCHOR"",""protection_time"":""2026-08-03T12:57:00+05:30"",""rejection_seen"":true,""rejection_seen_at"":""2026-08-03T13:00:00+05:30"",""reversal_confirmation_breach_closes"":0,""reversal_confirmation_level"":7523.0,""reversal_confirmation_level_time"":""2026-08-03T13:00:00+05:30"",""reversal_confirmation_source"":""OBSERVATION_REJECTION_OR_FAILED_EXTREME:BAR_HIGH"",""reversal_leg_failure_closes"":0,""reversal_leg_progress_atr"":0.7228718537710966,""reversal_leg_progress_bars"":2,""reversal_watch_age_bars"":3,""sequence"":5,""start_candidate_bars"":0,""start_candidate_side"":""UNKNOWN"",""started_at"":""2026-08-03T12:45:00+05:30"",""state"":""REVERSAL_WATCH"",""state_age_bars"":3,""state_started_at"":""2026-08-03T13:00:00+05:30"",""trend_restore_bars"":0},""evidence_history"":[{""atr"":25.251459466241105,""bar"":{""body_fraction"":0.5128205128205128,""close"":7574.0,""close_position"":0.6923076923076923,""direction"":""UP"",""high"":7580.0,""low"":7560.5,""lower_wick_fraction"":0.1794871794871795,""move_atr"":0.3960167139396076,""move_points"":10.0,""open"":7564.0,""snapshot_time"":""2026-08-03T12:33:00+05:30"",""upper_wick_fraction"":0.3076923076923077,""volume"":4579.0},""close"":7574.0,""trend"":{""ema_ref"":7395.885962948352,""ema_slow"":7428.020815843322,""hma_order"":""BUY"",""hma_spread_atr"":6.730861675681214}},{""atr"":24.376355218652453,""bar"":{""body_fraction"":0.8461538461538461,""close"":7563.0,""close_position"":0.0,""direction"":""DOWN"",""high"":7576.0,""low"":7563.0,""lower_wick_fraction"":0.0,""move_atr"":-0.4512569619753059,""move_points"":-11.0,""open"":7574.0,""snapshot_time"":""2026-08-03T12:36:00+05:30"",""upper_wick_fraction"":0.15384615384615383,""volume"":4588.0},""close"":7563.0,""trend"":{""ema_ref"":7397.548789187673,""ema_slow"":7430.693670975137,""hma_order"":""SELL"",""hma_spread_atr"":6.821083487693762}},{""atr"":24.17090127446299,""bar"":{""body_fraction"":0.5116279069767442,""close"":7574.0,""close_position"":0.9767441860465116,""direction"":""UP"",""high"":7574.5,""low"":7553.0,""lower_wick_fraction"":0.46511627906976744,""move_atr"":0.4550926701116315,""move_points"":11.0,""open"":7563.0,""snapshot_time"":""2026-08-03T12:39:00+05:30"",""upper_wick_fraction"":0.023255813953488372,""volume"":6206.0},""close"":7574.0,""trend"":{""ema_ref"":7399.304522628592,""ema_slow"":7433.531420064738,""hma_order"":""SELL"",""hma_spread_atr"":6.949155369897782}},{""atr"":23.30155118342992,""bar"":{""body_fraction"":0.5,""close"":7568.0,""close_position"":0.25,""direction"":""DOWN"",""high"":7577.0,""low"":7565.0,""lower_wick_fraction"":0.25,""move_atr"":-0.2574935871336621,""move_points"":-6.0,""open"":7574.0,""snapshot_time"":""2026-08-03T12:42:00+05:30"",""upper_wick_fraction"":0.25,""volume"":2671.0},""close"":7568.0,""trend"":{""ema_ref"":7400.983084592487,""ema_slow"":7436.194164221872,""hma_order"":""SELL"",""hma_spread_atr"":7.253149483753991}},{""atr"":23.280011813184927,""bar"":{""body_fraction"":0.8260869565217391,""close"":7549.0,""close_position"":0.17391304347826086,""direction"":""DOWN"",""high"":7568.0,""low"":7545.0,""lower_wick_fraction"":0.17391304347826086,""move_atr"":-0.8161507886022253,""move_points"":-19.0,""open"":7568.0,""snapshot_time"":""2026-08-03T12:45:00+05:30"",""upper_wick_fraction"":0.0,""volume"":4025.0},""close"":7549.0,""trend"":{""ema_ref"":7402.45588972092,""ema_slow"":7438.427943148171,""hma_order"":""SELL"",""hma_spread_atr"":7.263971475968091}},{""atr"":23.58143954081458,""bar"":{""body_fraction"":0.5192307692307693,""close"":7534.0,""close_position"":0.4807692307692308,""direction"":""DOWN"",""high"":7547.5,""low"":7521.5,""lower_wick_fraction"":0.4807692307692308,""move_atr"":-0.5724841342545819,""move_points"":-13.5,""open"":7547.5,""snapshot_time"":""2026-08-03T12:48:00+05:30"",""upper_wick_fraction"":0.0,""volume"":8619.0},""close"":7534.0,""trend"":{""ema_ref"":7403.764786340612,""ema_slow"":7440.320459125435,""hma_order"":""SELL"",""hma_spread_atr"":7.126234087883324}},{""atr"":22.825622430756393,""bar"":{""body_fraction"":0.07692307692307693,""close"":7532.5,""close_position"":0.4615384615384616,""direction"":""DOWN"",""high"":7539.5,""low"":7526.5,""lower_wick_fraction"":0.4615384615384616,""move_atr"":-0.04381041538006646,""move_points"":-1.0,""open"":7533.5,""snapshot_time"":""2026-08-03T12:51:00+05:30"",""upper_wick_fraction"":0.4615384615384616,""volume"":2859.0},""close"":7532.5,""trend"":{""ema_ref"":7405.045733740208,""ema_slow"":7442.145796568496,""hma_order"":""SELL"",""hma_spread_atr"":7.268781628989275}},{""atr"":22.159506542845225,""bar"":{""body_fraction"":0.14814814814814814,""close"":7530.5,""close_position"":0.48148148148148145,""direction"":""DOWN"",""high"":7537.5,""low"":7524.0,""lower_wick_fraction"":0.48148148148148145,""move_atr"":-0.09025471736624714,""move_points"":-2.0,""open"":7532.5,""snapshot_time"":""2026-08-03T12:54:00+05:30"",""upper_wick_fraction"":0.3703703703703703,""volume"":3645.0},""close"":7530.5,""trend"":{""ema_ref"":7406.294034897022,""ema_slow"":7443.8953847552575,""hma_order"":""SELL"",""hma_spread_atr"":7.346886174853382}},{""atr"":22.362398932641995,""bar"":{""body_fraction"":0.18,""close"":7526.0,""close_position"":0.3,""direction"":""DOWN"",""high"":7543.5,""low"":7518.5,""lower_wick_fraction"":0.3,""move_atr"":-0.20123064674565977,""move_points"":-4.5,""open"":7530.5,""snapshot_time"":""2026-08-03T12:57:00+05:30"",""upper_wick_fraction"":0.52,""volume"":5071.0},""close"":7526.0,""trend"":{""ema_ref"":7407.485139027401,""ema_slow"":7445.5212187205,""hma_order"":""SELL"",""hma_spread_atr"":7.100885384741427}},{""atr"":22.550799008881853,""bar"":{""body_fraction"":0.09090909090909093,""close"":7519.0,""close_position"":0.8181818181818182,""direction"":""UP"",""high"":7523.0,""low"":7501.0,""lower_wick_fraction"":0.7272727272727273,""move_atr"":0.08868865352452836,""move_points"":2.0,""open"":7517.0,""snapshot_time"":""2026-08-03T13:00:00+05:30"",""upper_wick_fraction"":0.18181818181818185,""volume"":7452.0},""close"":7519.0,""trend"":{""ema_ref"":7408.594739634094,""ema_slow"":7446.976244092371,""hma_order"":""SELL"",""hma_spread_atr"":6.825414981376083}},{""atr"":21.69002765110458,""bar"":{""body_fraction"":0.14285714285714285,""close"":7517.5,""close_position"":0.7142857142857143,""direction"":""DOWN"",""high"":7520.5,""low"":7510.0,""lower_wick_fraction"":0.7142857142857143,""move_atr"":-0.06915620506014485,""move_points"":-1.5,""open"":7519.0,""snapshot_time"":""2026-08-03T13:03:00+05:30"",""upper_wick_fraction"":0.14285714285714285,""volume"":2740.0},""close"":7517.5,""trend"":{""ema_ref"":7409.678374065596,""ema_slow"":7448.372754110344,""hma_order"":""SELL"",""hma_spread_atr"":6.842165862689831}},{""atr"":20.71216853316854,""bar"":{""body_fraction"":0.0,""close"":7519.5,""close_position"":0.9375,""direction"":""NEUTRAL"",""high"":7520.0,""low"":7512.0,""lower_wick_fraction"":0.9375,""move_atr"":0.0,""move_points"":0.0,""open"":7519.5,""snapshot_time"":""2026-08-03T13:06:00+05:30"",""upper_wick_fraction"":0.0625,""volume"":1613.0},""close"":7519.5,""trend"":{""ema_ref"":7410.771126562456,""ema_slow"":7449.781214424989,""hma_order"":""SELL"",""hma_spread_atr"":6.880412727056889}}],""last_observation_hash"":""567dc8d6fb7513cef0fa13d18da7ef5d7d84703035856a50d5f279f58bbcbb36"",""last_snapshot_time"":""2026-08-03T13:06:00+05:30"",""observation"":{""compression_box_high"":null,""compression_box_low"":null,""compression_candidate_bars"":0,""current_state"":""ORDERLY_DOWNTREND"",""established_side"":""DOWN"",""exhaustion_active"":true,""exhaustion_age_bars"":2,""exhaustion_clear_bars"":0,""exhaustion_last_seen_at"":""2026-08-03T13:06:00+05:30"",""exhaustion_side"":""DOWN"",""exhaustion_started_at"":""2026-08-03T13:03:00+05:30"",""failure_breach_bars"":0,""last_close"":7519.5,""last_reason_codes"":[""REVERSAL_OBSERVATION_GRADUATING_TO_ORDERLY_TREND"",""OBSERVATION_TRANSITION_CONFIRMED"",""OBSERVATION_STATE_ORDERLY_DOWNTREND""],""last_snapshot_time"":""2026-08-03T13:06:00+05:30"",""leg_age_bars"":4,""leg_anchor_price"":7543.5,""leg_anchor_time"":""2026-08-03T12:57:00+05:30"",""leg_extreme_price"":7501.0,""leg_maturity_consumed"":false,""leg_maturity_extreme_price"":null,""leg_maturity_onset_time"":null,""leg_no_progress_bars"":2,""observation_count"":78,""pending_bars"":0,""pending_state"":null,""protection_level"":7543.5,""protection_source"":""INITIAL_DIRECTIONAL_ANCHOR"",""protection_time"":""2026-08-03T12:57:00+05:30"",""pullback_age_bars"":0,""pullback_candidate_bars"":0,""pullback_extreme_price"":null,""reacceleration_age_bars"":2,""recompression_age_bars"":0,""reversal_confirmation_bars"":0,""reversal_side"":""DOWN"",""state_age_bars"":1,""trading_day"":""2026-08-03"",""trend_anchor_price"":7543.5,""trend_candidate_bars"":5,""trend_candidate_side"":""DOWN"",""trend_extreme_price"":7501.0,""trend_failure_age_bars"":0,""trend_onset_time"":""2026-08-03T12:57:00+05:30""},""symbol"":""ABB"",""trading_day"":""2026-08-03""}"
restoration-v3-current-day,development,restoration-trend-control-v3,backtest-default,OK,,,,ABB,2026-08-03,2026-08-03T13:09:00+05:30,2026-08-03T13:06:00+05:30,SNAPSHOT_AUCTION_AUTHORITY_V3A,3m,True,True,7503.5,2026-08-03T13:09:00,7519.5,7519.5,7503.5,7503.5,4206.0,20.375585066513644,EXPANDING_RANGE,SELL,candidate_boundaries_or_midpoint_still_drifting,RANGE_ACCEPTED,DYNAMIC:2026-08-03T12:03:00+05:30:2026-08-03T12:18:00+05:30,7539.0,7575.0,17,ok,DOWN_ACCELERATING,-0.34354841724295737,-0.27606569242737644,OK,INCREMENTAL_PREVIOUS_SNAPSHOT,AUTOTRADES_AUCTION_ENGINE,1.1.0,,,ORDERLY_DOWNTREND,DOWN,DOWN,True,False,True,DOWN,False,False,False,7543.5,INITIAL_DIRECTIONAL_ANCHOR,2026-08-03T12:57:00+05:30,DYNAMIC:2026-08-03T12:03:00+05:30:2026-08-03T12:18:00+05:30,7539.0,7575.0,False,-0.9861111111111112,0.8840579710144928,PRICE_ACTION,0.828409090909091,CURRENT_DIRECTIONAL_LEG_MATURED|MINIMUM_DWELL_ORDERLY_DOWNTREND_2_BARS|OBSERVATION_STATE_ORDERLY_DOWNTREND|OBJECTIVE_ACCEPTED_RANGE_GEOMETRY_PRESENT|OBJECTIVE_TREND_PROTECTION_GEOMETRY_PRESENT,DIR:ABB:2026-08-03:005:DOWN:124500,REVERSAL_WATCH,REVERSAL_WATCH,DOWN,REVERSAL_EVENT_HANDOFF,DIR:ABB:2026-08-03:004:UP:120000,DIR:ABB:2026-08-03:004:UP:120000:DIRECTIONAL_REVERSAL_CONFIRMED:124500,2026-08-03T12:45:00+05:30,2026-08-03T13:00:00+05:30,4,7549.0,7501.0,2026-08-03T13:00:00+05:30,7543.5,INITIAL_DIRECTIONAL_ANCHOR,7523.0,OBSERVATION_REJECTION_OR_FAILED_EXTREME:BAR_HIGH,2026-08-03T13:00:00+05:30,2,0.7228718537710966,0,True,REVERSAL_WATCH_RETAINED,5,UNKNOWN,0,4,0,0,0,ORDERLY_DOWNTREND,2026-08-03T13:09:00+05:30,REVERSAL_WATCH_RETAINED,,NONE,NONE,0,,,,,,UNKNOWN,0,0,0,0,False,False,NO_QUALIFIED_ACCEPTED_RANGE,0,,,,,,0,,,,,MATCH,MATCH,MATCH,MATCH,False,0,False,False,False,True,,COHERENT,[],[],"{""accepted_range_breakout_eligible"":true,""accepted_range_established_at"":""2026-08-03T12:18:00+05:30"",""accepted_range_high"":7575.0,""accepted_range_id"":""DYNAMIC:2026-08-03T12:03:00+05:30:2026-08-03T12:18:00+05:30"",""accepted_range_inside"":false,""accepted_range_low"":7539.0,""accepted_range_outside_atr"":1.742281258874998,""accepted_range_position"":-0.9861111111111112,""accepted_range_provisional"":false,""atr"":20.375585066513644,""close"":7503.5,""current_leg_mature"":true,""directional_bias"":""DOWN"",""directional_efficiency"":0.8840579710144928,""directional_efficiency_source"":""PRICE_ACTION"",""exhausted_side"":""DOWN"",""exhaustion_active"":true,""extension_mature"":false,""failed_extreme_observed"":false,""high"":7519.5,""low"":7503.5,""observation_state"":""ORDERLY_DOWNTREND"",""overlap_ratio"":0.828409090909091,""range_width_atr"":1.7668204315352092,""rejection_observed"":false,""snapshot_time"":""2026-08-03T13:09:00+05:30"",""source_reason_codes"":[""CURRENT_DIRECTIONAL_LEG_MATURED"",""MINIMUM_DWELL_ORDERLY_DOWNTREND_2_BARS"",""OBSERVATION_STATE_ORDERLY_DOWNTREND"",""OBJECTIVE_ACCEPTED_RANGE_GEOMETRY_PRESENT"",""OBJECTIVE_TREND_PROTECTION_GEOMETRY_PRESENT""],""structural_failure_confirmed"":false,""symbol"":""ABB"",""trading_day"":""2026-08-03"",""trend_direction"":""DOWN"",""trend_protection_level"":7543.5,""trend_protection_source"":""INITIAL_DIRECTIONAL_ANCHOR"",""trend_protection_time"":""2026-08-03T12:57:00+05:30""}","{""continuation_failure_seen"":true,""continuation_failure_time"":""2026-08-03T13:00:00+05:30"",""current_state"":""REVERSAL_WATCH"",""direction"":""DOWN"",""episode_id"":""DIR:ABB:2026-08-03:005:DOWN:124500"",""extreme_price"":7501.0,""extreme_time"":""2026-08-03T13:00:00+05:30"",""first_adverse_bar_close"":7519.0,""first_adverse_bar_level"":7523.0,""first_adverse_bar_time"":""2026-08-03T13:00:00+05:30"",""origin_event_id"":""DIR:ABB:2026-08-03:004:UP:120000:DIRECTIONAL_REVERSAL_CONFIRMED:124500"",""origin_price"":7549.0,""origin_source"":""REVERSAL_EVENT_HANDOFF"",""parent_episode_id"":""DIR:ABB:2026-08-03:004:UP:120000"",""previous_state"":""REVERSAL_WATCH"",""protection_level"":7543.5,""protection_source"":""INITIAL_DIRECTIONAL_ANCHOR"",""reason_codes"":[""REVERSAL_WATCH_RETAINED""],""rejection_seen"":true,""reversal_confirmation_breach_closes"":0,""reversal_confirmation_level"":7523.0,""reversal_confirmation_level_time"":""2026-08-03T13:00:00+05:30"",""reversal_confirmation_source"":""OBSERVATION_REJECTION_OR_FAILED_EXTREME:BAR_HIGH"",""reversal_leg_failure_closes"":0,""reversal_leg_progress_atr"":0.7228718537710966,""reversal_leg_progress_bars"":2,""started_at"":""2026-08-03T12:45:00+05:30"",""state_age_bars"":4,""state_started_at"":""2026-08-03T13:00:00+05:30""}","{""attempt_limit_reached"":false,""candidate_bar_expansion_count"":0,""candidate_high"":null,""candidate_last_valid_at"":null,""candidate_low"":null,""candidate_merge_count"":0,""containment_bars"":0,""containment_ratio"":0.0,""current_state"":""NONE"",""down_escape_attempt_count"":0,""episode_id"":null,""escape_attempt_count"":0,""escape_direction"":""UNKNOWN"",""failed_escape_count"":0,""forming_bars_observed"":0,""forming_invalid_bars"":0,""frozen_high"":null,""frozen_low"":null,""last_escape_direction"":""UNKNOWN"",""last_escape_failed_at"":null,""last_escape_started_at"":null,""marginal_excursion_bars"":0,""meaningful_escape_bars"":0,""outside_close_count"":0,""previous_state"":""NONE"",""range_id"":null,""rearm_bars_elapsed"":0,""rearm_inside_close_count"":0,""rearm_required"":false,""reason_codes"":[""NO_QUALIFIED_ACCEPTED_RANGE""],""reentry_close_count"":0,""source_range_ids"":[],""started_at"":null,""state_age_bars"":0,""state_started_at"":null,""up_escape_attempt_count"":0}","{""balance_attempt_limit_reached"":false,""balance_candidate_bar_expansion_count"":0,""balance_candidate_merge_count"":0,""balance_containment_ratio"":0.0,""balance_down_escape_attempt_count"":0,""balance_escape_attempt_count"":0,""balance_failed_escape_count"":0,""balance_forming_bars_observed"":0,""balance_forming_invalid_bars"":0,""balance_last_escape_direction"":""UNKNOWN"",""balance_last_escape_failed_at"":null,""balance_last_escape_started_at"":null,""balance_marginal_excursion_bars"":0,""balance_meaningful_escape_bars"":0,""balance_rearm_bars_elapsed"":0,""balance_rearm_inside_close_count"":0,""balance_rearm_required"":false,""balance_up_escape_attempt_count"":0,""directional_origin_event_id"":""DIR:ABB:2026-08-03:004:UP:120000:DIRECTIONAL_REVERSAL_CONFIRMED:124500"",""directional_origin_source"":""REVERSAL_EVENT_HANDOFF"",""directional_parent_episode_id"":""DIR:ABB:2026-08-03:004:UP:120000"",""directional_reversal_watch_age_bars"":4,""directional_start_candidate_bars"":0,""directional_start_candidate_side"":""UNKNOWN"",""observation_accepted_range_id"":""DYNAMIC:2026-08-03T12:03:00+05:30:2026-08-03T12:18:00+05:30"",""observation_current_leg_mature"":true,""observation_directional_bias"":""DOWN"",""observation_exhaustion_active"":true,""observation_state"":""ORDERLY_DOWNTREND""}","{""balance"":{""attempt_limit_reached"":false,""candidate_bar_expansion_count"":0,""candidate_high"":null,""candidate_last_valid_at"":null,""candidate_low"":null,""candidate_merge_count"":0,""containment_bars"":0,""down_escape_attempt_count"":0,""emitted_event_ids"":[""BAL:ABB:2026-08-03:001:NEUTRAL:100600:BALANCE_COMPLETED:105400"",""BAL:ABB:2026-08-03:001:NEUTRAL:100600:BALANCE_ESCAPE_ACCEPTED:105100"",""BAL:ABB:2026-08-03:001:NEUTRAL:100600:BALANCE_ESCAPE_STARTED:104800"",""BAL:ABB:2026-08-03:001:NEUTRAL:100600:BALANCE_FORMING_STARTED:100600"",""BAL:ABB:2026-08-03:001:NEUTRAL:100600:BALANCE_LOCKED:102700"",""BAL:ABB:2026-08-03:001:NEUTRAL:100600:BALANCE_PROBABLE:101800"",""BAL:ABB:2026-08-03:002:NEUTRAL:112100:BALANCE_COMPLETED:113000"",""BAL:ABB:2026-08-03:002:NEUTRAL:112100:BALANCE_FORMING_STARTED:112100"",""BAL:ABB:2026-08-03:003:NEUTRAL:114800:BALANCE_COMPLETED:115400"",""BAL:ABB:2026-08-03:003:NEUTRAL:114800:BALANCE_FORMING_STARTED:114800"",""BAL:ABB:2026-08-03:004:NEUTRAL:122400:BALANCE_COMPLETED:125400"",""BAL:ABB:2026-08-03:004:NEUTRAL:122400:BALANCE_ESCAPE_ACCEPTED:125100"",""BAL:ABB:2026-08-03:004:NEUTRAL:122400:BALANCE_ESCAPE_STARTED:124800"",""BAL:ABB:2026-08-03:004:NEUTRAL:122400:BALANCE_FORMING_STARTED:122400"",""BAL:ABB:2026-08-03:004:NEUTRAL:122400:BALANCE_LOCKED:124500"",""BAL:ABB:2026-08-03:004:NEUTRAL:122400:BALANCE_PROBABLE:123600""],""episode_id"":null,""escape_attempt_count"":0,""escape_direction"":""UNKNOWN"",""failed_escape_count"":0,""forming_bars_observed"":0,""forming_invalid_bars"":0,""frozen_high"":null,""frozen_low"":null,""last_escape_direction"":""UNKNOWN"",""last_escape_failed_at"":null,""last_escape_started_at"":null,""last_reason_codes"":[""NO_QUALIFIED_ACCEPTED_RANGE""],""marginal_excursion_bars"":0,""meaningful_escape_bars"":0,""outside_close_count"":0,""range_id"":null,""rearm_bars_elapsed"":0,""rearm_inside_close_count"":0,""rearm_required"":false,""reentry_close_count"":0,""sequence"":4,""source_range_ids"":[],""started_at"":null,""state"":""NONE"",""state_age_bars"":0,""state_started_at"":null,""up_escape_attempt_count"":0},""directional"":{""continuation_failure_progress_bars"":2,""continuation_failure_seen"":true,""continuation_failure_seen_at"":""2026-08-03T13:00:00+05:30"",""direction"":""DOWN"",""emitted_event_ids"":[""DIR:ABB:2026-08-03:001:DOWN:101500:DIRECTIONAL_COMPLETED:105100"",""DIR:ABB:2026-08-03:001:DOWN:101500:DIRECTIONAL_STARTED:101500"",""DIR:ABB:2026-08-03:002:UP:110000:DIRECTIONAL_COMPLETED:113900"",""DIR:ABB:2026-08-03:002:UP:110000:DIRECTIONAL_MATURED:110300"",""DIR:ABB:2026-08-03:002:UP:110000:DIRECTIONAL_REVERSAL_CONFIRMED:113900"",""DIR:ABB:2026-08-03:002:UP:110000:DIRECTIONAL_STARTED:110000"",""DIR:ABB:2026-08-03:002:UP:110000:REVERSAL_WATCH_STARTED:110600"",""DIR:ABB:2026-08-03:003:DOWN:113900:DIRECTIONAL_COMPLETED:115400"",""DIR:ABB:2026-08-03:003:DOWN:113900:DIRECTIONAL_REVERSAL_LEG_FAILED:115400"",""DIR:ABB:2026-08-03:003:DOWN:113900:DIRECTIONAL_REVERSAL_LEG_STARTED:113900"",""DIR:ABB:2026-08-03:004:UP:120000:DIRECTIONAL_COMPLETED:124500"",""DIR:ABB:2026-08-03:004:UP:120000:DIRECTIONAL_CONTINUATION_CONFIRMED:123300"",""DIR:ABB:2026-08-03:004:UP:120000:DIRECTIONAL_MATURED:120300"",""DIR:ABB:2026-08-03:004:UP:120000:DIRECTIONAL_MATURED:123900"",""DIR:ABB:2026-08-03:004:UP:120000:DIRECTIONAL_REVERSAL_CONFIRMED:124500"",""DIR:ABB:2026-08-03:004:UP:120000:DIRECTIONAL_STARTED:120000"",""DIR:ABB:2026-08-03:004:UP:120000:DIRECTIONAL_TREND_RESTORED:122100"",""DIR:ABB:2026-08-03:004:UP:120000:REVERSAL_WATCH_STARTED:120600"",""DIR:ABB:2026-08-03:004:UP:120000:REVERSAL_WATCH_STARTED:124200"",""DIR:ABB:2026-08-03:005:DOWN:124500:DIRECTIONAL_MATURED:125700"",""DIR:ABB:2026-08-03:005:DOWN:124500:DIRECTIONAL_REVERSAL_LEG_ESTABLISHED:125100"",""DIR:ABB:2026-08-03:005:DOWN:124500:DIRECTIONAL_REVERSAL_LEG_STARTED:124500"",""DIR:ABB:2026-08-03:005:DOWN:124500:REVERSAL_WATCH_STARTED:130000""],""episode_id"":""DIR:ABB:2026-08-03:005:DOWN:124500"",""extreme_price"":7501.0,""extreme_time"":""2026-08-03T13:00:00+05:30"",""first_adverse_bar_close"":7519.0,""first_adverse_bar_level"":7523.0,""first_adverse_bar_time"":""2026-08-03T13:00:00+05:30"",""inactive_bars"":0,""last_close"":7503.5,""last_observation_state"":""ORDERLY_DOWNTREND"",""last_observation_state_time"":""2026-08-03T13:09:00+05:30"",""last_reason_codes"":[""REVERSAL_WATCH_RETAINED""],""opposite_control_bars"":0,""origin_event_id"":""DIR:ABB:2026-08-03:004:UP:120000:DIRECTIONAL_REVERSAL_CONFIRMED:124500"",""origin_price"":7549.0,""origin_source"":""REVERSAL_EVENT_HANDOFF"",""parent_episode_id"":""DIR:ABB:2026-08-03:004:UP:120000"",""protection_level"":7543.5,""protection_source"":""INITIAL_DIRECTIONAL_ANCHOR"",""protection_time"":""2026-08-03T12:57:00+05:30"",""rejection_seen"":true,""rejection_seen_at"":""2026-08-03T13:00:00+05:30"",""reversal_confirmation_breach_closes"":0,""reversal_confirmation_level"":7523.0,""reversal_confirmation_level_time"":""2026-08-03T13:00:00+05:30"",""reversal_confirmation_source"":""OBSERVATION_REJECTION_OR_FAILED_EXTREME:BAR_HIGH"",""reversal_leg_failure_closes"":0,""reversal_leg_progress_atr"":0.7228718537710966,""reversal_leg_progress_bars"":2,""reversal_watch_age_bars"":4,""sequence"":5,""start_candidate_bars"":0,""start_candidate_side"":""UNKNOWN"",""started_at"":""2026-08-03T12:45:00+05:30"",""state"":""REVERSAL_WATCH"",""state_age_bars"":4,""state_started_at"":""2026-08-03T13:00:00+05:30"",""trend_restore_bars"":0},""evidence_history"":[{""atr"":24.376355218652453,""bar"":{""body_fraction"":0.8461538461538461,""close"":7563.0,""close_position"":0.0,""direction"":""DOWN"",""high"":7576.0,""low"":7563.0,""lower_wick_fraction"":0.0,""move_atr"":-0.4512569619753059,""move_points"":-11.0,""open"":7574.0,""snapshot_time"":""2026-08-03T12:36:00+05:30"",""upper_wick_fraction"":0.15384615384615383,""volume"":4588.0},""close"":7563.0,""trend"":{""ema_ref"":7397.548789187673,""ema_slow"":7430.693670975137,""hma_order"":""SELL"",""hma_spread_atr"":6.821083487693762}},{""atr"":24.17090127446299,""bar"":{""body_fraction"":0.5116279069767442,""close"":7574.0,""close_position"":0.9767441860465116,""direction"":""UP"",""high"":7574.5,""low"":7553.0,""lower_wick_fraction"":0.46511627906976744,""move_atr"":0.4550926701116315,""move_points"":11.0,""open"":7563.0,""snapshot_time"":""2026-08-03T12:39:00+05:30"",""upper_wick_fraction"":0.023255813953488372,""volume"":6206.0},""close"":7574.0,""trend"":{""ema_ref"":7399.304522628592,""ema_slow"":7433.531420064738,""hma_order"":""SELL"",""hma_spread_atr"":6.949155369897782}},{""atr"":23.30155118342992,""bar"":{""body_fraction"":0.5,""close"":7568.0,""close_position"":0.25,""direction"":""DOWN"",""high"":7577.0,""low"":7565.0,""lower_wick_fraction"":0.25,""move_atr"":-0.2574935871336621,""move_points"":-6.0,""open"":7574.0,""snapshot_time"":""2026-08-03T12:42:00+05:30"",""upper_wick_fraction"":0.25,""volume"":2671.0},""close"":7568.0,""trend"":{""ema_ref"":7400.983084592487,""ema_slow"":7436.194164221872,""hma_order"":""SELL"",""hma_spread_atr"":7.253149483753991}},{""atr"":23.280011813184927,""bar"":{""body_fraction"":0.8260869565217391,""close"":7549.0,""close_position"":0.17391304347826086,""direction"":""DOWN"",""high"":7568.0,""low"":7545.0,""lower_wick_fraction"":0.17391304347826086,""move_atr"":-0.8161507886022253,""move_points"":-19.0,""open"":7568.0,""snapshot_time"":""2026-08-03T12:45:00+05:30"",""upper_wick_fraction"":0.0,""volume"":4025.0},""close"":7549.0,""trend"":{""ema_ref"":7402.45588972092,""ema_slow"":7438.427943148171,""hma_order"":""SELL"",""hma_spread_atr"":7.263971475968091}},{""atr"":23.58143954081458,""bar"":{""body_fraction"":0.5192307692307693,""close"":7534.0,""close_position"":0.4807692307692308,""direction"":""DOWN"",""high"":7547.5,""low"":7521.5,""lower_wick_fraction"":0.4807692307692308,""move_atr"":-0.5724841342545819,""move_points"":-13.5,""open"":7547.5,""snapshot_time"":""2026-08-03T12:48:00+05:30"",""upper_wick_fraction"":0.0,""volume"":8619.0},""close"":7534.0,""trend"":{""ema_ref"":7403.764786340612,""ema_slow"":7440.320459125435,""hma_order"":""SELL"",""hma_spread_atr"":7.126234087883324}},{""atr"":22.825622430756393,""bar"":{""body_fraction"":0.07692307692307693,""close"":7532.5,""close_position"":0.4615384615384616,""direction"":""DOWN"",""high"":7539.5,""low"":7526.5,""lower_wick_fraction"":0.4615384615384616,""move_atr"":-0.04381041538006646,""move_points"":-1.0,""open"":7533.5,""snapshot_time"":""2026-08-03T12:51:00+05:30"",""upper_wick_fraction"":0.4615384615384616,""volume"":2859.0},""close"":7532.5,""trend"":{""ema_ref"":7405.045733740208,""ema_slow"":7442.145796568496,""hma_order"":""SELL"",""hma_spread_atr"":7.268781628989275}},{""atr"":22.159506542845225,""bar"":{""body_fraction"":0.14814814814814814,""close"":7530.5,""close_position"":0.48148148148148145,""direction"":""DOWN"",""high"":7537.5,""low"":7524.0,""lower_wick_fraction"":0.48148148148148145,""move_atr"":-0.09025471736624714,""move_points"":-2.0,""open"":7532.5,""snapshot_time"":""2026-08-03T12:54:00+05:30"",""upper_wick_fraction"":0.3703703703703703,""volume"":3645.0},""close"":7530.5,""trend"":{""ema_ref"":7406.294034897022,""ema_slow"":7443.8953847552575,""hma_order"":""SELL"",""hma_spread_atr"":7.346886174853382}},{""atr"":22.362398932641995,""bar"":{""body_fraction"":0.18,""close"":7526.0,""close_position"":0.3,""direction"":""DOWN"",""high"":7543.5,""low"":7518.5,""lower_wick_fraction"":0.3,""move_atr"":-0.20123064674565977,""move_points"":-4.5,""open"":7530.5,""snapshot_time"":""2026-08-03T12:57:00+05:30"",""upper_wick_fraction"":0.52,""volume"":5071.0},""close"":7526.0,""trend"":{""ema_ref"":7407.485139027401,""ema_slow"":7445.5212187205,""hma_order"":""SELL"",""hma_spread_atr"":7.100885384741427}},{""atr"":22.550799008881853,""bar"":{""body_fraction"":0.09090909090909093,""close"":7519.0,""close_position"":0.8181818181818182,""direction"":""UP"",""high"":7523.0,""low"":7501.0,""lower_wick_fraction"":0.7272727272727273,""move_atr"":0.08868865352452836,""move_points"":2.0,""open"":7517.0,""snapshot_time"":""2026-08-03T13:00:00+05:30"",""upper_wick_fraction"":0.18181818181818185,""volume"":7452.0},""close"":7519.0,""trend"":{""ema_ref"":7408.594739634094,""ema_slow"":7446.976244092371,""hma_order"":""SELL"",""hma_spread_atr"":6.825414981376083}},{""atr"":21.69002765110458,""bar"":{""body_fraction"":0.14285714285714285,""close"":7517.5,""close_position"":0.7142857142857143,""direction"":""DOWN"",""high"":7520.5,""low"":7510.0,""lower_wick_fraction"":0.7142857142857143,""move_atr"":-0.06915620506014485,""move_points"":-1.5,""open"":7519.0,""snapshot_time"":""2026-08-03T13:03:00+05:30"",""upper_wick_fraction"":0.14285714285714285,""volume"":2740.0},""close"":7517.5,""trend"":{""ema_ref"":7409.678374065596,""ema_slow"":7448.372754110344,""hma_order"":""SELL"",""hma_spread_atr"":6.842165862689831}},{""atr"":20.71216853316854,""bar"":{""body_fraction"":0.0,""close"":7519.5,""close_position"":0.9375,""direction"":""NEUTRAL"",""high"":7520.0,""low"":7512.0,""lower_wick_fraction"":0.9375,""move_atr"":0.0,""move_points"":0.0,""open"":7519.5,""snapshot_time"":""2026-08-03T13:06:00+05:30"",""upper_wick_fraction"":0.0625,""volume"":1613.0},""close"":7519.5,""trend"":{""ema_ref"":7410.771126562456,""ema_slow"":7449.781214424989,""hma_order"":""SELL"",""hma_spread_atr"":6.880412727056889}},{""atr"":20.375585066513644,""bar"":{""body_fraction"":1.0,""close"":7503.5,""close_position"":0.0,""direction"":""DOWN"",""high"":7519.5,""low"":7503.5,""lower_wick_fraction"":0.0,""move_atr"":-0.7852535251267596,""move_points"":-16.0,""open"":7519.5,""snapshot_time"":""2026-08-03T13:09:00+05:30"",""upper_wick_fraction"":0.0,""volume"":4206.0},""close"":7503.5,""trend"":{""ema_ref"":7411.693801920043,""ema_slow"":7450.844952753208,""hma_order"":""SELL"",""hma_spread_atr"":6.675016813863992}}],""last_observation_hash"":""2283193300e3f26b7ab3f32ba6b0c792386a7ccff3e655d656304718897614a2"",""last_snapshot_time"":""2026-08-03T13:09:00+05:30"",""observation"":{""compression_box_high"":null,""compression_box_low"":null,""compression_candidate_bars"":0,""current_state"":""ORDERLY_DOWNTREND"",""established_side"":""DOWN"",""exhaustion_active"":true,""exhaustion_age_bars"":3,""exhaustion_clear_bars"":0,""exhaustion_last_seen_at"":""2026-08-03T13:09:00+05:30"",""exhaustion_side"":""DOWN"",""exhaustion_started_at"":""2026-08-03T13:03:00+05:30"",""failure_breach_bars"":0,""last_close"":7503.5,""last_reason_codes"":[""CURRENT_DIRECTIONAL_LEG_MATURED"",""MINIMUM_DWELL_ORDERLY_DOWNTREND_2_BARS"",""OBSERVATION_STATE_ORDERLY_DOWNTREND""],""last_snapshot_time"":""2026-08-03T13:09:00+05:30"",""leg_age_bars"":5,""leg_anchor_price"":7543.5,""leg_anchor_time"":""2026-08-03T12:57:00+05:30"",""leg_extreme_price"":7501.0,""leg_maturity_consumed"":false,""leg_maturity_extreme_price"":null,""leg_maturity_onset_time"":null,""leg_no_progress_bars"":3,""observation_count"":79,""pending_bars"":0,""pending_state"":null,""protection_level"":7543.5,""protection_source"":""INITIAL_DIRECTIONAL_ANCHOR"",""protection_time"":""2026-08-03T12:57:00+05:30"",""pullback_age_bars"":0,""pullback_candidate_bars"":0,""pullback_extreme_price"":null,""reacceleration_age_bars"":2,""recompression_age_bars"":0,""reversal_confirmation_bars"":0,""reversal_side"":""DOWN"",""state_age_bars"":2,""trading_day"":""2026-08-03"",""trend_anchor_price"":7543.5,""trend_candidate_bars"":6,""trend_candidate_side"":""DOWN"",""trend_extreme_price"":7501.0,""trend_failure_age_bars"":0,""trend_onset_time"":""2026-08-03T12:57:00+05:30""},""symbol"":""ABB"",""trading_day"":""2026-08-03""}"
restoration-v3-current-day,development,restoration-trend-control-v3,backtest-default,OK,,,,ABB,2026-08-03,2026-08-03T13:12:00+05:30,2026-08-03T13:09:00+05:30,SNAPSHOT_AUCTION_AUTHORITY_V3A,3m,True,True,7502.0,2026-08-03T13:12:00,7503.5,7508.5,7500.0,7502.0,2672.0,19.527328990334095,EXPANDING_RANGE,SELL,candidate_boundaries_or_midpoint_still_drifting,RANGE_ACCEPTED,DYNAMIC:2026-08-03T12:03:00+05:30:2026-08-03T12:18:00+05:30,7539.0,7575.0,18,ok,DOWN_ACCELERATING,-0.44808995661061446,-0.21764369321086988,OK,INCREMENTAL_PREVIOUS_SNAPSHOT,AUTOTRADES_AUCTION_ENGINE,1.1.0,,,ORDERLY_DOWNTREND,DOWN,DOWN,True,True,True,DOWN,True,False,False,7543.5,INITIAL_DIRECTIONAL_ANCHOR,2026-08-03T12:57:00+05:30,DYNAMIC:2026-08-03T12:03:00+05:30:2026-08-03T12:18:00+05:30,7539.0,7575.0,False,-1.0277777777777777,0.8840579710144928,PRICE_ACTION,0.7460561497326204,CURRENT_DIRECTIONAL_LEG_MATURED|AWAITING_2_BAR_CONFIRMATION_FOR_MATURE_EXTENSION|OBSERVATION_STATE_ORDERLY_DOWNTREND|OBJECTIVE_REJECTION_OBSERVED|OBJECTIVE_ACCEPTED_RANGE_GEOMETRY_PRESENT|OBJECTIVE_TREND_PROTECTION_GEOMETRY_PRESENT,DIR:ABB:2026-08-03:005:DOWN:124500,REVERSAL_WATCH,REVERSAL_WATCH,DOWN,REVERSAL_EVENT_HANDOFF,DIR:ABB:2026-08-03:004:UP:120000,DIR:ABB:2026-08-03:004:UP:120000:DIRECTIONAL_REVERSAL_CONFIRMED:124500,2026-08-03T12:45:00+05:30,2026-08-03T13:00:00+05:30,5,7549.0,7500.0,2026-08-03T13:12:00+05:30,7543.5,INITIAL_DIRECTIONAL_ANCHOR,7508.5,OBSERVATION_REJECTION_OR_FAILED_EXTREME:BAR_HIGH,2026-08-03T13:12:00+05:30,2,0.7228718537710966,0,True,REVERSAL_WATCH_RETAINED,5,UNKNOWN,0,5,1,0,0,ORDERLY_DOWNTREND,2026-08-03T13:12:00+05:30,REVERSAL_WATCH_RETAINED,,NONE,NONE,0,,,,,,UNKNOWN,0,0,0,0,False,False,NO_QUALIFIED_ACCEPTED_RANGE,0,,,,,,0,,,,,MATCH,MATCH,MATCH,MATCH,False,0,False,False,False,True,,COHERENT,[],[],"{""accepted_range_breakout_eligible"":true,""accepted_range_established_at"":""2026-08-03T12:18:00+05:30"",""accepted_range_high"":7575.0,""accepted_range_id"":""DYNAMIC:2026-08-03T12:03:00+05:30:2026-08-03T12:18:00+05:30"",""accepted_range_inside"":false,""accepted_range_low"":7539.0,""accepted_range_outside_atr"":1.8947803879534555,""accepted_range_position"":-1.0277777777777777,""accepted_range_provisional"":false,""atr"":19.527328990334095,""close"":7502.0,""current_leg_mature"":true,""directional_bias"":""DOWN"",""directional_efficiency"":0.8840579710144928,""directional_efficiency_source"":""PRICE_ACTION"",""exhausted_side"":""DOWN"",""exhaustion_active"":true,""extension_mature"":true,""failed_extreme_observed"":false,""high"":7508.5,""low"":7500.0,""observation_state"":""ORDERLY_DOWNTREND"",""overlap_ratio"":0.7460561497326204,""range_width_atr"":1.8435701071979569,""rejection_observed"":true,""snapshot_time"":""2026-08-03T13:12:00+05:30"",""source_reason_codes"":[""CURRENT_DIRECTIONAL_LEG_MATURED"",""AWAITING_2_BAR_CONFIRMATION_FOR_MATURE_EXTENSION"",""OBSERVATION_STATE_ORDERLY_DOWNTREND"",""OBJECTIVE_REJECTION_OBSERVED"",""OBJECTIVE_ACCEPTED_RANGE_GEOMETRY_PRESENT"",""OBJECTIVE_TREND_PROTECTION_GEOMETRY_PRESENT""],""structural_failure_confirmed"":false,""symbol"":""ABB"",""trading_day"":""2026-08-03"",""trend_direction"":""DOWN"",""trend_protection_level"":7543.5,""trend_protection_source"":""INITIAL_DIRECTIONAL_ANCHOR"",""trend_protection_time"":""2026-08-03T12:57:00+05:30""}","{""continuation_failure_seen"":true,""continuation_failure_time"":""2026-08-03T13:12:00+05:30"",""current_state"":""REVERSAL_WATCH"",""direction"":""DOWN"",""episode_id"":""DIR:ABB:2026-08-03:005:DOWN:124500"",""extreme_price"":7500.0,""extreme_time"":""2026-08-03T13:12:00+05:30"",""first_adverse_bar_close"":7502.0,""first_adverse_bar_level"":7508.5,""first_adverse_bar_time"":""2026-08-03T13:12:00+05:30"",""origin_event_id"":""DIR:ABB:2026-08-03:004:UP:120000:DIRECTIONAL_REVERSAL_CONFIRMED:124500"",""origin_price"":7549.0,""origin_source"":""REVERSAL_EVENT_HANDOFF"",""parent_episode_id"":""DIR:ABB:2026-08-03:004:UP:120000"",""previous_state"":""REVERSAL_WATCH"",""protection_level"":7543.5,""protection_source"":""INITIAL_DIRECTIONAL_ANCHOR"",""reason_codes"":[""REVERSAL_WATCH_RETAINED""],""rejection_seen"":true,""reversal_confirmation_breach_closes"":0,""reversal_confirmation_level"":7508.5,""reversal_confirmation_level_time"":""2026-08-03T13:12:00+05:30"",""reversal_confirmation_source"":""OBSERVATION_REJECTION_OR_FAILED_EXTREME:BAR_HIGH"",""reversal_leg_failure_closes"":0,""reversal_leg_progress_atr"":0.7228718537710966,""reversal_leg_progress_bars"":2,""started_at"":""2026-08-03T12:45:00+05:30"",""state_age_bars"":5,""state_started_at"":""2026-08-03T13:00:00+05:30""}","{""attempt_limit_reached"":false,""candidate_bar_expansion_count"":0,""candidate_high"":null,""candidate_last_valid_at"":null,""candidate_low"":null,""candidate_merge_count"":0,""containment_bars"":0,""containment_ratio"":0.0,""current_state"":""NONE"",""down_escape_attempt_count"":0,""episode_id"":null,""escape_attempt_count"":0,""escape_direction"":""UNKNOWN"",""failed_escape_count"":0,""forming_bars_observed"":0,""forming_invalid_bars"":0,""frozen_high"":null,""frozen_low"":null,""last_escape_direction"":""UNKNOWN"",""last_escape_failed_at"":null,""last_escape_started_at"":null,""marginal_excursion_bars"":0,""meaningful_escape_bars"":0,""outside_close_count"":0,""previous_state"":""NONE"",""range_id"":null,""rearm_bars_elapsed"":0,""rearm_inside_close_count"":0,""rearm_required"":false,""reason_codes"":[""NO_QUALIFIED_ACCEPTED_RANGE""],""reentry_close_count"":0,""source_range_ids"":[],""started_at"":null,""state_age_bars"":0,""state_started_at"":null,""up_escape_attempt_count"":0}","{""balance_attempt_limit_reached"":false,""balance_candidate_bar_expansion_count"":0,""balance_candidate_merge_count"":0,""balance_containment_ratio"":0.0,""balance_down_escape_attempt_count"":0,""balance_escape_attempt_count"":0,""balance_failed_escape_count"":0,""balance_forming_bars_observed"":0,""balance_forming_invalid_bars"":0,""balance_last_escape_direction"":""UNKNOWN"",""balance_last_escape_failed_at"":null,""balance_last_escape_started_at"":null,""balance_marginal_excursion_bars"":0,""balance_meaningful_escape_bars"":0,""balance_rearm_bars_elapsed"":0,""balance_rearm_inside_close_count"":0,""balance_rearm_required"":false,""balance_up_escape_attempt_count"":0,""directional_origin_event_id"":""DIR:ABB:2026-08-03:004:UP:120000:DIRECTIONAL_REVERSAL_CONFIRMED:124500"",""directional_origin_source"":""REVERSAL_EVENT_HANDOFF"",""directional_parent_episode_id"":""DIR:ABB:2026-08-03:004:UP:120000"",""directional_reversal_watch_age_bars"":5,""directional_start_candidate_bars"":0,""directional_start_candidate_side"":""UNKNOWN"",""observation_accepted_range_id"":""DYNAMIC:2026-08-03T12:03:00+05:30:2026-08-03T12:18:00+05:30"",""observation_current_leg_mature"":true,""observation_directional_bias"":""DOWN"",""observation_exhaustion_active"":true,""observation_state"":""ORDERLY_DOWNTREND""}","{""balance"":{""attempt_limit_reached"":false,""candidate_bar_expansion_count"":0,""candidate_high"":null,""candidate_last_valid_at"":null,""candidate_low"":null,""candidate_merge_count"":0,""containment_bars"":0,""down_escape_attempt_count"":0,""emitted_event_ids"":[""BAL:ABB:2026-08-03:001:NEUTRAL:100600:BALANCE_COMPLETED:105400"",""BAL:ABB:2026-08-03:001:NEUTRAL:100600:BALANCE_ESCAPE_ACCEPTED:105100"",""BAL:ABB:2026-08-03:001:NEUTRAL:100600:BALANCE_ESCAPE_STARTED:104800"",""BAL:ABB:2026-08-03:001:NEUTRAL:100600:BALANCE_FORMING_STARTED:100600"",""BAL:ABB:2026-08-03:001:NEUTRAL:100600:BALANCE_LOCKED:102700"",""BAL:ABB:2026-08-03:001:NEUTRAL:100600:BALANCE_PROBABLE:101800"",""BAL:ABB:2026-08-03:002:NEUTRAL:112100:BALANCE_COMPLETED:113000"",""BAL:ABB:2026-08-03:002:NEUTRAL:112100:BALANCE_FORMING_STARTED:112100"",""BAL:ABB:2026-08-03:003:NEUTRAL:114800:BALANCE_COMPLETED:115400"",""BAL:ABB:2026-08-03:003:NEUTRAL:114800:BALANCE_FORMING_STARTED:114800"",""BAL:ABB:2026-08-03:004:NEUTRAL:122400:BALANCE_COMPLETED:125400"",""BAL:ABB:2026-08-03:004:NEUTRAL:122400:BALANCE_ESCAPE_ACCEPTED:125100"",""BAL:ABB:2026-08-03:004:NEUTRAL:122400:BALANCE_ESCAPE_STARTED:124800"",""BAL:ABB:2026-08-03:004:NEUTRAL:122400:BALANCE_FORMING_STARTED:122400"",""BAL:ABB:2026-08-03:004:NEUTRAL:122400:BALANCE_LOCKED:124500"",""BAL:ABB:2026-08-03:004:NEUTRAL:122400:BALANCE_PROBABLE:123600""],""episode_id"":null,""escape_attempt_count"":0,""escape_direction"":""UNKNOWN"",""failed_escape_count"":0,""forming_bars_observed"":0,""forming_invalid_bars"":0,""frozen_high"":null,""frozen_low"":null,""last_escape_direction"":""UNKNOWN"",""last_escape_failed_at"":null,""last_escape_started_at"":null,""last_reason_codes"":[""NO_QUALIFIED_ACCEPTED_RANGE""],""marginal_excursion_bars"":0,""meaningful_escape_bars"":0,""outside_close_count"":0,""range_id"":null,""rearm_bars_elapsed"":0,""rearm_inside_close_count"":0,""rearm_required"":false,""reentry_close_count"":0,""sequence"":4,""source_range_ids"":[],""started_at"":null,""state"":""NONE"",""state_age_bars"":0,""state_started_at"":null,""up_escape_attempt_count"":0},""directional"":{""continuation_failure_progress_bars"":1,""continuation_failure_seen"":true,""continuation_failure_seen_at"":""2026-08-03T13:12:00+05:30"",""direction"":""DOWN"",""emitted_event_ids"":[""DIR:ABB:2026-08-03:001:DOWN:101500:DIRECTIONAL_COMPLETED:105100"",""DIR:ABB:2026-08-03:001:DOWN:101500:DIRECTIONAL_STARTED:101500"",""DIR:ABB:2026-08-03:002:UP:110000:DIRECTIONAL_COMPLETED:113900"",""DIR:ABB:2026-08-03:002:UP:110000:DIRECTIONAL_MATURED:110300"",""DIR:ABB:2026-08-03:002:UP:110000:DIRECTIONAL_REVERSAL_CONFIRMED:113900"",""DIR:ABB:2026-08-03:002:UP:110000:DIRECTIONAL_STARTED:110000"",""DIR:ABB:2026-08-03:002:UP:110000:REVERSAL_WATCH_STARTED:110600"",""DIR:ABB:2026-08-03:003:DOWN:113900:DIRECTIONAL_COMPLETED:115400"",""DIR:ABB:2026-08-03:003:DOWN:113900:DIRECTIONAL_REVERSAL_LEG_FAILED:115400"",""DIR:ABB:2026-08-03:003:DOWN:113900:DIRECTIONAL_REVERSAL_LEG_STARTED:113900"",""DIR:ABB:2026-08-03:004:UP:120000:DIRECTIONAL_COMPLETED:124500"",""DIR:ABB:2026-08-03:004:UP:120000:DIRECTIONAL_CONTINUATION_CONFIRMED:123300"",""DIR:ABB:2026-08-03:004:UP:120000:DIRECTIONAL_MATURED:120300"",""DIR:ABB:2026-08-03:004:UP:120000:DIRECTIONAL_MATURED:123900"",""DIR:ABB:2026-08-03:004:UP:120000:DIRECTIONAL_REVERSAL_CONFIRMED:124500"",""DIR:ABB:2026-08-03:004:UP:120000:DIRECTIONAL_STARTED:120000"",""DIR:ABB:2026-08-03:004:UP:120000:DIRECTIONAL_TREND_RESTORED:122100"",""DIR:ABB:2026-08-03:004:UP:120000:REVERSAL_WATCH_STARTED:120600"",""DIR:ABB:2026-08-03:004:UP:120000:REVERSAL_WATCH_STARTED:124200"",""DIR:ABB:2026-08-03:005:DOWN:124500:DIRECTIONAL_MATURED:125700"",""DIR:ABB:2026-08-03:005:DOWN:124500:DIRECTIONAL_REVERSAL_LEG_ESTABLISHED:125100"",""DIR:ABB:2026-08-03:005:DOWN:124500:DIRECTIONAL_REVERSAL_LEG_STARTED:124500"",""DIR:ABB:2026-08-03:005:DOWN:124500:REVERSAL_WATCH_STARTED:130000""],""episode_id"":""DIR:ABB:2026-08-03:005:DOWN:124500"",""extreme_price"":7500.0,""extreme_time"":""2026-08-03T13:12:00+05:30"",""first_adverse_bar_close"":7502.0,""first_adverse_bar_level"":7508.5,""first_adverse_bar_time"":""2026-08-03T13:12:00+05:30"",""inactive_bars"":0,""last_close"":7502.0,""last_observation_state"":""ORDERLY_DOWNTREND"",""last_observation_state_time"":""2026-08-03T13:12:00+05:30"",""last_reason_codes"":[""REVERSAL_WATCH_RETAINED""],""opposite_control_bars"":0,""origin_event_id"":""DIR:ABB:2026-08-03:004:UP:120000:DIRECTIONAL_REVERSAL_CONFIRMED:124500"",""origin_price"":7549.0,""origin_source"":""REVERSAL_EVENT_HANDOFF"",""parent_episode_id"":""DIR:ABB:2026-08-03:004:UP:120000"",""protection_level"":7543.5,""protection_source"":""INITIAL_DIRECTIONAL_ANCHOR"",""protection_time"":""2026-08-03T12:57:00+05:30"",""rejection_seen"":true,""rejection_seen_at"":""2026-08-03T13:12:00+05:30"",""reversal_confirmation_breach_closes"":0,""reversal_confirmation_level"":7508.5,""reversal_confirmation_level_time"":""2026-08-03T13:12:00+05:30"",""reversal_confirmation_source"":""OBSERVATION_REJECTION_OR_FAILED_EXTREME:BAR_HIGH"",""reversal_leg_failure_closes"":0,""reversal_leg_progress_atr"":0.7228718537710966,""reversal_leg_progress_bars"":2,""reversal_watch_age_bars"":5,""sequence"":5,""start_candidate_bars"":0,""start_candidate_side"":""UNKNOWN"",""started_at"":""2026-08-03T12:45:00+05:30"",""state"":""REVERSAL_WATCH"",""state_age_bars"":5,""state_started_at"":""2026-08-03T13:00:00+05:30"",""trend_restore_bars"":1},""evidence_history"":[{""atr"":24.17090127446299,""bar"":{""body_fraction"":0.5116279069767442,""close"":7574.0,""close_position"":0.9767441860465116,""direction"":""UP"",""high"":7574.5,""low"":7553.0,""lower_wick_fraction"":0.46511627906976744,""move_atr"":0.4550926701116315,""move_points"":11.0,""open"":7563.0,""snapshot_time"":""2026-08-03T12:39:00+05:30"",""upper_wick_fraction"":0.023255813953488372,""volume"":6206.0},""close"":7574.0,""trend"":{""ema_ref"":7399.304522628592,""ema_slow"":7433.531420064738,""hma_order"":""SELL"",""hma_spread_atr"":6.949155369897782}},{""atr"":23.30155118342992,""bar"":{""body_fraction"":0.5,""close"":7568.0,""close_position"":0.25,""direction"":""DOWN"",""high"":7577.0,""low"":7565.0,""lower_wick_fraction"":0.25,""move_atr"":-0.2574935871336621,""move_points"":-6.0,""open"":7574.0,""snapshot_time"":""2026-08-03T12:42:00+05:30"",""upper_wick_fraction"":0.25,""volume"":2671.0},""close"":7568.0,""trend"":{""ema_ref"":7400.983084592487,""ema_slow"":7436.194164221872,""hma_order"":""SELL"",""hma_spread_atr"":7.253149483753991}},{""atr"":23.280011813184927,""bar"":{""body_fraction"":0.8260869565217391,""close"":7549.0,""close_position"":0.17391304347826086,""direction"":""DOWN"",""high"":7568.0,""low"":7545.0,""lower_wick_fraction"":0.17391304347826086,""move_atr"":-0.8161507886022253,""move_points"":-19.0,""open"":7568.0,""snapshot_time"":""2026-08-03T12:45:00+05:30"",""upper_wick_fraction"":0.0,""volume"":4025.0},""close"":7549.0,""trend"":{""ema_ref"":7402.45588972092,""ema_slow"":7438.427943148171,""hma_order"":""SELL"",""hma_spread_atr"":7.263971475968091}},{""atr"":23.58143954081458,""bar"":{""body_fraction"":0.5192307692307693,""close"":7534.0,""close_position"":0.4807692307692308,""direction"":""DOWN"",""high"":7547.5,""low"":7521.5,""lower_wick_fraction"":0.4807692307692308,""move_atr"":-0.5724841342545819,""move_points"":-13.5,""open"":7547.5,""snapshot_time"":""2026-08-03T12:48:00+05:30"",""upper_wick_fraction"":0.0,""volume"":8619.0},""close"":7534.0,""trend"":{""ema_ref"":7403.764786340612,""ema_slow"":7440.320459125435,""hma_order"":""SELL"",""hma_spread_atr"":7.126234087883324}},{""atr"":22.825622430756393,""bar"":{""body_fraction"":0.07692307692307693,""close"":7532.5,""close_position"":0.4615384615384616,""direction"":""DOWN"",""high"":7539.5,""low"":7526.5,""lower_wick_fraction"":0.4615384615384616,""move_atr"":-0.04381041538006646,""move_points"":-1.0,""open"":7533.5,""snapshot_time"":""2026-08-03T12:51:00+05:30"",""upper_wick_fraction"":0.4615384615384616,""volume"":2859.0},""close"":7532.5,""trend"":{""ema_ref"":7405.045733740208,""ema_slow"":7442.145796568496,""hma_order"":""SELL"",""hma_spread_atr"":7.268781628989275}},{""atr"":22.159506542845225,""bar"":{""body_fraction"":0.14814814814814814,""close"":7530.5,""close_position"":0.48148148148148145,""direction"":""DOWN"",""high"":7537.5,""low"":7524.0,""lower_wick_fraction"":0.48148148148148145,""move_atr"":-0.09025471736624714,""move_points"":-2.0,""open"":7532.5,""snapshot_time"":""2026-08-03T12:54:00+05:30"",""upper_wick_fraction"":0.3703703703703703,""volume"":3645.0},""close"":7530.5,""trend"":{""ema_ref"":7406.294034897022,""ema_slow"":7443.8953847552575,""hma_order"":""SELL"",""hma_spread_atr"":7.346886174853382}},{""atr"":22.362398932641995,""bar"":{""body_fraction"":0.18,""close"":7526.0,""close_position"":0.3,""direction"":""DOWN"",""high"":7543.5,""low"":7518.5,""lower_wick_fraction"":0.3,""move_atr"":-0.20123064674565977,""move_points"":-4.5,""open"":7530.5,""snapshot_time"":""2026-08-03T12:57:00+05:30"",""upper_wick_fraction"":0.52,""volume"":5071.0},""close"":7526.0,""trend"":{""ema_ref"":7407.485139027401,""ema_slow"":7445.5212187205,""hma_order"":""SELL"",""hma_spread_atr"":7.100885384741427}},{""atr"":22.550799008881853,""bar"":{""body_fraction"":0.09090909090909093,""close"":7519.0,""close_position"":0.8181818181818182,""direction"":""UP"",""high"":7523.0,""low"":7501.0,""lower_wick_fraction"":0.7272727272727273,""move_atr"":0.08868865352452836,""move_points"":2.0,""open"":7517.0,""snapshot_time"":""2026-08-03T13:00:00+05:30"",""upper_wick_fraction"":0.18181818181818185,""volume"":7452.0},""close"":7519.0,""trend"":{""ema_ref"":7408.594739634094,""ema_slow"":7446.976244092371,""hma_order"":""SELL"",""hma_spread_atr"":6.825414981376083}},{""atr"":21.69002765110458,""bar"":{""body_fraction"":0.14285714285714285,""close"":7517.5,""close_position"":0.7142857142857143,""direction"":""DOWN"",""high"":7520.5,""low"":7510.0,""lower_wick_fraction"":0.7142857142857143,""move_atr"":-0.06915620506014485,""move_points"":-1.5,""open"":7519.0,""snapshot_time"":""2026-08-03T13:03:00+05:30"",""upper_wick_fraction"":0.14285714285714285,""volume"":2740.0},""close"":7517.5,""trend"":{""ema_ref"":7409.678374065596,""ema_slow"":7448.372754110344,""hma_order"":""SELL"",""hma_spread_atr"":6.842165862689831}},{""atr"":20.71216853316854,""bar"":{""body_fraction"":0.0,""close"":7519.5,""close_position"":0.9375,""direction"":""NEUTRAL"",""high"":7520.0,""low"":7512.0,""lower_wick_fraction"":0.9375,""move_atr"":0.0,""move_points"":0.0,""open"":7519.5,""snapshot_time"":""2026-08-03T13:06:00+05:30"",""upper_wick_fraction"":0.0625,""volume"":1613.0},""close"":7519.5,""trend"":{""ema_ref"":7410.771126562456,""ema_slow"":7449.781214424989,""hma_order"":""SELL"",""hma_spread_atr"":6.880412727056889}},{""atr"":20.375585066513644,""bar"":{""body_fraction"":1.0,""close"":7503.5,""close_position"":0.0,""direction"":""DOWN"",""high"":7519.5,""low"":7503.5,""lower_wick_fraction"":0.0,""move_atr"":-0.7852535251267596,""move_points"":-16.0,""open"":7519.5,""snapshot_time"":""2026-08-03T13:09:00+05:30"",""upper_wick_fraction"":0.0,""volume"":4206.0},""close"":7503.5,""trend"":{""ema_ref"":7411.693801920043,""ema_slow"":7450.844952753208,""hma_order"":""SELL"",""hma_spread_atr"":6.675016813863992}},{""atr"":19.527328990334095,""bar"":{""body_fraction"":0.17647058823529413,""close"":7502.0,""close_position"":0.2352941176470588,""direction"":""DOWN"",""high"":7508.5,""low"":7500.0,""lower_wick_fraction"":0.2352941176470588,""move_atr"":-0.0768154211332482,""move_points"":-1.5,""open"":7503.5,""snapshot_time"":""2026-08-03T13:12:00+05:30"",""upper_wick_fraction"":0.5882352941176471,""volume"":2672.0},""close"":7502.0,""trend"":{""ema_ref"":7412.592371055168,""ema_slow"":7451.857923985817,""hma_order"":""SELL"",""hma_spread_atr"":6.606012375761779}}],""last_observation_hash"":""0adf2c9548d6e8ffcad55a9ffe4eb11dc254cd3775bf63ba35bcb0fe6d95c2ac"",""last_snapshot_time"":""2026-08-03T13:12:00+05:30"",""observation"":{""compression_box_high"":null,""compression_box_low"":null,""compression_candidate_bars"":0,""current_state"":""ORDERLY_DOWNTREND"",""established_side"":""DOWN"",""exhaustion_active"":true,""exhaustion_age_bars"":4,""exhaustion_clear_bars"":0,""exhaustion_last_seen_at"":""2026-08-03T13:12:00+05:30"",""exhaustion_side"":""DOWN"",""exhaustion_started_at"":""2026-08-03T13:03:00+05:30"",""failure_breach_bars"":0,""last_close"":7502.0,""last_reason_codes"":[""CURRENT_DIRECTIONAL_LEG_MATURED"",""AWAITING_2_BAR_CONFIRMATION_FOR_MATURE_EXTENSION"",""OBSERVATION_STATE_ORDERLY_DOWNTREND""],""last_snapshot_time"":""2026-08-03T13:12:00+05:30"",""leg_age_bars"":6,""leg_anchor_price"":7543.5,""leg_anchor_time"":""2026-08-03T12:57:00+05:30"",""leg_extreme_price"":7500.0,""leg_maturity_consumed"":false,""leg_maturity_extreme_price"":null,""leg_maturity_onset_time"":null,""leg_no_progress_bars"":0,""observation_count"":80,""pending_bars"":1,""pending_state"":""MATURE_EXTENSION"",""protection_level"":7543.5,""protection_source"":""INITIAL_DIRECTIONAL_ANCHOR"",""protection_time"":""2026-08-03T12:57:00+05:30"",""pullback_age_bars"":0,""pullback_candidate_bars"":0,""pullback_extreme_price"":null,""reacceleration_age_bars"":2,""recompression_age_bars"":0,""reversal_confirmation_bars"":0,""reversal_side"":""DOWN"",""state_age_bars"":3,""trading_day"":""2026-08-03"",""trend_anchor_price"":7543.5,""trend_candidate_bars"":7,""trend_candidate_side"":""DOWN"",""trend_extreme_price"":7500.0,""trend_failure_age_bars"":0,""trend_onset_time"":""2026-08-03T12:57:00+05:30""},""symbol"":""ABB"",""trading_day"":""2026-08-03""}"
restoration-v3-current-day,development,restoration-trend-control-v3,backtest-default,OK,,,,ABB,2026-08-03,2026-08-03T13:15:00+05:30,2026-08-03T13:12:00+05:30,SNAPSHOT_AUCTION_AUTHORITY_V3A,3m,True,True,7517.5,2026-08-03T13:15:00,7502.0,7526.0,7492.5,7517.5,10055.0,20.52537691959595,EXPANDING_RANGE,SELL,candidate_boundaries_or_midpoint_still_drifting,RANGE_ACCEPTED,DYNAMIC:2026-08-03T12:03:00+05:30:2026-08-03T12:18:00+05:30,7539.0,7575.0,19,ok,TURNING_UP,0.34104124018872334,0.0,OK,INCREMENTAL_PREVIOUS_SNAPSHOT,AUTOTRADES_AUCTION_ENGINE,1.1.0,,,ORDERLY_DOWNTREND,DOWN,DOWN,False,True,False,UNKNOWN,False,False,False,7543.5,INITIAL_DIRECTIONAL_ANCHOR,2026-08-03T12:57:00+05:30,DYNAMIC:2026-08-03T12:03:00+05:30:2026-08-03T12:18:00+05:30,7539.0,7575.0,False,-0.5972222222222222,0.2708333333333333,PRICE_ACTION,0.9051470588235292,ESTABLISHED_DIRECTIONAL_CONTEXT_RETAINED|OBSERVATION_PROPOSAL_MATCHED_CURRENT|OBSERVATION_STATE_ORDERLY_DOWNTREND|OBJECTIVE_ACCEPTED_RANGE_GEOMETRY_PRESENT|OBJECTIVE_TREND_PROTECTION_GEOMETRY_PRESENT|EXHAUSTION_RESOLVED_BY_TREND_RESTORATION,DIR:ABB:2026-08-03:005:DOWN:124500,REVERSAL_WATCH,DIRECTIONAL,DOWN,REVERSAL_EVENT_HANDOFF,DIR:ABB:2026-08-03:004:UP:120000,DIR:ABB:2026-08-03:004:UP:120000:DIRECTIONAL_REVERSAL_CONFIRMED:124500,2026-08-03T12:45:00+05:30,2026-08-03T13:15:00+05:30,1,7549.0,7492.5,2026-08-03T13:15:00+05:30,7543.5,INITIAL_DIRECTIONAL_ANCHOR,,,,2,0.7228718537710966,0,False,DIRECTIONAL_TREND_RESTORED_TO_DIRECTIONAL,5,UNKNOWN,0,0,0,0,0,ORDERLY_DOWNTREND,2026-08-03T13:15:00+05:30,DIRECTIONAL_TREND_RESTORED_TO_DIRECTIONAL,,NONE,NONE,0,,,,,,UNKNOWN,0,0,0,0,False,False,NO_QUALIFIED_ACCEPTED_RANGE,1,DIR:ABB:2026-08-03:005:DOWN:124500:DIRECTIONAL_TREND_RESTORED:131500,DIRECTIONAL_TREND_RESTORED,DOWN,DIR:ABB:2026-08-03:005:DOWN:124500,DIRECTIONAL_TREND_RESTORED:ORIGINAL_DIRECTION_REESTABLISHED_AFTER_WATCH,1,CONTINUATION,PERMIT,DIR:ABB:2026-08-03:005:DOWN:124500:DIRECTIONAL_TREND_RESTORED:131500,CONTINUATION:EVENT_DIRECTIONAL_TREND_RESTORED_PERMIT,MATCH,MATCH,CONFLICT,MATCH,False,0,False,False,True,True,EPISODE_SLOPE_CONFLICT,TRANSITIONAL_CONFLICT,"[""event_id='DIR:ABB:2026-08-03:005:DOWN:124500:DIRECTIONAL_TREND_RESTORED:131500' event_type=<AuctionEventType.DIRECTIONAL_TREND_RESTORED: 'DIRECTIONAL_TREND_RESTORED'> episode_id='DIR:ABB:2026-08-03:005:DOWN:124500' symbol='ABB' trading_day=datetime.date(2026, 8, 3) event_time=datetime.datetime(2026, 8, 3, 13, 15, tzinfo=TzInfo(19800)) direction=<DirectionalBias.DOWN: 'DOWN'> reason_codes=('ORIGINAL_DIRECTION_REESTABLISHED_AFTER_WATCH',) data={'origin_price': 7549.0, 'extreme_price': 7492.5, 'origin_source': 'REVERSAL_EVENT_HANDOFF', 'origin_event_id': 'DIR:ABB:2026-08-03:004:UP:120000:DIRECTIONAL_REVERSAL_CONFIRMED:124500', 'protection_level': 7543.5, 'parent_episode_id': 'DIR:ABB:2026-08-03:004:UP:120000', 'protection_source': 'INITIAL_DIRECTIONAL_ANCHOR', 'first_adverse_bar_time': '2026-08-03T13:15:00+05:30', 'first_adverse_bar_close': 7517.5, 'first_adverse_bar_level': 7526.0, 'continuation_failure_time': '2026-08-03T13:15:00+05:30', 'reversal_leg_progress_atr': 0.7228718537710966, 'reversal_leg_progress_bars': 2, 'reversal_confirmation_level': 7526.0, 'reversal_leg_failure_closes': 0, 'reversal_confirmation_source': 'EPISODE_PRICE_ACTION_FIRST_ADVERSE_BAR:BAR_HIGH', 'reversal_confirmation_level_time': '2026-08-03T13:15:00+05:30'}""]","[""setup_family=<SetupFamily.CONTINUATION: 'CONTINUATION'> result=<StructuralPermissionResult.PERMIT: 'PERMIT'> source_event_ids=('DIR:ABB:2026-08-03:005:DOWN:124500:DIRECTIONAL_TREND_RESTORED:131500',) source_event_types=(<AuctionEventType.DIRECTIONAL_TREND_RESTORED: 'DIRECTIONAL_TREND_RESTORED'>,) balance_state=<BalanceEpisodeState.NONE: 'NONE'> reason_codes=('EVENT_DIRECTIONAL_TREND_RESTORED_PERMIT',)""]","{""accepted_range_breakout_eligible"":true,""accepted_range_established_at"":""2026-08-03T12:18:00+05:30"",""accepted_range_high"":7575.0,""accepted_range_id"":""DYNAMIC:2026-08-03T12:03:00+05:30:2026-08-03T12:18:00+05:30"",""accepted_range_inside"":false,""accepted_range_low"":7539.0,""accepted_range_outside_atr"":1.0474838091510787,""accepted_range_position"":-0.5972222222222222,""accepted_range_provisional"":false,""atr"":20.52537691959595,""close"":7517.5,""current_leg_mature"":false,""directional_bias"":""DOWN"",""directional_efficiency"":0.2708333333333333,""directional_efficiency_source"":""PRICE_ACTION"",""exhausted_side"":""UNKNOWN"",""exhaustion_active"":false,""extension_mature"":true,""failed_extreme_observed"":false,""high"":7526.0,""low"":7492.5,""observation_state"":""ORDERLY_DOWNTREND"",""overlap_ratio"":0.9051470588235292,""range_width_atr"":1.7539263781134342,""rejection_observed"":false,""snapshot_time"":""2026-08-03T13:15:00+05:30"",""source_reason_codes"":[""ESTABLISHED_DIRECTIONAL_CONTEXT_RETAINED"",""OBSERVATION_PROPOSAL_MATCHED_CURRENT"",""OBSERVATION_STATE_ORDERLY_DOWNTREND"",""OBJECTIVE_ACCEPTED_RANGE_GEOMETRY_PRESENT"",""OBJECTIVE_TREND_PROTECTION_GEOMETRY_PRESENT"",""EXHAUSTION_RESOLVED_BY_TREND_RESTORATION""],""structural_failure_confirmed"":false,""symbol"":""ABB"",""trading_day"":""2026-08-03"",""trend_direction"":""DOWN"",""trend_protection_level"":7543.5,""trend_protection_source"":""INITIAL_DIRECTIONAL_ANCHOR"",""trend_protection_time"":""2026-08-03T12:57:00+05:30""}","{""continuation_failure_seen"":false,""continuation_failure_time"":null,""current_state"":""DIRECTIONAL"",""direction"":""DOWN"",""episode_id"":""DIR:ABB:2026-08-03:005:DOWN:124500"",""extreme_price"":7492.5,""extreme_time"":""2026-08-03T13:15:00+05:30"",""first_adverse_bar_close"":null,""first_adverse_bar_level"":null,""first_adverse_bar_time"":null,""origin_event_id"":""DIR:ABB:2026-08-03:004:UP:120000:DIRECTIONAL_REVERSAL_CONFIRMED:124500"",""origin_price"":7549.0,""origin_source"":""REVERSAL_EVENT_HANDOFF"",""parent_episode_id"":""DIR:ABB:2026-08-03:004:UP:120000"",""previous_state"":""REVERSAL_WATCH"",""protection_level"":7543.5,""protection_source"":""INITIAL_DIRECTIONAL_ANCHOR"",""reason_codes"":[""DIRECTIONAL_TREND_RESTORED_TO_DIRECTIONAL""],""rejection_seen"":false,""reversal_confirmation_breach_closes"":0,""reversal_confirmation_level"":null,""reversal_confirmation_level_time"":null,""reversal_confirmation_source"":"""",""reversal_leg_failure_closes"":0,""reversal_leg_progress_atr"":0.7228718537710966,""reversal_leg_progress_bars"":2,""started_at"":""2026-08-03T12:45:00+05:30"",""state_age_bars"":1,""state_started_at"":""2026-08-03T13:15:00+05:30""}","{""attempt_limit_reached"":false,""candidate_bar_expansion_count"":0,""candidate_high"":null,""candidate_last_valid_at"":null,""candidate_low"":null,""candidate_merge_count"":0,""containment_bars"":0,""containment_ratio"":0.0,""current_state"":""NONE"",""down_escape_attempt_count"":0,""episode_id"":null,""escape_attempt_count"":0,""escape_direction"":""UNKNOWN"",""failed_escape_count"":0,""forming_bars_observed"":0,""forming_invalid_bars"":0,""frozen_high"":null,""frozen_low"":null,""last_escape_direction"":""UNKNOWN"",""last_escape_failed_at"":null,""last_escape_started_at"":null,""marginal_excursion_bars"":0,""meaningful_escape_bars"":0,""outside_close_count"":0,""previous_state"":""NONE"",""range_id"":null,""rearm_bars_elapsed"":0,""rearm_inside_close_count"":0,""rearm_required"":false,""reason_codes"":[""NO_QUALIFIED_ACCEPTED_RANGE""],""reentry_close_count"":0,""source_range_ids"":[],""started_at"":null,""state_age_bars"":0,""state_started_at"":null,""up_escape_attempt_count"":0}","{""balance_attempt_limit_reached"":false,""balance_candidate_bar_expansion_count"":0,""balance_candidate_merge_count"":0,""balance_containment_ratio"":0.0,""balance_down_escape_attempt_count"":0,""balance_escape_attempt_count"":0,""balance_failed_escape_count"":0,""balance_forming_bars_observed"":0,""balance_forming_invalid_bars"":0,""balance_last_escape_direction"":""UNKNOWN"",""balance_last_escape_failed_at"":null,""balance_last_escape_started_at"":null,""balance_marginal_excursion_bars"":0,""balance_meaningful_escape_bars"":0,""balance_rearm_bars_elapsed"":0,""balance_rearm_inside_close_count"":0,""balance_rearm_required"":false,""balance_up_escape_attempt_count"":0,""directional_origin_event_id"":""DIR:ABB:2026-08-03:004:UP:120000:DIRECTIONAL_REVERSAL_CONFIRMED:124500"",""directional_origin_source"":""REVERSAL_EVENT_HANDOFF"",""directional_parent_episode_id"":""DIR:ABB:2026-08-03:004:UP:120000"",""directional_reversal_watch_age_bars"":0,""directional_start_candidate_bars"":0,""directional_start_candidate_side"":""UNKNOWN"",""exhaustion_resolution_applied"":true,""exhaustion_resolution_event_id"":""DIR:ABB:2026-08-03:005:DOWN:124500:DIRECTIONAL_TREND_RESTORED:131500"",""exhaustion_resolution_reason"":""PARENT_TREND_RESTORED_AFTER_ESTABLISHED_REVERSAL"",""observation_accepted_range_id"":""DYNAMIC:2026-08-03T12:03:00+05:30:2026-08-03T12:18:00+05:30"",""observation_current_leg_mature"":false,""observation_directional_bias"":""DOWN"",""observation_exhausted_side"":""UNKNOWN"",""observation_exhaustion_active"":false,""observation_state"":""ORDERLY_DOWNTREND""}","{""balance"":{""attempt_limit_reached"":false,""candidate_bar_expansion_count"":0,""candidate_high"":null,""candidate_last_valid_at"":null,""candidate_low"":null,""candidate_merge_count"":0,""containment_bars"":0,""down_escape_attempt_count"":0,""emitted_event_ids"":[""BAL:ABB:2026-08-03:001:NEUTRAL:100600:BALANCE_COMPLETED:105400"",""BAL:ABB:2026-08-03:001:NEUTRAL:100600:BALANCE_ESCAPE_ACCEPTED:105100"",""BAL:ABB:2026-08-03:001:NEUTRAL:100600:BALANCE_ESCAPE_STARTED:104800"",""BAL:ABB:2026-08-03:001:NEUTRAL:100600:BALANCE_FORMING_STARTED:100600"",""BAL:ABB:2026-08-03:001:NEUTRAL:100600:BALANCE_LOCKED:102700"",""BAL:ABB:2026-08-03:001:NEUTRAL:100600:BALANCE_PROBABLE:101800"",""BAL:ABB:2026-08-03:002:NEUTRAL:112100:BALANCE_COMPLETED:113000"",""BAL:ABB:2026-08-03:002:NEUTRAL:112100:BALANCE_FORMING_STARTED:112100"",""BAL:ABB:2026-08-03:003:NEUTRAL:114800:BALANCE_COMPLETED:115400"",""BAL:ABB:2026-08-03:003:NEUTRAL:114800:BALANCE_FORMING_STARTED:114800"",""BAL:ABB:2026-08-03:004:NEUTRAL:122400:BALANCE_COMPLETED:125400"",""BAL:ABB:2026-08-03:004:NEUTRAL:122400:BALANCE_ESCAPE_ACCEPTED:125100"",""BAL:ABB:2026-08-03:004:NEUTRAL:122400:BALANCE_ESCAPE_STARTED:124800"",""BAL:ABB:2026-08-03:004:NEUTRAL:122400:BALANCE_FORMING_STARTED:122400"",""BAL:ABB:2026-08-03:004:NEUTRAL:122400:BALANCE_LOCKED:124500"",""BAL:ABB:2026-08-03:004:NEUTRAL:122400:BALANCE_PROBABLE:123600""],""episode_id"":null,""escape_attempt_count"":0,""escape_direction"":""UNKNOWN"",""failed_escape_count"":0,""forming_bars_observed"":0,""forming_invalid_bars"":0,""frozen_high"":null,""frozen_low"":null,""last_escape_direction"":""UNKNOWN"",""last_escape_failed_at"":null,""last_escape_started_at"":null,""last_reason_codes"":[""NO_QUALIFIED_ACCEPTED_RANGE""],""marginal_excursion_bars"":0,""meaningful_escape_bars"":0,""outside_close_count"":0,""range_id"":null,""rearm_bars_elapsed"":0,""rearm_inside_close_count"":0,""rearm_required"":false,""reentry_close_count"":0,""sequence"":4,""source_range_ids"":[],""started_at"":null,""state"":""NONE"",""state_age_bars"":0,""state_started_at"":null,""up_escape_attempt_count"":0},""directional"":{""continuation_failure_progress_bars"":0,""continuation_failure_seen"":false,""continuation_failure_seen_at"":null,""direction"":""DOWN"",""emitted_event_ids"":[""DIR:ABB:2026-08-03:001:DOWN:101500:DIRECTIONAL_COMPLETED:105100"",""DIR:ABB:2026-08-03:001:DOWN:101500:DIRECTIONAL_STARTED:101500"",""DIR:ABB:2026-08-03:002:UP:110000:DIRECTIONAL_COMPLETED:113900"",""DIR:ABB:2026-08-03:002:UP:110000:DIRECTIONAL_MATURED:110300"",""DIR:ABB:2026-08-03:002:UP:110000:DIRECTIONAL_REVERSAL_CONFIRMED:113900"",""DIR:ABB:2026-08-03:002:UP:110000:DIRECTIONAL_STARTED:110000"",""DIR:ABB:2026-08-03:002:UP:110000:REVERSAL_WATCH_STARTED:110600"",""DIR:ABB:2026-08-03:003:DOWN:113900:DIRECTIONAL_COMPLETED:115400"",""DIR:ABB:2026-08-03:003:DOWN:113900:DIRECTIONAL_REVERSAL_LEG_FAILED:115400"",""DIR:ABB:2026-08-03:003:DOWN:113900:DIRECTIONAL_REVERSAL_LEG_STARTED:113900"",""DIR:ABB:2026-08-03:004:UP:120000:DIRECTIONAL_COMPLETED:124500"",""DIR:ABB:2026-08-03:004:UP:120000:DIRECTIONAL_CONTINUATION_CONFIRMED:123300"",""DIR:ABB:2026-08-03:004:UP:120000:DIRECTIONAL_MATURED:120300"",""DIR:ABB:2026-08-03:004:UP:120000:DIRECTIONAL_MATURED:123900"",""DIR:ABB:2026-08-03:004:UP:120000:DIRECTIONAL_REVERSAL_CONFIRMED:124500"",""DIR:ABB:2026-08-03:004:UP:120000:DIRECTIONAL_STARTED:120000"",""DIR:ABB:2026-08-03:004:UP:120000:DIRECTIONAL_TREND_RESTORED:122100"",""DIR:ABB:2026-08-03:004:UP:120000:REVERSAL_WATCH_STARTED:120600"",""DIR:ABB:2026-08-03:004:UP:120000:REVERSAL_WATCH_STARTED:124200"",""DIR:ABB:2026-08-03:005:DOWN:124500:DIRECTIONAL_MATURED:125700"",""DIR:ABB:2026-08-03:005:DOWN:124500:DIRECTIONAL_REVERSAL_LEG_ESTABLISHED:125100"",""DIR:ABB:2026-08-03:005:DOWN:124500:DIRECTIONAL_REVERSAL_LEG_STARTED:124500"",""DIR:ABB:2026-08-03:005:DOWN:124500:DIRECTIONAL_TREND_RESTORED:131500"",""DIR:ABB:2026-08-03:005:DOWN:124500:REVERSAL_WATCH_STARTED:130000""],""episode_id"":""DIR:ABB:2026-08-03:005:DOWN:124500"",""extreme_price"":7492.5,""extreme_time"":""2026-08-03T13:15:00+05:30"",""first_adverse_bar_close"":null,""first_adverse_bar_level"":null,""first_adverse_bar_time"":null,""inactive_bars"":0,""last_close"":7517.5,""last_observation_state"":""ORDERLY_DOWNTREND"",""last_observation_state_time"":""2026-08-03T13:15:00+05:30"",""last_reason_codes"":[""DIRECTIONAL_TREND_RESTORED_TO_DIRECTIONAL""],""opposite_control_bars"":0,""origin_event_id"":""DIR:ABB:2026-08-03:004:UP:120000:DIRECTIONAL_REVERSAL_CONFIRMED:124500"",""origin_price"":7549.0,""origin_source"":""REVERSAL_EVENT_HANDOFF"",""parent_episode_id"":""DIR:ABB:2026-08-03:004:UP:120000"",""protection_level"":7543.5,""protection_source"":""INITIAL_DIRECTIONAL_ANCHOR"",""protection_time"":""2026-08-03T12:57:00+05:30"",""rejection_seen"":false,""rejection_seen_at"":null,""reversal_confirmation_breach_closes"":0,""reversal_confirmation_level"":null,""reversal_confirmation_level_time"":null,""reversal_confirmation_source"":"""",""reversal_leg_failure_closes"":0,""reversal_leg_progress_atr"":0.7228718537710966,""reversal_leg_progress_bars"":2,""reversal_watch_age_bars"":0,""sequence"":5,""start_candidate_bars"":0,""start_candidate_side"":""UNKNOWN"",""started_at"":""2026-08-03T12:45:00+05:30"",""state"":""DIRECTIONAL"",""state_age_bars"":1,""state_started_at"":""2026-08-03T13:15:00+05:30"",""trend_restore_bars"":0},""evidence_history"":[{""atr"":23.30155118342992,""bar"":{""body_fraction"":0.5,""close"":7568.0,""close_position"":0.25,""direction"":""DOWN"",""high"":7577.0,""low"":7565.0,""lower_wick_fraction"":0.25,""move_atr"":-0.2574935871336621,""move_points"":-6.0,""open"":7574.0,""snapshot_time"":""2026-08-03T12:42:00+05:30"",""upper_wick_fraction"":0.25,""volume"":2671.0},""close"":7568.0,""trend"":{""ema_ref"":7400.983084592487,""ema_slow"":7436.194164221872,""hma_order"":""SELL"",""hma_spread_atr"":7.253149483753991}},{""atr"":23.280011813184927,""bar"":{""body_fraction"":0.8260869565217391,""close"":7549.0,""close_position"":0.17391304347826086,""direction"":""DOWN"",""high"":7568.0,""low"":7545.0,""lower_wick_fraction"":0.17391304347826086,""move_atr"":-0.8161507886022253,""move_points"":-19.0,""open"":7568.0,""snapshot_time"":""2026-08-03T12:45:00+05:30"",""upper_wick_fraction"":0.0,""volume"":4025.0},""close"":7549.0,""trend"":{""ema_ref"":7402.45588972092,""ema_slow"":7438.427943148171,""hma_order"":""SELL"",""hma_spread_atr"":7.263971475968091}},{""atr"":23.58143954081458,""bar"":{""body_fraction"":0.5192307692307693,""close"":7534.0,""close_position"":0.4807692307692308,""direction"":""DOWN"",""high"":7547.5,""low"":7521.5,""lower_wick_fraction"":0.4807692307692308,""move_atr"":-0.5724841342545819,""move_points"":-13.5,""open"":7547.5,""snapshot_time"":""2026-08-03T12:48:00+05:30"",""upper_wick_fraction"":0.0,""volume"":8619.0},""close"":7534.0,""trend"":{""ema_ref"":7403.764786340612,""ema_slow"":7440.320459125435,""hma_order"":""SELL"",""hma_spread_atr"":7.126234087883324}},{""atr"":22.825622430756393,""bar"":{""body_fraction"":0.07692307692307693,""close"":7532.5,""close_position"":0.4615384615384616,""direction"":""DOWN"",""high"":7539.5,""low"":7526.5,""lower_wick_fraction"":0.4615384615384616,""move_atr"":-0.04381041538006646,""move_points"":-1.0,""open"":7533.5,""snapshot_time"":""2026-08-03T12:51:00+05:30"",""upper_wick_fraction"":0.4615384615384616,""volume"":2859.0},""close"":7532.5,""trend"":{""ema_ref"":7405.045733740208,""ema_slow"":7442.145796568496,""hma_order"":""SELL"",""hma_spread_atr"":7.268781628989275}},{""atr"":22.159506542845225,""bar"":{""body_fraction"":0.14814814814814814,""close"":7530.5,""close_position"":0.48148148148148145,""direction"":""DOWN"",""high"":7537.5,""low"":7524.0,""lower_wick_fraction"":0.48148148148148145,""move_atr"":-0.09025471736624714,""move_points"":-2.0,""open"":7532.5,""snapshot_time"":""2026-08-03T12:54:00+05:30"",""upper_wick_fraction"":0.3703703703703703,""volume"":3645.0},""close"":7530.5,""trend"":{""ema_ref"":7406.294034897022,""ema_slow"":7443.8953847552575,""hma_order"":""SELL"",""hma_spread_atr"":7.346886174853382}},{""atr"":22.362398932641995,""bar"":{""body_fraction"":0.18,""close"":7526.0,""close_position"":0.3,""direction"":""DOWN"",""high"":7543.5,""low"":7518.5,""lower_wick_fraction"":0.3,""move_atr"":-0.20123064674565977,""move_points"":-4.5,""open"":7530.5,""snapshot_time"":""2026-08-03T12:57:00+05:30"",""upper_wick_fraction"":0.52,""volume"":5071.0},""close"":7526.0,""trend"":{""ema_ref"":7407.485139027401,""ema_slow"":7445.5212187205,""hma_order"":""SELL"",""hma_spread_atr"":7.100885384741427}},{""atr"":22.550799008881853,""bar"":{""body_fraction"":0.09090909090909093,""close"":7519.0,""close_position"":0.8181818181818182,""direction"":""UP"",""high"":7523.0,""low"":7501.0,""lower_wick_fraction"":0.7272727272727273,""move_atr"":0.08868865352452836,""move_points"":2.0,""open"":7517.0,""snapshot_time"":""2026-08-03T13:00:00+05:30"",""upper_wick_fraction"":0.18181818181818185,""volume"":7452.0},""close"":7519.0,""trend"":{""ema_ref"":7408.594739634094,""ema_slow"":7446.976244092371,""hma_order"":""SELL"",""hma_spread_atr"":6.825414981376083}},{""atr"":21.69002765110458,""bar"":{""body_fraction"":0.14285714285714285,""close"":7517.5,""close_position"":0.7142857142857143,""direction"":""DOWN"",""high"":7520.5,""low"":7510.0,""lower_wick_fraction"":0.7142857142857143,""move_atr"":-0.06915620506014485,""move_points"":-1.5,""open"":7519.0,""snapshot_time"":""2026-08-03T13:03:00+05:30"",""upper_wick_fraction"":0.14285714285714285,""volume"":2740.0},""close"":7517.5,""trend"":{""ema_ref"":7409.678374065596,""ema_slow"":7448.372754110344,""hma_order"":""SELL"",""hma_spread_atr"":6.842165862689831}},{""atr"":20.71216853316854,""bar"":{""body_fraction"":0.0,""close"":7519.5,""close_position"":0.9375,""direction"":""NEUTRAL"",""high"":7520.0,""low"":7512.0,""lower_wick_fraction"":0.9375,""move_atr"":0.0,""move_points"":0.0,""open"":7519.5,""snapshot_time"":""2026-08-03T13:06:00+05:30"",""upper_wick_fraction"":0.0625,""volume"":1613.0},""close"":7519.5,""trend"":{""ema_ref"":7410.771126562456,""ema_slow"":7449.781214424989,""hma_order"":""SELL"",""hma_spread_atr"":6.880412727056889}},{""atr"":20.375585066513644,""bar"":{""body_fraction"":1.0,""close"":7503.5,""close_position"":0.0,""direction"":""DOWN"",""high"":7519.5,""low"":7503.5,""lower_wick_fraction"":0.0,""move_atr"":-0.7852535251267596,""move_points"":-16.0,""open"":7519.5,""snapshot_time"":""2026-08-03T13:09:00+05:30"",""upper_wick_fraction"":0.0,""volume"":4206.0},""close"":7503.5,""trend"":{""ema_ref"":7411.693801920043,""ema_slow"":7450.844952753208,""hma_order"":""SELL"",""hma_spread_atr"":6.675016813863992}},{""atr"":19.527328990334095,""bar"":{""body_fraction"":0.17647058823529413,""close"":7502.0,""close_position"":0.2352941176470588,""direction"":""DOWN"",""high"":7508.5,""low"":7500.0,""lower_wick_fraction"":0.2352941176470588,""move_atr"":-0.0768154211332482,""move_points"":-1.5,""open"":7503.5,""snapshot_time"":""2026-08-03T13:12:00+05:30"",""upper_wick_fraction"":0.5882352941176471,""volume"":2672.0},""close"":7502.0,""trend"":{""ema_ref"":7412.592371055168,""ema_slow"":7451.857923985817,""hma_order"":""SELL"",""hma_spread_atr"":6.606012375761779}},{""atr"":20.52537691959595,""bar"":{""body_fraction"":0.4626865671641791,""close"":7517.5,""close_position"":0.746268656716418,""direction"":""UP"",""high"":7526.0,""low"":7492.5,""lower_wick_fraction"":0.2835820895522388,""move_atr"":0.755162746132173,""move_points"":15.5,""open"":7502.0,""snapshot_time"":""2026-08-03T13:15:00+05:30"",""upper_wick_fraction"":0.2537313432835821,""volume"":10055.0},""close"":7517.5,""trend"":{""ema_ref"":7413.636228059594,""ema_slow"":7453.157767075207,""hma_order"":""SELL"",""hma_spread_atr"":5.940177061074319}}],""last_observation_hash"":""274b031953956e27992ef0c2cc23662cd4e11cff1550bb3099529c7f3b7d3915"",""last_snapshot_time"":""2026-08-03T13:15:00+05:30"",""observation"":{""compression_box_high"":null,""compression_box_low"":null,""compression_candidate_bars"":0,""current_state"":""ORDERLY_DOWNTREND"",""established_side"":""DOWN"",""exhaustion_active"":false,""exhaustion_age_bars"":0,""exhaustion_clear_bars"":0,""exhaustion_last_seen_at"":null,""exhaustion_side"":""UNKNOWN"",""exhaustion_started_at"":null,""failure_breach_bars"":0,""last_close"":7517.5,""last_reason_codes"":[""ESTABLISHED_DIRECTIONAL_CONTEXT_RETAINED"",""OBSERVATION_PROPOSAL_MATCHED_CURRENT"",""OBSERVATION_STATE_ORDERLY_DOWNTREND"",""EXHAUSTION_RESOLVED_BY_TREND_RESTORATION""],""last_snapshot_time"":""2026-08-03T13:15:00+05:30"",""leg_age_bars"":7,""leg_anchor_price"":7543.5,""leg_anchor_time"":""2026-08-03T12:57:00+05:30"",""leg_extreme_price"":7492.5,""leg_maturity_consumed"":false,""leg_maturity_extreme_price"":null,""leg_maturity_onset_time"":null,""leg_no_progress_bars"":0,""observation_count"":81,""pending_bars"":0,""pending_state"":null,""protection_level"":7543.5,""protection_source"":""INITIAL_DIRECTIONAL_ANCHOR"",""protection_time"":""2026-08-03T12:57:00+05:30"",""pullback_age_bars"":0,""pullback_candidate_bars"":0,""pullback_extreme_price"":null,""reacceleration_age_bars"":2,""recompression_age_bars"":0,""reversal_confirmation_bars"":0,""reversal_side"":""DOWN"",""state_age_bars"":4,""trading_day"":""2026-08-03"",""trend_anchor_price"":7543.5,""trend_candidate_bars"":6,""trend_candidate_side"":""DOWN"",""trend_extreme_price"":7492.5,""trend_failure_age_bars"":0,""trend_onset_time"":""2026-08-03T12:57:00+05:30""},""symbol"":""ABB"",""trading_day"":""2026-08-03""}"
restoration-v3-current-day,development,restoration-trend-control-v3,backtest-default,OK,,,,ABB,2026-08-03,2026-08-03T13:18:00+05:30,2026-08-03T13:15:00+05:30,SNAPSHOT_AUCTION_AUTHORITY_V3A,3m,True,True,7519.0,2026-08-03T13:18:00,7517.5,7522.5,7515.0,7519.0,1867.0,19.59499285391052,BALANCE_QUALIFIED,BUY,dynamic_balance_waiting_for_stable_historical_cutoff,RANGE_ACCEPTED,DYNAMIC:2026-08-03T12:03:00+05:30:2026-08-03T12:18:00+05:30,7539.0,7575.0,20,ok,TURNING_UP,0.43378428680078224,-0.006379180688246797,OK,INCREMENTAL_PREVIOUS_SNAPSHOT,AUTOTRADES_AUCTION_ENGINE,1.1.0,,,ORDERLY_DOWNTREND,DOWN,UP,False,True,True,DOWN,True,False,False,7543.5,INITIAL_DIRECTIONAL_ANCHOR,2026-08-03T12:57:00+05:30,DYNAMIC:2026-08-03T12:03:00+05:30:2026-08-03T12:18:00+05:30,7539.0,7575.0,False,-0.5555555555555556,0.15555555555555556,PRICE_ACTION,0.9051470588235292,ESTABLISHED_DIRECTIONAL_CONTEXT_RETAINED|OBSERVATION_PROPOSAL_MATCHED_CURRENT|OBSERVATION_STATE_ORDERLY_DOWNTREND|OBJECTIVE_REJECTION_OBSERVED|OBJECTIVE_ACCEPTED_RANGE_GEOMETRY_PRESENT|OBJECTIVE_TREND_PROTECTION_GEOMETRY_PRESENT,DIR:ABB:2026-08-03:005:DOWN:124500,DIRECTIONAL,MATURE,DOWN,REVERSAL_EVENT_HANDOFF,DIR:ABB:2026-08-03:004:UP:120000,DIR:ABB:2026-08-03:004:UP:120000:DIRECTIONAL_REVERSAL_CONFIRMED:124500,2026-08-03T12:45:00+05:30,2026-08-03T13:18:00+05:30,1,7549.0,7492.5,2026-08-03T13:15:00+05:30,7543.5,INITIAL_DIRECTIONAL_ANCHOR,,,,2,0.7228718537710966,0,False,DIRECTIONAL_MATURITY_OBSERVED,5,UNKNOWN,0,0,0,1,0,ORDERLY_DOWNTREND,2026-08-03T13:18:00+05:30,DIRECTIONAL_MATURITY_OBSERVED,,NONE,NONE,0,,,,,,UNKNOWN,0,0,0,0,False,False,NO_QUALIFIED_ACCEPTED_RANGE,1,DIR:ABB:2026-08-03:005:DOWN:124500:DIRECTIONAL_MATURED:131800,DIRECTIONAL_MATURED,DOWN,DIR:ABB:2026-08-03:005:DOWN:124500,DIRECTIONAL_MATURED:DIRECTIONAL_MATURITY_OBSERVED,0,,,,,CONFLICT,CONFLICT,CONFLICT,MATCH,True,1,False,False,True,True,EPISODE_TREND_CONFLICT|EPISODE_RAW_STRUCTURE_CONFLICT|EPISODE_SLOPE_CONFLICT|FRESH_OPPOSITE_EVIDENCE,TRANSITIONAL_CONFLICT,"[""event_id='DIR:ABB:2026-08-03:005:DOWN:124500:DIRECTIONAL_MATURED:131800' event_type=<AuctionEventType.DIRECTIONAL_MATURED: 'DIRECTIONAL_MATURED'> episode_id='DIR:ABB:2026-08-03:005:DOWN:124500' symbol='ABB' trading_day=datetime.date(2026, 8, 3) event_time=datetime.datetime(2026, 8, 3, 13, 18, tzinfo=TzInfo(19800)) direction=<DirectionalBias.DOWN: 'DOWN'> reason_codes=('DIRECTIONAL_MATURITY_OBSERVED',) data={'origin_price': 7549.0, 'extreme_price': 7492.5, 'origin_source': 'REVERSAL_EVENT_HANDOFF', 'origin_event_id': 'DIR:ABB:2026-08-03:004:UP:120000:DIRECTIONAL_REVERSAL_CONFIRMED:124500', 'protection_level': 7543.5, 'parent_episode_id': 'DIR:ABB:2026-08-03:004:UP:120000', 'protection_source': 'INITIAL_DIRECTIONAL_ANCHOR', 'first_adverse_bar_time': None, 'first_adverse_bar_close': None, 'first_adverse_bar_level': None, 'continuation_failure_time': None, 'reversal_leg_progress_atr': 0.7228718537710966, 'reversal_leg_progress_bars': 2, 'reversal_confirmation_level': None, 'reversal_leg_failure_closes': 0, 'reversal_confirmation_source': '', 'reversal_confirmation_level_time': None}""]",[],"{""accepted_range_breakout_eligible"":true,""accepted_range_established_at"":""2026-08-03T12:18:00+05:30"",""accepted_range_high"":7575.0,""accepted_range_id"":""DYNAMIC:2026-08-03T12:03:00+05:30:2026-08-03T12:18:00+05:30"",""accepted_range_inside"":false,""accepted_range_low"":7539.0,""accepted_range_outside_atr"":1.0206689101194877,""accepted_range_position"":-0.5555555555555556,""accepted_range_provisional"":false,""atr"":19.59499285391052,""close"":7519.0,""current_leg_mature"":false,""directional_bias"":""DOWN"",""directional_efficiency"":0.15555555555555556,""directional_efficiency_source"":""PRICE_ACTION"",""exhausted_side"":""DOWN"",""exhaustion_active"":true,""extension_mature"":true,""failed_extreme_observed"":false,""high"":7522.5,""low"":7515.0,""observation_state"":""ORDERLY_DOWNTREND"",""overlap_ratio"":0.9051470588235292,""range_width_atr"":1.8372040382150776,""rejection_observed"":true,""snapshot_time"":""2026-08-03T13:18:00+05:30"",""source_reason_codes"":[""ESTABLISHED_DIRECTIONAL_CONTEXT_RETAINED"",""OBSERVATION_PROPOSAL_MATCHED_CURRENT"",""OBSERVATION_STATE_ORDERLY_DOWNTREND"",""OBJECTIVE_REJECTION_OBSERVED"",""OBJECTIVE_ACCEPTED_RANGE_GEOMETRY_PRESENT"",""OBJECTIVE_TREND_PROTECTION_GEOMETRY_PRESENT""],""structural_failure_confirmed"":false,""symbol"":""ABB"",""trading_day"":""2026-08-03"",""trend_direction"":""UP"",""trend_protection_level"":7543.5,""trend_protection_source"":""INITIAL_DIRECTIONAL_ANCHOR"",""trend_protection_time"":""2026-08-03T12:57:00+05:30""}","{""continuation_failure_seen"":false,""continuation_failure_time"":null,""current_state"":""MATURE"",""direction"":""DOWN"",""episode_id"":""DIR:ABB:2026-08-03:005:DOWN:124500"",""extreme_price"":7492.5,""extreme_time"":""2026-08-03T13:15:00+05:30"",""first_adverse_bar_close"":null,""first_adverse_bar_level"":null,""first_adverse_bar_time"":null,""origin_event_id"":""DIR:ABB:2026-08-03:004:UP:120000:DIRECTIONAL_REVERSAL_CONFIRMED:124500"",""origin_price"":7549.0,""origin_source"":""REVERSAL_EVENT_HANDOFF"",""parent_episode_id"":""DIR:ABB:2026-08-03:004:UP:120000"",""previous_state"":""DIRECTIONAL"",""protection_level"":7543.5,""protection_source"":""INITIAL_DIRECTIONAL_ANCHOR"",""reason_codes"":[""DIRECTIONAL_MATURITY_OBSERVED""],""rejection_seen"":false,""reversal_confirmation_breach_closes"":0,""reversal_confirmation_level"":null,""reversal_confirmation_level_time"":null,""reversal_confirmation_source"":"""",""reversal_leg_failure_closes"":0,""reversal_leg_progress_atr"":0.7228718537710966,""reversal_leg_progress_bars"":2,""started_at"":""2026-08-03T12:45:00+05:30"",""state_age_bars"":1,""state_started_at"":""2026-08-03T13:18:00+05:30""}","{""attempt_limit_reached"":false,""candidate_bar_expansion_count"":0,""candidate_high"":null,""candidate_last_valid_at"":null,""candidate_low"":null,""candidate_merge_count"":0,""containment_bars"":0,""containment_ratio"":0.0,""current_state"":""NONE"",""down_escape_attempt_count"":0,""episode_id"":null,""escape_attempt_count"":0,""escape_direction"":""UNKNOWN"",""failed_escape_count"":0,""forming_bars_observed"":0,""forming_invalid_bars"":0,""frozen_high"":null,""frozen_low"":null,""last_escape_direction"":""UNKNOWN"",""last_escape_failed_at"":null,""last_escape_started_at"":null,""marginal_excursion_bars"":0,""meaningful_escape_bars"":0,""outside_close_count"":0,""previous_state"":""NONE"",""range_id"":null,""rearm_bars_elapsed"":0,""rearm_inside_close_count"":0,""rearm_required"":false,""reason_codes"":[""NO_QUALIFIED_ACCEPTED_RANGE""],""reentry_close_count"":0,""source_range_ids"":[],""started_at"":null,""state_age_bars"":0,""state_started_at"":null,""up_escape_attempt_count"":0}","{""balance_attempt_limit_reached"":false,""balance_candidate_bar_expansion_count"":0,""balance_candidate_merge_count"":0,""balance_containment_ratio"":0.0,""balance_down_escape_attempt_count"":0,""balance_escape_attempt_count"":0,""balance_failed_escape_count"":0,""balance_forming_bars_observed"":0,""balance_forming_invalid_bars"":0,""balance_last_escape_direction"":""UNKNOWN"",""balance_last_escape_failed_at"":null,""balance_last_escape_started_at"":null,""balance_marginal_excursion_bars"":0,""balance_meaningful_escape_bars"":0,""balance_rearm_bars_elapsed"":0,""balance_rearm_inside_close_count"":0,""balance_rearm_required"":false,""balance_up_escape_attempt_count"":0,""directional_origin_event_id"":""DIR:ABB:2026-08-03:004:UP:120000:DIRECTIONAL_REVERSAL_CONFIRMED:124500"",""directional_origin_source"":""REVERSAL_EVENT_HANDOFF"",""directional_parent_episode_id"":""DIR:ABB:2026-08-03:004:UP:120000"",""directional_reversal_watch_age_bars"":0,""directional_start_candidate_bars"":0,""directional_start_candidate_side"":""UNKNOWN"",""observation_accepted_range_id"":""DYNAMIC:2026-08-03T12:03:00+05:30:2026-08-03T12:18:00+05:30"",""observation_current_leg_mature"":false,""observation_directional_bias"":""DOWN"",""observation_exhaustion_active"":true,""observation_state"":""ORDERLY_DOWNTREND""}","{""balance"":{""attempt_limit_reached"":false,""candidate_bar_expansion_count"":0,""candidate_high"":null,""candidate_last_valid_at"":null,""candidate_low"":null,""candidate_merge_count"":0,""containment_bars"":0,""down_escape_attempt_count"":0,""emitted_event_ids"":[""BAL:ABB:2026-08-03:001:NEUTRAL:100600:BALANCE_COMPLETED:105400"",""BAL:ABB:2026-08-03:001:NEUTRAL:100600:BALANCE_ESCAPE_ACCEPTED:105100"",""BAL:ABB:2026-08-03:001:NEUTRAL:100600:BALANCE_ESCAPE_STARTED:104800"",""BAL:ABB:2026-08-03:001:NEUTRAL:100600:BALANCE_FORMING_STARTED:100600"",""BAL:ABB:2026-08-03:001:NEUTRAL:100600:BALANCE_LOCKED:102700"",""BAL:ABB:2026-08-03:001:NEUTRAL:100600:BALANCE_PROBABLE:101800"",""BAL:ABB:2026-08-03:002:NEUTRAL:112100:BALANCE_COMPLETED:113000"",""BAL:ABB:2026-08-03:002:NEUTRAL:112100:BALANCE_FORMING_STARTED:112100"",""BAL:ABB:2026-08-03:003:NEUTRAL:114800:BALANCE_COMPLETED:115400"",""BAL:ABB:2026-08-03:003:NEUTRAL:114800:BALANCE_FORMING_STARTED:114800"",""BAL:ABB:2026-08-03:004:NEUTRAL:122400:BALANCE_COMPLETED:125400"",""BAL:ABB:2026-08-03:004:NEUTRAL:122400:BALANCE_ESCAPE_ACCEPTED:125100"",""BAL:ABB:2026-08-03:004:NEUTRAL:122400:BALANCE_ESCAPE_STARTED:124800"",""BAL:ABB:2026-08-03:004:NEUTRAL:122400:BALANCE_FORMING_STARTED:122400"",""BAL:ABB:2026-08-03:004:NEUTRAL:122400:BALANCE_LOCKED:124500"",""BAL:ABB:2026-08-03:004:NEUTRAL:122400:BALANCE_PROBABLE:123600""],""episode_id"":null,""escape_attempt_count"":0,""escape_direction"":""UNKNOWN"",""failed_escape_count"":0,""forming_bars_observed"":0,""forming_invalid_bars"":0,""frozen_high"":null,""frozen_low"":null,""last_escape_direction"":""UNKNOWN"",""last_escape_failed_at"":null,""last_escape_started_at"":null,""last_reason_codes"":[""NO_QUALIFIED_ACCEPTED_RANGE""],""marginal_excursion_bars"":0,""meaningful_escape_bars"":0,""outside_close_count"":0,""range_id"":null,""rearm_bars_elapsed"":0,""rearm_inside_close_count"":0,""rearm_required"":false,""reentry_close_count"":0,""sequence"":4,""source_range_ids"":[],""started_at"":null,""state"":""NONE"",""state_age_bars"":0,""state_started_at"":null,""up_escape_attempt_count"":0},""directional"":{""continuation_failure_progress_bars"":0,""continuation_failure_seen"":false,""continuation_failure_seen_at"":null,""direction"":""DOWN"",""emitted_event_ids"":[""DIR:ABB:2026-08-03:001:DOWN:101500:DIRECTIONAL_COMPLETED:105100"",""DIR:ABB:2026-08-03:001:DOWN:101500:DIRECTIONAL_STARTED:101500"",""DIR:ABB:2026-08-03:002:UP:110000:DIRECTIONAL_COMPLETED:113900"",""DIR:ABB:2026-08-03:002:UP:110000:DIRECTIONAL_MATURED:110300"",""DIR:ABB:2026-08-03:002:UP:110000:DIRECTIONAL_REVERSAL_CONFIRMED:113900"",""DIR:ABB:2026-08-03:002:UP:110000:DIRECTIONAL_STARTED:110000"",""DIR:ABB:2026-08-03:002:UP:110000:REVERSAL_WATCH_STARTED:110600"",""DIR:ABB:2026-08-03:003:DOWN:113900:DIRECTIONAL_COMPLETED:115400"",""DIR:ABB:2026-08-03:003:DOWN:113900:DIRECTIONAL_REVERSAL_LEG_FAILED:115400"",""DIR:ABB:2026-08-03:003:DOWN:113900:DIRECTIONAL_REVERSAL_LEG_STARTED:113900"",""DIR:ABB:2026-08-03:004:UP:120000:DIRECTIONAL_COMPLETED:124500"",""DIR:ABB:2026-08-03:004:UP:120000:DIRECTIONAL_CONTINUATION_CONFIRMED:123300"",""DIR:ABB:2026-08-03:004:UP:120000:DIRECTIONAL_MATURED:120300"",""DIR:ABB:2026-08-03:004:UP:120000:DIRECTIONAL_MATURED:123900"",""DIR:ABB:2026-08-03:004:UP:120000:DIRECTIONAL_REVERSAL_CONFIRMED:124500"",""DIR:ABB:2026-08-03:004:UP:120000:DIRECTIONAL_STARTED:120000"",""DIR:ABB:2026-08-03:004:UP:120000:DIRECTIONAL_TREND_RESTORED:122100"",""DIR:ABB:2026-08-03:004:UP:120000:REVERSAL_WATCH_STARTED:120600"",""DIR:ABB:2026-08-03:004:UP:120000:REVERSAL_WATCH_STARTED:124200"",""DIR:ABB:2026-08-03:005:DOWN:124500:DIRECTIONAL_MATURED:125700"",""DIR:ABB:2026-08-03:005:DOWN:124500:DIRECTIONAL_MATURED:131800"",""DIR:ABB:2026-08-03:005:DOWN:124500:DIRECTIONAL_REVERSAL_LEG_ESTABLISHED:125100"",""DIR:ABB:2026-08-03:005:DOWN:124500:DIRECTIONAL_REVERSAL_LEG_STARTED:124500"",""DIR:ABB:2026-08-03:005:DOWN:124500:DIRECTIONAL_TREND_RESTORED:131500"",""DIR:ABB:2026-08-03:005:DOWN:124500:REVERSAL_WATCH_STARTED:130000""],""episode_id"":""DIR:ABB:2026-08-03:005:DOWN:124500"",""extreme_price"":7492.5,""extreme_time"":""2026-08-03T13:15:00+05:30"",""first_adverse_bar_close"":null,""first_adverse_bar_level"":null,""first_adverse_bar_time"":null,""inactive_bars"":0,""last_close"":7519.0,""last_observation_state"":""ORDERLY_DOWNTREND"",""last_observation_state_time"":""2026-08-03T13:18:00+05:30"",""last_reason_codes"":[""DIRECTIONAL_MATURITY_OBSERVED""],""opposite_control_bars"":1,""origin_event_id"":""DIR:ABB:2026-08-03:004:UP:120000:DIRECTIONAL_REVERSAL_CONFIRMED:124500"",""origin_price"":7549.0,""origin_source"":""REVERSAL_EVENT_HANDOFF"",""parent_episode_id"":""DIR:ABB:2026-08-03:004:UP:120000"",""protection_level"":7543.5,""protection_source"":""INITIAL_DIRECTIONAL_ANCHOR"",""protection_time"":""2026-08-03T12:57:00+05:30"",""rejection_seen"":false,""rejection_seen_at"":null,""reversal_confirmation_breach_closes"":0,""reversal_confirmation_level"":null,""reversal_confirmation_level_time"":null,""reversal_confirmation_source"":"""",""reversal_leg_failure_closes"":0,""reversal_leg_progress_atr"":0.7228718537710966,""reversal_leg_progress_bars"":2,""reversal_watch_age_bars"":0,""sequence"":5,""start_candidate_bars"":0,""start_candidate_side"":""UNKNOWN"",""started_at"":""2026-08-03T12:45:00+05:30"",""state"":""MATURE"",""state_age_bars"":1,""state_started_at"":""2026-08-03T13:18:00+05:30"",""trend_restore_bars"":0},""evidence_history"":[{""atr"":23.280011813184927,""bar"":{""body_fraction"":0.8260869565217391,""close"":7549.0,""close_position"":0.17391304347826086,""direction"":""DOWN"",""high"":7568.0,""low"":7545.0,""lower_wick_fraction"":0.17391304347826086,""move_atr"":-0.8161507886022253,""move_points"":-19.0,""open"":7568.0,""snapshot_time"":""2026-08-03T12:45:00+05:30"",""upper_wick_fraction"":0.0,""volume"":4025.0},""close"":7549.0,""trend"":{""ema_ref"":7402.45588972092,""ema_slow"":7438.427943148171,""hma_order"":""SELL"",""hma_spread_atr"":7.263971475968091}},{""atr"":23.58143954081458,""bar"":{""body_fraction"":0.5192307692307693,""close"":7534.0,""close_position"":0.4807692307692308,""direction"":""DOWN"",""high"":7547.5,""low"":7521.5,""lower_wick_fraction"":0.4807692307692308,""move_atr"":-0.5724841342545819,""move_points"":-13.5,""open"":7547.5,""snapshot_time"":""2026-08-03T12:48:00+05:30"",""upper_wick_fraction"":0.0,""volume"":8619.0},""close"":7534.0,""trend"":{""ema_ref"":7403.764786340612,""ema_slow"":7440.320459125435,""hma_order"":""SELL"",""hma_spread_atr"":7.126234087883324}},{""atr"":22.825622430756393,""bar"":{""body_fraction"":0.07692307692307693,""close"":7532.5,""close_position"":0.4615384615384616,""direction"":""DOWN"",""high"":7539.5,""low"":7526.5,""lower_wick_fraction"":0.4615384615384616,""move_atr"":-0.04381041538006646,""move_points"":-1.0,""open"":7533.5,""snapshot_time"":""2026-08-03T12:51:00+05:30"",""upper_wick_fraction"":0.4615384615384616,""volume"":2859.0},""close"":7532.5,""trend"":{""ema_ref"":7405.045733740208,""ema_slow"":7442.145796568496,""hma_order"":""SELL"",""hma_spread_atr"":7.268781628989275}},{""atr"":22.159506542845225,""bar"":{""body_fraction"":0.14814814814814814,""close"":7530.5,""close_position"":0.48148148148148145,""direction"":""DOWN"",""high"":7537.5,""low"":7524.0,""lower_wick_fraction"":0.48148148148148145,""move_atr"":-0.09025471736624714,""move_points"":-2.0,""open"":7532.5,""snapshot_time"":""2026-08-03T12:54:00+05:30"",""upper_wick_fraction"":0.3703703703703703,""volume"":3645.0},""close"":7530.5,""trend"":{""ema_ref"":7406.294034897022,""ema_slow"":7443.8953847552575,""hma_order"":""SELL"",""hma_spread_atr"":7.346886174853382}},{""atr"":22.362398932641995,""bar"":{""body_fraction"":0.18,""close"":7526.0,""close_position"":0.3,""direction"":""DOWN"",""high"":7543.5,""low"":7518.5,""lower_wick_fraction"":0.3,""move_atr"":-0.20123064674565977,""move_points"":-4.5,""open"":7530.5,""snapshot_time"":""2026-08-03T12:57:00+05:30"",""upper_wick_fraction"":0.52,""volume"":5071.0},""close"":7526.0,""trend"":{""ema_ref"":7407.485139027401,""ema_slow"":7445.5212187205,""hma_order"":""SELL"",""hma_spread_atr"":7.100885384741427}},{""atr"":22.550799008881853,""bar"":{""body_fraction"":0.09090909090909093,""close"":7519.0,""close_position"":0.8181818181818182,""direction"":""UP"",""high"":7523.0,""low"":7501.0,""lower_wick_fraction"":0.7272727272727273,""move_atr"":0.08868865352452836,""move_points"":2.0,""open"":7517.0,""snapshot_time"":""2026-08-03T13:00:00+05:30"",""upper_wick_fraction"":0.18181818181818185,""volume"":7452.0},""close"":7519.0,""trend"":{""ema_ref"":7408.594739634094,""ema_slow"":7446.976244092371,""hma_order"":""SELL"",""hma_spread_atr"":6.825414981376083}},{""atr"":21.69002765110458,""bar"":{""body_fraction"":0.14285714285714285,""close"":7517.5,""close_position"":0.7142857142857143,""direction"":""DOWN"",""high"":7520.5,""low"":7510.0,""lower_wick_fraction"":0.7142857142857143,""move_atr"":-0.06915620506014485,""move_points"":-1.5,""open"":7519.0,""snapshot_time"":""2026-08-03T13:03:00+05:30"",""upper_wick_fraction"":0.14285714285714285,""volume"":2740.0},""close"":7517.5,""trend"":{""ema_ref"":7409.678374065596,""ema_slow"":7448.372754110344,""hma_order"":""SELL"",""hma_spread_atr"":6.842165862689831}},{""atr"":20.71216853316854,""bar"":{""body_fraction"":0.0,""close"":7519.5,""close_position"":0.9375,""direction"":""NEUTRAL"",""high"":7520.0,""low"":7512.0,""lower_wick_fraction"":0.9375,""move_atr"":0.0,""move_points"":0.0,""open"":7519.5,""snapshot_time"":""2026-08-03T13:06:00+05:30"",""upper_wick_fraction"":0.0625,""volume"":1613.0},""close"":7519.5,""trend"":{""ema_ref"":7410.771126562456,""ema_slow"":7449.781214424989,""hma_order"":""SELL"",""hma_spread_atr"":6.880412727056889}},{""atr"":20.375585066513644,""bar"":{""body_fraction"":1.0,""close"":7503.5,""close_position"":0.0,""direction"":""DOWN"",""high"":7519.5,""low"":7503.5,""lower_wick_fraction"":0.0,""move_atr"":-0.7852535251267596,""move_points"":-16.0,""open"":7519.5,""snapshot_time"":""2026-08-03T13:09:00+05:30"",""upper_wick_fraction"":0.0,""volume"":4206.0},""close"":7503.5,""trend"":{""ema_ref"":7411.693801920043,""ema_slow"":7450.844952753208,""hma_order"":""SELL"",""hma_spread_atr"":6.675016813863992}},{""atr"":19.527328990334095,""bar"":{""body_fraction"":0.17647058823529413,""close"":7502.0,""close_position"":0.2352941176470588,""direction"":""DOWN"",""high"":7508.5,""low"":7500.0,""lower_wick_fraction"":0.2352941176470588,""move_atr"":-0.0768154211332482,""move_points"":-1.5,""open"":7503.5,""snapshot_time"":""2026-08-03T13:12:00+05:30"",""upper_wick_fraction"":0.5882352941176471,""volume"":2672.0},""close"":7502.0,""trend"":{""ema_ref"":7412.592371055168,""ema_slow"":7451.857923985817,""hma_order"":""SELL"",""hma_spread_atr"":6.606012375761779}},{""atr"":20.52537691959595,""bar"":{""body_fraction"":0.4626865671641791,""close"":7517.5,""close_position"":0.746268656716418,""direction"":""UP"",""high"":7526.0,""low"":7492.5,""lower_wick_fraction"":0.2835820895522388,""move_atr"":0.755162746132173,""move_points"":15.5,""open"":7502.0,""snapshot_time"":""2026-08-03T13:15:00+05:30"",""upper_wick_fraction"":0.2537313432835821,""volume"":10055.0},""close"":7517.5,""trend"":{""ema_ref"":7413.636228059594,""ema_slow"":7453.157767075207,""hma_order"":""SELL"",""hma_spread_atr"":5.940177061074319}},{""atr"":19.59499285391052,""bar"":{""body_fraction"":0.2,""close"":7519.0,""close_position"":0.5333333333333333,""direction"":""UP"",""high"":7522.5,""low"":7515.0,""lower_wick_fraction"":0.3333333333333333,""move_atr"":0.07655016825896156,""move_points"":1.5,""open"":7517.5,""snapshot_time"":""2026-08-03T13:18:00+05:30"",""upper_wick_fraction"":0.4666666666666667,""volume"":1867.0},""close"":7519.0,""trend"":{""ema_ref"":7414.684623800295,""ema_slow"":7454.461573667777,""hma_order"":""SELL"",""hma_spread_atr"":5.860919301696179}}],""last_observation_hash"":""94ecb521747ea8daf63961c90a0d2ff451d9efd7e606645a2febdbfb708a615a"",""last_snapshot_time"":""2026-08-03T13:18:00+05:30"",""observation"":{""compression_box_high"":7522.5,""compression_box_low"":7515.0,""compression_candidate_bars"":1,""current_state"":""ORDERLY_DOWNTREND"",""established_side"":""DOWN"",""exhaustion_active"":true,""exhaustion_age_bars"":1,""exhaustion_clear_bars"":0,""exhaustion_last_seen_at"":""2026-08-03T13:18:00+05:30"",""exhaustion_side"":""DOWN"",""exhaustion_started_at"":""2026-08-03T13:18:00+05:30"",""failure_breach_bars"":0,""last_close"":7519.0,""last_reason_codes"":[""ESTABLISHED_DIRECTIONAL_CONTEXT_RETAINED"",""OBSERVATION_PROPOSAL_MATCHED_CURRENT"",""OBSERVATION_STATE_ORDERLY_DOWNTREND""],""last_snapshot_time"":""2026-08-03T13:18:00+05:30"",""leg_age_bars"":8,""leg_anchor_price"":7543.5,""leg_anchor_time"":""2026-08-03T12:57:00+05:30"",""leg_extreme_price"":7492.5,""leg_maturity_consumed"":false,""leg_maturity_extreme_price"":null,""leg_maturity_onset_time"":null,""leg_no_progress_bars"":1,""observation_count"":82,""pending_bars"":0,""pending_state"":null,""protection_level"":7543.5,""protection_source"":""INITIAL_DIRECTIONAL_ANCHOR"",""protection_time"":""2026-08-03T12:57:00+05:30"",""pullback_age_bars"":0,""pullback_candidate_bars"":0,""pullback_extreme_price"":null,""reacceleration_age_bars"":2,""recompression_age_bars"":0,""reversal_confirmation_bars"":0,""reversal_side"":""DOWN"",""state_age_bars"":5,""trading_day"":""2026-08-03"",""trend_anchor_price"":7543.5,""trend_candidate_bars"":5,""trend_candidate_side"":""DOWN"",""trend_extreme_price"":7492.5,""trend_failure_age_bars"":0,""trend_onset_time"":""2026-08-03T12:57:00+05:30""},""symbol"":""ABB"",""trading_day"":""2026-08-03""}"
restoration-v3-current-day,development,restoration-trend-control-v3,backtest-default,OK,,,,ABB,2026-08-03,2026-08-03T13:21:00+05:30,2026-08-03T13:18:00+05:30,SNAPSHOT_AUCTION_AUTHORITY_V3A,3m,True,True,7511.0,2026-08-03T13:21:00,7519.0,7519.5,7509.0,7511.0,1875.0,18.94535050720263,BALANCE_QUALIFIED,BUY,dynamic_balance_stable_across_historical_cutoffs,RANGE_ACCEPTED,DYNAMIC:2026-08-03T13:00:00+05:30:2026-08-03T13:18:00+05:30,7492.5,7526.0,1,ok,TURNING_DOWN,-0.17154604760489478,0.09896887361820854,OK,INCREMENTAL_PREVIOUS_SNAPSHOT,AUTOTRADES_AUCTION_ENGINE,1.1.0,,,ORDERLY_DOWNTREND,DOWN,DOWN,False,False,True,DOWN,False,False,False,7543.5,INITIAL_DIRECTIONAL_ANCHOR,2026-08-03T12:57:00+05:30,DYNAMIC:2026-08-03T13:00:00+05:30:2026-08-03T13:18:00+05:30,7492.5,7526.0,True,0.5522388059701493,0.17391304347826086,PRICE_ACTION,0.8251470588235295,ESTABLISHED_DIRECTIONAL_CONTEXT_RETAINED|OBSERVATION_PROPOSAL_MATCHED_CURRENT|OBSERVATION_STATE_ORDERLY_DOWNTREND|OBJECTIVE_ACCEPTED_RANGE_GEOMETRY_PRESENT|OBJECTIVE_TREND_PROTECTION_GEOMETRY_PRESENT,DIR:ABB:2026-08-03:005:DOWN:124500,MATURE,REVERSAL_WATCH,DOWN,REVERSAL_EVENT_HANDOFF,DIR:ABB:2026-08-03:004:UP:120000,DIR:ABB:2026-08-03:004:UP:120000:DIRECTIONAL_REVERSAL_CONFIRMED:124500,2026-08-03T12:45:00+05:30,2026-08-03T13:21:00+05:30,1,7549.0,7492.5,2026-08-03T13:15:00+05:30,7543.5,INITIAL_DIRECTIONAL_ANCHOR,,,,2,0.7228718537710966,0,False,REVERSAL_WATCH_TRIGGERED,5,UNKNOWN,0,1,0,0,0,ORDERLY_DOWNTREND,2026-08-03T13:21:00+05:30,REVERSAL_WATCH_TRIGGERED,BAL:ABB:2026-08-03:005:NEUTRAL:132100,NONE,FORMING,1,,7492.5,7526.0,,,UNKNOWN,0,0,0,0,False,False,BALANCE_FORMING_STARTED,2,BAL:ABB:2026-08-03:005:NEUTRAL:132100:BALANCE_FORMING_STARTED:132100|DIR:ABB:2026-08-03:005:DOWN:124500:REVERSAL_WATCH_STARTED:132100,BALANCE_FORMING_STARTED|REVERSAL_WATCH_STARTED,UNKNOWN|DOWN,BAL:ABB:2026-08-03:005:NEUTRAL:132100|DIR:ABB:2026-08-03:005:DOWN:124500,BALANCE_FORMING_STARTED:QUALIFIED_ACCEPTED_RANGE_OBSERVED|REVERSAL_WATCH_STARTED:EXHAUSTION_CONTEXT_ACTIVE,0,,,,,MATCH,CONFLICT,MATCH,CONFLICT,False,0,False,False,True,True,EPISODE_RAW_STRUCTURE_CONFLICT,TRANSITIONAL_CONFLICT,"[""event_id='BAL:ABB:2026-08-03:005:NEUTRAL:132100:BALANCE_FORMING_STARTED:132100' event_type=<AuctionEventType.BALANCE_FORMING_STARTED: 'BALANCE_FORMING_STARTED'> episode_id='BAL:ABB:2026-08-03:005:NEUTRAL:132100' symbol='ABB' trading_day=datetime.date(2026, 8, 3) event_time=datetime.datetime(2026, 8, 3, 13, 21, tzinfo=TzInfo(19800)) direction=<DirectionalBias.UNKNOWN: 'UNKNOWN'> reason_codes=('QUALIFIED_ACCEPTED_RANGE_OBSERVED',) data={'range_id': None, 'frozen_low': None, 'frozen_high': None, 'candidate_low': 7492.5, 'candidate_high': 7526.0, 'rearm_required': False, 'containment_bars': 1, 'source_range_ids': ['DYNAMIC:2026-08-03T13:00:00+05:30:2026-08-03T13:18:00+05:30'], 'containment_ratio': 1.0, 'rearm_bars_elapsed': 0, 'failed_escape_count': 0, 'escape_attempt_count': 0, 'attempt_limit_reached': False, 'candidate_merge_count': 0, 'forming_bars_observed': 1, 'last_escape_direction': 'UNKNOWN', 'last_escape_failed_at': None, 'last_escape_started_at': None, 'meaningful_escape_bars': 0, 'candidate_last_valid_at': '2026-08-03T13:21:00+05:30', 'marginal_excursion_bars': 0, 'up_escape_attempt_count': 0, 'rearm_inside_close_count': 0, 'down_escape_attempt_count': 0, 'candidate_bar_expansion_count': 0}"",""event_id='DIR:ABB:2026-08-03:005:DOWN:124500:REVERSAL_WATCH_STARTED:132100' event_type=<AuctionEventType.REVERSAL_WATCH_STARTED: 'REVERSAL_WATCH_STARTED'> episode_id='DIR:ABB:2026-08-03:005:DOWN:124500' symbol='ABB' trading_day=datetime.date(2026, 8, 3) event_time=datetime.datetime(2026, 8, 3, 13, 21, tzinfo=TzInfo(19800)) direction=<DirectionalBias.DOWN: 'DOWN'> reason_codes=('EXHAUSTION_CONTEXT_ACTIVE',) data={'origin_price': 7549.0, 'extreme_price': 7492.5, 'origin_source': 'REVERSAL_EVENT_HANDOFF', 'origin_event_id': 'DIR:ABB:2026-08-03:004:UP:120000:DIRECTIONAL_REVERSAL_CONFIRMED:124500', 'protection_level': 7543.5, 'parent_episode_id': 'DIR:ABB:2026-08-03:004:UP:120000', 'protection_source': 'INITIAL_DIRECTIONAL_ANCHOR', 'first_adverse_bar_time': None, 'first_adverse_bar_close': None, 'first_adverse_bar_level': None, 'continuation_failure_time': None, 'reversal_leg_progress_atr': 0.7228718537710966, 'reversal_leg_progress_bars': 2, 'reversal_confirmation_level': None, 'reversal_leg_failure_closes': 0, 'reversal_confirmation_source': '', 'reversal_confirmation_level_time': None}""]",[],"{""accepted_range_breakout_eligible"":true,""accepted_range_established_at"":""2026-08-03T13:18:00+05:30"",""accepted_range_high"":7526.0,""accepted_range_id"":""DYNAMIC:2026-08-03T13:00:00+05:30:2026-08-03T13:18:00+05:30"",""accepted_range_inside"":true,""accepted_range_low"":7492.5,""accepted_range_outside_atr"":0.0,""accepted_range_position"":0.5522388059701493,""accepted_range_provisional"":false,""atr"":18.94535050720263,""close"":7511.0,""current_leg_mature"":false,""directional_bias"":""DOWN"",""directional_efficiency"":0.17391304347826086,""directional_efficiency_source"":""PRICE_ACTION"",""exhausted_side"":""DOWN"",""exhaustion_active"":true,""extension_mature"":false,""failed_extreme_observed"":false,""high"":7519.5,""low"":7509.0,""observation_state"":""ORDERLY_DOWNTREND"",""overlap_ratio"":0.8251470588235295,""range_width_atr"":1.7682438753119925,""rejection_observed"":false,""snapshot_time"":""2026-08-03T13:21:00+05:30"",""source_reason_codes"":[""ESTABLISHED_DIRECTIONAL_CONTEXT_RETAINED"",""OBSERVATION_PROPOSAL_MATCHED_CURRENT"",""OBSERVATION_STATE_ORDERLY_DOWNTREND"",""OBJECTIVE_ACCEPTED_RANGE_GEOMETRY_PRESENT"",""OBJECTIVE_TREND_PROTECTION_GEOMETRY_PRESENT""],""structural_failure_confirmed"":false,""symbol"":""ABB"",""trading_day"":""2026-08-03"",""trend_direction"":""DOWN"",""trend_protection_level"":7543.5,""trend_protection_source"":""INITIAL_DIRECTIONAL_ANCHOR"",""trend_protection_time"":""2026-08-03T12:57:00+05:30""}","{""continuation_failure_seen"":false,""continuation_failure_time"":null,""current_state"":""REVERSAL_WATCH"",""direction"":""DOWN"",""episode_id"":""DIR:ABB:2026-08-03:005:DOWN:124500"",""extreme_price"":7492.5,""extreme_time"":""2026-08-03T13:15:00+05:30"",""first_adverse_bar_close"":null,""first_adverse_bar_level"":null,""first_adverse_bar_time"":null,""origin_event_id"":""DIR:ABB:2026-08-03:004:UP:120000:DIRECTIONAL_REVERSAL_CONFIRMED:124500"",""origin_price"":7549.0,""origin_source"":""REVERSAL_EVENT_HANDOFF"",""parent_episode_id"":""DIR:ABB:2026-08-03:004:UP:120000"",""previous_state"":""MATURE"",""protection_level"":7543.5,""protection_source"":""INITIAL_DIRECTIONAL_ANCHOR"",""reason_codes"":[""REVERSAL_WATCH_TRIGGERED""],""rejection_seen"":false,""reversal_confirmation_breach_closes"":0,""reversal_confirmation_level"":null,""reversal_confirmation_level_time"":null,""reversal_confirmation_source"":"""",""reversal_leg_failure_closes"":0,""reversal_leg_progress_atr"":0.7228718537710966,""reversal_leg_progress_bars"":2,""started_at"":""2026-08-03T12:45:00+05:30"",""state_age_bars"":1,""state_started_at"":""2026-08-03T13:21:00+05:30""}","{""attempt_limit_reached"":false,""candidate_bar_expansion_count"":0,""candidate_high"":7526.0,""candidate_last_valid_at"":""2026-08-03T13:21:00+05:30"",""candidate_low"":7492.5,""candidate_merge_count"":0,""containment_bars"":1,""containment_ratio"":1.0,""current_state"":""FORMING"",""down_escape_attempt_count"":0,""episode_id"":""BAL:ABB:2026-08-03:005:NEUTRAL:132100"",""escape_attempt_count"":0,""escape_direction"":""UNKNOWN"",""failed_escape_count"":0,""forming_bars_observed"":1,""forming_invalid_bars"":0,""frozen_high"":null,""frozen_low"":null,""last_escape_direction"":""UNKNOWN"",""last_escape_failed_at"":null,""last_escape_started_at"":null,""marginal_excursion_bars"":0,""meaningful_escape_bars"":0,""outside_close_count"":0,""previous_state"":""NONE"",""range_id"":null,""rearm_bars_elapsed"":0,""rearm_inside_close_count"":0,""rearm_required"":false,""reason_codes"":[""BALANCE_FORMING_STARTED""],""reentry_close_count"":0,""source_range_ids"":[""DYNAMIC:2026-08-03T13:00:00+05:30:2026-08-03T13:18:00+05:30""],""started_at"":""2026-08-03T13:21:00+05:30"",""state_age_bars"":1,""state_started_at"":""2026-08-03T13:21:00+05:30"",""up_escape_attempt_count"":0}","{""balance_attempt_limit_reached"":false,""balance_candidate_bar_expansion_count"":0,""balance_candidate_merge_count"":0,""balance_containment_ratio"":1.0,""balance_down_escape_attempt_count"":0,""balance_escape_attempt_count"":0,""balance_failed_escape_count"":0,""balance_forming_bars_observed"":1,""balance_forming_invalid_bars"":0,""balance_last_escape_direction"":""UNKNOWN"",""balance_last_escape_failed_at"":null,""balance_last_escape_started_at"":null,""balance_marginal_excursion_bars"":0,""balance_meaningful_escape_bars"":0,""balance_rearm_bars_elapsed"":0,""balance_rearm_inside_close_count"":0,""balance_rearm_required"":false,""balance_up_escape_attempt_count"":0,""directional_origin_event_id"":""DIR:ABB:2026-08-03:004:UP:120000:DIRECTIONAL_REVERSAL_CONFIRMED:124500"",""directional_origin_source"":""REVERSAL_EVENT_HANDOFF"",""directional_parent_episode_id"":""DIR:ABB:2026-08-03:004:UP:120000"",""directional_reversal_watch_age_bars"":1,""directional_start_candidate_bars"":0,""directional_start_candidate_side"":""UNKNOWN"",""observation_accepted_range_id"":""DYNAMIC:2026-08-03T13:00:00+05:30:2026-08-03T13:18:00+05:30"",""observation_current_leg_mature"":false,""observation_directional_bias"":""DOWN"",""observation_exhaustion_active"":true,""observation_state"":""ORDERLY_DOWNTREND""}","{""balance"":{""attempt_limit_reached"":false,""candidate_bar_expansion_count"":0,""candidate_high"":7526.0,""candidate_last_valid_at"":""2026-08-03T13:21:00+05:30"",""candidate_low"":7492.5,""candidate_merge_count"":0,""containment_bars"":1,""down_escape_attempt_count"":0,""emitted_event_ids"":[""BAL:ABB:2026-08-03:001:NEUTRAL:100600:BALANCE_COMPLETED:105400"",""BAL:ABB:2026-08-03:001:NEUTRAL:100600:BALANCE_ESCAPE_ACCEPTED:105100"",""BAL:ABB:2026-08-03:001:NEUTRAL:100600:BALANCE_ESCAPE_STARTED:104800"",""BAL:ABB:2026-08-03:001:NEUTRAL:100600:BALANCE_FORMING_STARTED:100600"",""BAL:ABB:2026-08-03:001:NEUTRAL:100600:BALANCE_LOCKED:102700"",""BAL:ABB:2026-08-03:001:NEUTRAL:100600:BALANCE_PROBABLE:101800"",""BAL:ABB:2026-08-03:002:NEUTRAL:112100:BALANCE_COMPLETED:113000"",""BAL:ABB:2026-08-03:002:NEUTRAL:112100:BALANCE_FORMING_STARTED:112100"",""BAL:ABB:2026-08-03:003:NEUTRAL:114800:BALANCE_COMPLETED:115400"",""BAL:ABB:2026-08-03:003:NEUTRAL:114800:BALANCE_FORMING_STARTED:114800"",""BAL:ABB:2026-08-03:004:NEUTRAL:122400:BALANCE_COMPLETED:125400"",""BAL:ABB:2026-08-03:004:NEUTRAL:122400:BALANCE_ESCAPE_ACCEPTED:125100"",""BAL:ABB:2026-08-03:004:NEUTRAL:122400:BALANCE_ESCAPE_STARTED:124800"",""BAL:ABB:2026-08-03:004:NEUTRAL:122400:BALANCE_FORMING_STARTED:122400"",""BAL:ABB:2026-08-03:004:NEUTRAL:122400:BALANCE_LOCKED:124500"",""BAL:ABB:2026-08-03:004:NEUTRAL:122400:BALANCE_PROBABLE:123600"",""BAL:ABB:2026-08-03:005:NEUTRAL:132100:BALANCE_FORMING_STARTED:132100""],""episode_id"":""BAL:ABB:2026-08-03:005:NEUTRAL:132100"",""escape_attempt_count"":0,""escape_direction"":""UNKNOWN"",""failed_escape_count"":0,""forming_bars_observed"":1,""forming_invalid_bars"":0,""frozen_high"":null,""frozen_low"":null,""last_escape_direction"":""UNKNOWN"",""last_escape_failed_at"":null,""last_escape_started_at"":null,""last_reason_codes"":[""BALANCE_FORMING_STARTED""],""marginal_excursion_bars"":0,""meaningful_escape_bars"":0,""outside_close_count"":0,""range_id"":null,""rearm_bars_elapsed"":0,""rearm_inside_close_count"":0,""rearm_required"":false,""reentry_close_count"":0,""sequence"":5,""source_range_ids"":[""DYNAMIC:2026-08-03T13:00:00+05:30:2026-08-03T13:18:00+05:30""],""started_at"":""2026-08-03T13:21:00+05:30"",""state"":""FORMING"",""state_age_bars"":1,""state_started_at"":""2026-08-03T13:21:00+05:30"",""up_escape_attempt_count"":0},""directional"":{""continuation_failure_progress_bars"":0,""continuation_failure_seen"":false,""continuation_failure_seen_at"":null,""direction"":""DOWN"",""emitted_event_ids"":[""DIR:ABB:2026-08-03:001:DOWN:101500:DIRECTIONAL_COMPLETED:105100"",""DIR:ABB:2026-08-03:001:DOWN:101500:DIRECTIONAL_STARTED:101500"",""DIR:ABB:2026-08-03:002:UP:110000:DIRECTIONAL_COMPLETED:113900"",""DIR:ABB:2026-08-03:002:UP:110000:DIRECTIONAL_MATURED:110300"",""DIR:ABB:2026-08-03:002:UP:110000:DIRECTIONAL_REVERSAL_CONFIRMED:113900"",""DIR:ABB:2026-08-03:002:UP:110000:DIRECTIONAL_STARTED:110000"",""DIR:ABB:2026-08-03:002:UP:110000:REVERSAL_WATCH_STARTED:110600"",""DIR:ABB:2026-08-03:003:DOWN:113900:DIRECTIONAL_COMPLETED:115400"",""DIR:ABB:2026-08-03:003:DOWN:113900:DIRECTIONAL_REVERSAL_LEG_FAILED:115400"",""DIR:ABB:2026-08-03:003:DOWN:113900:DIRECTIONAL_REVERSAL_LEG_STARTED:113900"",""DIR:ABB:2026-08-03:004:UP:120000:DIRECTIONAL_COMPLETED:124500"",""DIR:ABB:2026-08-03:004:UP:120000:DIRECTIONAL_CONTINUATION_CONFIRMED:123300"",""DIR:ABB:2026-08-03:004:UP:120000:DIRECTIONAL_MATURED:120300"",""DIR:ABB:2026-08-03:004:UP:120000:DIRECTIONAL_MATURED:123900"",""DIR:ABB:2026-08-03:004:UP:120000:DIRECTIONAL_REVERSAL_CONFIRMED:124500"",""DIR:ABB:2026-08-03:004:UP:120000:DIRECTIONAL_STARTED:120000"",""DIR:ABB:2026-08-03:004:UP:120000:DIRECTIONAL_TREND_RESTORED:122100"",""DIR:ABB:2026-08-03:004:UP:120000:REVERSAL_WATCH_STARTED:120600"",""DIR:ABB:2026-08-03:004:UP:120000:REVERSAL_WATCH_STARTED:124200"",""DIR:ABB:2026-08-03:005:DOWN:124500:DIRECTIONAL_MATURED:125700"",""DIR:ABB:2026-08-03:005:DOWN:124500:DIRECTIONAL_MATURED:131800"",""DIR:ABB:2026-08-03:005:DOWN:124500:DIRECTIONAL_REVERSAL_LEG_ESTABLISHED:125100"",""DIR:ABB:2026-08-03:005:DOWN:124500:DIRECTIONAL_REVERSAL_LEG_STARTED:124500"",""DIR:ABB:2026-08-03:005:DOWN:124500:DIRECTIONAL_TREND_RESTORED:131500"",""DIR:ABB:2026-08-03:005:DOWN:124500:REVERSAL_WATCH_STARTED:130000"",""DIR:ABB:2026-08-03:005:DOWN:124500:REVERSAL_WATCH_STARTED:132100""],""episode_id"":""DIR:ABB:2026-08-03:005:DOWN:124500"",""extreme_price"":7492.5,""extreme_time"":""2026-08-03T13:15:00+05:30"",""first_adverse_bar_close"":null,""first_adverse_bar_level"":null,""first_adverse_bar_time"":null,""inactive_bars"":0,""last_close"":7511.0,""last_observation_state"":""ORDERLY_DOWNTREND"",""last_observation_state_time"":""2026-08-03T13:21:00+05:30"",""last_reason_codes"":[""REVERSAL_WATCH_TRIGGERED""],""opposite_control_bars"":0,""origin_event_id"":""DIR:ABB:2026-08-03:004:UP:120000:DIRECTIONAL_REVERSAL_CONFIRMED:124500"",""origin_price"":7549.0,""origin_source"":""REVERSAL_EVENT_HANDOFF"",""parent_episode_id"":""DIR:ABB:2026-08-03:004:UP:120000"",""protection_level"":7543.5,""protection_source"":""INITIAL_DIRECTIONAL_ANCHOR"",""protection_time"":""2026-08-03T12:57:00+05:30"",""rejection_seen"":false,""rejection_seen_at"":null,""reversal_confirmation_breach_closes"":0,""reversal_confirmation_level"":null,""reversal_confirmation_level_time"":null,""reversal_confirmation_source"":"""",""reversal_leg_failure_closes"":0,""reversal_leg_progress_atr"":0.7228718537710966,""reversal_leg_progress_bars"":2,""reversal_watch_age_bars"":1,""sequence"":5,""start_candidate_bars"":0,""start_candidate_side"":""UNKNOWN"",""started_at"":""2026-08-03T12:45:00+05:30"",""state"":""REVERSAL_WATCH"",""state_age_bars"":1,""state_started_at"":""2026-08-03T13:21:00+05:30"",""trend_restore_bars"":0},""evidence_history"":[{""atr"":23.58143954081458,""bar"":{""body_fraction"":0.5192307692307693,""close"":7534.0,""close_position"":0.4807692307692308,""direction"":""DOWN"",""high"":7547.5,""low"":7521.5,""lower_wick_fraction"":0.4807692307692308,""move_atr"":-0.5724841342545819,""move_points"":-13.5,""open"":7547.5,""snapshot_time"":""2026-08-03T12:48:00+05:30"",""upper_wick_fraction"":0.0,""volume"":8619.0},""close"":7534.0,""trend"":{""ema_ref"":7403.764786340612,""ema_slow"":7440.320459125435,""hma_order"":""SELL"",""hma_spread_atr"":7.126234087883324}},{""atr"":22.825622430756393,""bar"":{""body_fraction"":0.07692307692307693,""close"":7532.5,""close_position"":0.4615384615384616,""direction"":""DOWN"",""high"":7539.5,""low"":7526.5,""lower_wick_fraction"":0.4615384615384616,""move_atr"":-0.04381041538006646,""move_points"":-1.0,""open"":7533.5,""snapshot_time"":""2026-08-03T12:51:00+05:30"",""upper_wick_fraction"":0.4615384615384616,""volume"":2859.0},""close"":7532.5,""trend"":{""ema_ref"":7405.045733740208,""ema_slow"":7442.145796568496,""hma_order"":""SELL"",""hma_spread_atr"":7.268781628989275}},{""atr"":22.159506542845225,""bar"":{""body_fraction"":0.14814814814814814,""close"":7530.5,""close_position"":0.48148148148148145,""direction"":""DOWN"",""high"":7537.5,""low"":7524.0,""lower_wick_fraction"":0.48148148148148145,""move_atr"":-0.09025471736624714,""move_points"":-2.0,""open"":7532.5,""snapshot_time"":""2026-08-03T12:54:00+05:30"",""upper_wick_fraction"":0.3703703703703703,""volume"":3645.0},""close"":7530.5,""trend"":{""ema_ref"":7406.294034897022,""ema_slow"":7443.8953847552575,""hma_order"":""SELL"",""hma_spread_atr"":7.346886174853382}},{""atr"":22.362398932641995,""bar"":{""body_fraction"":0.18,""close"":7526.0,""close_position"":0.3,""direction"":""DOWN"",""high"":7543.5,""low"":7518.5,""lower_wick_fraction"":0.3,""move_atr"":-0.20123064674565977,""move_points"":-4.5,""open"":7530.5,""snapshot_time"":""2026-08-03T12:57:00+05:30"",""upper_wick_fraction"":0.52,""volume"":5071.0},""close"":7526.0,""trend"":{""ema_ref"":7407.485139027401,""ema_slow"":7445.5212187205,""hma_order"":""SELL"",""hma_spread_atr"":7.100885384741427}},{""atr"":22.550799008881853,""bar"":{""body_fraction"":0.09090909090909093,""close"":7519.0,""close_position"":0.8181818181818182,""direction"":""UP"",""high"":7523.0,""low"":7501.0,""lower_wick_fraction"":0.7272727272727273,""move_atr"":0.08868865352452836,""move_points"":2.0,""open"":7517.0,""snapshot_time"":""2026-08-03T13:00:00+05:30"",""upper_wick_fraction"":0.18181818181818185,""volume"":7452.0},""close"":7519.0,""trend"":{""ema_ref"":7408.594739634094,""ema_slow"":7446.976244092371,""hma_order"":""SELL"",""hma_spread_atr"":6.825414981376083}},{""atr"":21.69002765110458,""bar"":{""body_fraction"":0.14285714285714285,""close"":7517.5,""close_position"":0.7142857142857143,""direction"":""DOWN"",""high"":7520.5,""low"":7510.0,""lower_wick_fraction"":0.7142857142857143,""move_atr"":-0.06915620506014485,""move_points"":-1.5,""open"":7519.0,""snapshot_time"":""2026-08-03T13:03:00+05:30"",""upper_wick_fraction"":0.14285714285714285,""volume"":2740.0},""close"":7517.5,""trend"":{""ema_ref"":7409.678374065596,""ema_slow"":7448.372754110344,""hma_order"":""SELL"",""hma_spread_atr"":6.842165862689831}},{""atr"":20.71216853316854,""bar"":{""body_fraction"":0.0,""close"":7519.5,""close_position"":0.9375,""direction"":""NEUTRAL"",""high"":7520.0,""low"":7512.0,""lower_wick_fraction"":0.9375,""move_atr"":0.0,""move_points"":0.0,""open"":7519.5,""snapshot_time"":""2026-08-03T13:06:00+05:30"",""upper_wick_fraction"":0.0625,""volume"":1613.0},""close"":7519.5,""trend"":{""ema_ref"":7410.771126562456,""ema_slow"":7449.781214424989,""hma_order"":""SELL"",""hma_spread_atr"":6.880412727056889}},{""atr"":20.375585066513644,""bar"":{""body_fraction"":1.0,""close"":7503.5,""close_position"":0.0,""direction"":""DOWN"",""high"":7519.5,""low"":7503.5,""lower_wick_fraction"":0.0,""move_atr"":-0.7852535251267596,""move_points"":-16.0,""open"":7519.5,""snapshot_time"":""2026-08-03T13:09:00+05:30"",""upper_wick_fraction"":0.0,""volume"":4206.0},""close"":7503.5,""trend"":{""ema_ref"":7411.693801920043,""ema_slow"":7450.844952753208,""hma_order"":""SELL"",""hma_spread_atr"":6.675016813863992}},{""atr"":19.527328990334095,""bar"":{""body_fraction"":0.17647058823529413,""close"":7502.0,""close_position"":0.2352941176470588,""direction"":""DOWN"",""high"":7508.5,""low"":7500.0,""lower_wick_fraction"":0.2352941176470588,""move_atr"":-0.0768154211332482,""move_points"":-1.5,""open"":7503.5,""snapshot_time"":""2026-08-03T13:12:00+05:30"",""upper_wick_fraction"":0.5882352941176471,""volume"":2672.0},""close"":7502.0,""trend"":{""ema_ref"":7412.592371055168,""ema_slow"":7451.857923985817,""hma_order"":""SELL"",""hma_spread_atr"":6.606012375761779}},{""atr"":20.52537691959595,""bar"":{""body_fraction"":0.4626865671641791,""close"":7517.5,""close_position"":0.746268656716418,""direction"":""UP"",""high"":7526.0,""low"":7492.5,""lower_wick_fraction"":0.2835820895522388,""move_atr"":0.755162746132173,""move_points"":15.5,""open"":7502.0,""snapshot_time"":""2026-08-03T13:15:00+05:30"",""upper_wick_fraction"":0.2537313432835821,""volume"":10055.0},""close"":7517.5,""trend"":{""ema_ref"":7413.636228059594,""ema_slow"":7453.157767075207,""hma_order"":""SELL"",""hma_spread_atr"":5.940177061074319}},{""atr"":19.59499285391052,""bar"":{""body_fraction"":0.2,""close"":7519.0,""close_position"":0.5333333333333333,""direction"":""UP"",""high"":7522.5,""low"":7515.0,""lower_wick_fraction"":0.3333333333333333,""move_atr"":0.07655016825896156,""move_points"":1.5,""open"":7517.5,""snapshot_time"":""2026-08-03T13:18:00+05:30"",""upper_wick_fraction"":0.4666666666666667,""volume"":1867.0},""close"":7519.0,""trend"":{""ema_ref"":7414.684623800295,""ema_slow"":7454.461573667777,""hma_order"":""SELL"",""hma_spread_atr"":5.860919301696179}},{""atr"":18.94535050720263,""bar"":{""body_fraction"":0.7619047619047619,""close"":7511.0,""close_position"":0.1904761904761905,""direction"":""DOWN"",""high"":7519.5,""low"":7509.0,""lower_wick_fraction"":0.1904761904761905,""move_atr"":-0.4222671941043564,""move_points"":-8.0,""open"":7519.0,""snapshot_time"":""2026-08-03T13:21:00+05:30"",""upper_wick_fraction"":0.047619047619047616,""volume"":1875.0},""close"":7511.0,""trend"":{""ema_ref"":7415.642985752532,""ema_slow"":7455.581146466435,""hma_order"":""SELL"",""hma_spread_atr"":5.678418708406215}}],""last_observation_hash"":""128be0d9e709a1f3ffc67fdcdbfb38d51bd4d0e7149b4bd8da14bc7dcef136eb"",""last_snapshot_time"":""2026-08-03T13:21:00+05:30"",""observation"":{""compression_box_high"":null,""compression_box_low"":null,""compression_candidate_bars"":0,""current_state"":""ORDERLY_DOWNTREND"",""established_side"":""DOWN"",""exhaustion_active"":true,""exhaustion_age_bars"":2,""exhaustion_clear_bars"":0,""exhaustion_last_seen_at"":""2026-08-03T13:21:00+05:30"",""exhaustion_side"":""DOWN"",""exhaustion_started_at"":""2026-08-03T13:18:00+05:30"",""failure_breach_bars"":0,""last_close"":7511.0,""last_reason_codes"":[""ESTABLISHED_DIRECTIONAL_CONTEXT_RETAINED"",""OBSERVATION_PROPOSAL_MATCHED_CURRENT"",""OBSERVATION_STATE_ORDERLY_DOWNTREND""],""last_snapshot_time"":""2026-08-03T13:21:00+05:30"",""leg_age_bars"":9,""leg_anchor_price"":7543.5,""leg_anchor_time"":""2026-08-03T12:57:00+05:30"",""leg_extreme_price"":7492.5,""leg_maturity_consumed"":false,""leg_maturity_extreme_price"":null,""leg_maturity_onset_time"":null,""leg_no_progress_bars"":2,""observation_count"":83,""pending_bars"":0,""pending_state"":null,""protection_level"":7543.5,""protection_source"":""INITIAL_DIRECTIONAL_ANCHOR"",""protection_time"":""2026-08-03T12:57:00+05:30"",""pullback_age_bars"":0,""pullback_candidate_bars"":0,""pullback_extreme_price"":null,""reacceleration_age_bars"":2,""recompression_age_bars"":0,""reversal_confirmation_bars"":0,""reversal_side"":""DOWN"",""state_age_bars"":6,""trading_day"":""2026-08-03"",""trend_anchor_price"":7543.5,""trend_candidate_bars"":4,""trend_candidate_side"":""DOWN"",""trend_extreme_price"":7492.5,""trend_failure_age_bars"":0,""trend_onset_time"":""2026-08-03T12:57:00+05:30""},""symbol"":""ABB"",""trading_day"":""2026-08-03""}"
restoration-v3-current-day,development,restoration-trend-control-v3,backtest-default,OK,,,,ABB,2026-08-03,2026-08-03T13:24:00+05:30,2026-08-03T13:21:00+05:30,SNAPSHOT_AUCTION_AUTHORITY_V3A,3m,True,True,7507.0,2026-08-03T13:24:00,7511.0,7513.0,7501.0,7507.0,3365.0,18.449254042402444,BALANCE_QUALIFIED,SELL,dynamic_balance_stable_across_historical_cutoffs,RANGE_ACCEPTED,DYNAMIC:2026-08-03T13:00:00+05:30:2026-08-03T13:18:00+05:30,7492.5,7526.0,2,ok,TURNING_DOWN,-0.32521640095637633,0.06775341686591173,OK,INCREMENTAL_PREVIOUS_SNAPSHOT,AUTOTRADES_AUCTION_ENGINE,1.1.0,,,ORDERLY_DOWNTREND,DOWN,DOWN,False,True,True,DOWN,True,False,False,7543.5,INITIAL_DIRECTIONAL_ANCHOR,2026-08-03T12:57:00+05:30,DYNAMIC:2026-08-03T13:00:00+05:30:2026-08-03T13:18:00+05:30,7492.5,7526.0,True,0.4328358208955224,0.21649484536082475,PRICE_ACTION,0.7138375350140056,ESTABLISHED_DIRECTIONAL_CONTEXT_RETAINED|OBSERVATION_PROPOSAL_MATCHED_CURRENT|OBSERVATION_STATE_ORDERLY_DOWNTREND|OBJECTIVE_REJECTION_OBSERVED|OBJECTIVE_ACCEPTED_RANGE_GEOMETRY_PRESENT|OBJECTIVE_TREND_PROTECTION_GEOMETRY_PRESENT,DIR:ABB:2026-08-03:005:DOWN:124500,REVERSAL_WATCH,REVERSAL_WATCH,DOWN,REVERSAL_EVENT_HANDOFF,DIR:ABB:2026-08-03:004:UP:120000,DIR:ABB:2026-08-03:004:UP:120000:DIRECTIONAL_REVERSAL_CONFIRMED:124500,2026-08-03T12:45:00+05:30,2026-08-03T13:21:00+05:30,2,7549.0,7492.5,2026-08-03T13:15:00+05:30,7543.5,INITIAL_DIRECTIONAL_ANCHOR,7513.0,OBSERVATION_REJECTION_OR_FAILED_EXTREME:BAR_HIGH,2026-08-03T13:24:00+05:30,2,0.7228718537710966,0,True,REVERSAL_WATCH_RETAINED,5,UNKNOWN,0,2,0,0,0,ORDERLY_DOWNTREND,2026-08-03T13:24:00+05:30,REVERSAL_WATCH_RETAINED,BAL:ABB:2026-08-03:005:NEUTRAL:132100,FORMING,FORMING,2,,7492.5,7526.0,,,UNKNOWN,0,0,0,0,False,False,BALANCE_SOURCE_RANGE_RETAINED|BALANCE_BAR_CONTAINED_IN_CANDIDATE|BALANCE_CONTAINMENT_PROGRESS|BALANCE_FORMING_RETAINED,0,,,,,,0,,,,,MATCH,MATCH,MATCH,MATCH,False,0,False,False,False,True,,COHERENT,[],[],"{""accepted_range_breakout_eligible"":true,""accepted_range_established_at"":""2026-08-03T13:18:00+05:30"",""accepted_range_high"":7526.0,""accepted_range_id"":""DYNAMIC:2026-08-03T13:00:00+05:30:2026-08-03T13:18:00+05:30"",""accepted_range_inside"":true,""accepted_range_low"":7492.5,""accepted_range_outside_atr"":0.0,""accepted_range_position"":0.4328358208955224,""accepted_range_provisional"":false,""atr"":18.449254042402444,""close"":7507.0,""current_leg_mature"":false,""directional_bias"":""DOWN"",""directional_efficiency"":0.21649484536082475,""directional_efficiency_source"":""PRICE_ACTION"",""exhausted_side"":""DOWN"",""exhaustion_active"":true,""extension_mature"":true,""failed_extreme_observed"":false,""high"":7513.0,""low"":7501.0,""observation_state"":""ORDERLY_DOWNTREND"",""overlap_ratio"":0.7138375350140056,""range_width_atr"":1.8157915720064344,""rejection_observed"":true,""snapshot_time"":""2026-08-03T13:24:00+05:30"",""source_reason_codes"":[""ESTABLISHED_DIRECTIONAL_CONTEXT_RETAINED"",""OBSERVATION_PROPOSAL_MATCHED_CURRENT"",""OBSERVATION_STATE_ORDERLY_DOWNTREND"",""OBJECTIVE_REJECTION_OBSERVED"",""OBJECTIVE_ACCEPTED_RANGE_GEOMETRY_PRESENT"",""OBJECTIVE_TREND_PROTECTION_GEOMETRY_PRESENT""],""structural_failure_confirmed"":false,""symbol"":""ABB"",""trading_day"":""2026-08-03"",""trend_direction"":""DOWN"",""trend_protection_level"":7543.5,""trend_protection_source"":""INITIAL_DIRECTIONAL_ANCHOR"",""trend_protection_time"":""2026-08-03T12:57:00+05:30""}","{""continuation_failure_seen"":true,""continuation_failure_time"":""2026-08-03T13:24:00+05:30"",""current_state"":""REVERSAL_WATCH"",""direction"":""DOWN"",""episode_id"":""DIR:ABB:2026-08-03:005:DOWN:124500"",""extreme_price"":7492.5,""extreme_time"":""2026-08-03T13:15:00+05:30"",""first_adverse_bar_close"":7507.0,""first_adverse_bar_level"":7513.0,""first_adverse_bar_time"":""2026-08-03T13:24:00+05:30"",""origin_event_id"":""DIR:ABB:2026-08-03:004:UP:120000:DIRECTIONAL_REVERSAL_CONFIRMED:124500"",""origin_price"":7549.0,""origin_source"":""REVERSAL_EVENT_HANDOFF"",""parent_episode_id"":""DIR:ABB:2026-08-03:004:UP:120000"",""previous_state"":""REVERSAL_WATCH"",""protection_level"":7543.5,""protection_source"":""INITIAL_DIRECTIONAL_ANCHOR"",""reason_codes"":[""REVERSAL_WATCH_RETAINED""],""rejection_seen"":true,""reversal_confirmation_breach_closes"":0,""reversal_confirmation_level"":7513.0,""reversal_confirmation_level_time"":""2026-08-03T13:24:00+05:30"",""reversal_confirmation_source"":""OBSERVATION_REJECTION_OR_FAILED_EXTREME:BAR_HIGH"",""reversal_leg_failure_closes"":0,""reversal_leg_progress_atr"":0.7228718537710966,""reversal_leg_progress_bars"":2,""started_at"":""2026-08-03T12:45:00+05:30"",""state_age_bars"":2,""state_started_at"":""2026-08-03T13:21:00+05:30""}","{""attempt_limit_reached"":false,""candidate_bar_expansion_count"":0,""candidate_high"":7526.0,""candidate_last_valid_at"":""2026-08-03T13:24:00+05:30"",""candidate_low"":7492.5,""candidate_merge_count"":0,""containment_bars"":2,""containment_ratio"":1.0,""current_state"":""FORMING"",""down_escape_attempt_count"":0,""episode_id"":""BAL:ABB:2026-08-03:005:NEUTRAL:132100"",""escape_attempt_count"":0,""escape_direction"":""UNKNOWN"",""failed_escape_count"":0,""forming_bars_observed"":2,""forming_invalid_bars"":0,""frozen_high"":null,""frozen_low"":null,""last_escape_direction"":""UNKNOWN"",""last_escape_failed_at"":null,""last_escape_started_at"":null,""marginal_excursion_bars"":0,""meaningful_escape_bars"":0,""outside_close_count"":0,""previous_state"":""FORMING"",""range_id"":null,""rearm_bars_elapsed"":0,""rearm_inside_close_count"":0,""rearm_required"":false,""reason_codes"":[""BALANCE_SOURCE_RANGE_RETAINED"",""BALANCE_BAR_CONTAINED_IN_CANDIDATE"",""BALANCE_CONTAINMENT_PROGRESS"",""BALANCE_FORMING_RETAINED""],""reentry_close_count"":0,""source_range_ids"":[""DYNAMIC:2026-08-03T13:00:00+05:30:2026-08-03T13:18:00+05:30""],""started_at"":""2026-08-03T13:21:00+05:30"",""state_age_bars"":2,""state_started_at"":""2026-08-03T13:21:00+05:30"",""up_escape_attempt_count"":0}","{""balance_attempt_limit_reached"":false,""balance_candidate_bar_expansion_count"":0,""balance_candidate_merge_count"":0,""balance_containment_ratio"":1.0,""balance_down_escape_attempt_count"":0,""balance_escape_attempt_count"":0,""balance_failed_escape_count"":0,""balance_forming_bars_observed"":2,""balance_forming_invalid_bars"":0,""balance_last_escape_direction"":""UNKNOWN"",""balance_last_escape_failed_at"":null,""balance_last_escape_started_at"":null,""balance_marginal_excursion_bars"":0,""balance_meaningful_escape_bars"":0,""balance_rearm_bars_elapsed"":0,""balance_rearm_inside_close_count"":0,""balance_rearm_required"":false,""balance_up_escape_attempt_count"":0,""directional_origin_event_id"":""DIR:ABB:2026-08-03:004:UP:120000:DIRECTIONAL_REVERSAL_CONFIRMED:124500"",""directional_origin_source"":""REVERSAL_EVENT_HANDOFF"",""directional_parent_episode_id"":""DIR:ABB:2026-08-03:004:UP:120000"",""directional_reversal_watch_age_bars"":2,""directional_start_candidate_bars"":0,""directional_start_candidate_side"":""UNKNOWN"",""observation_accepted_range_id"":""DYNAMIC:2026-08-03T13:00:00+05:30:2026-08-03T13:18:00+05:30"",""observation_current_leg_mature"":false,""observation_directional_bias"":""DOWN"",""observation_exhaustion_active"":true,""observation_state"":""ORDERLY_DOWNTREND""}","{""balance"":{""attempt_limit_reached"":false,""candidate_bar_expansion_count"":0,""candidate_high"":7526.0,""candidate_last_valid_at"":""2026-08-03T13:24:00+05:30"",""candidate_low"":7492.5,""candidate_merge_count"":0,""containment_bars"":2,""down_escape_attempt_count"":0,""emitted_event_ids"":[""BAL:ABB:2026-08-03:001:NEUTRAL:100600:BALANCE_COMPLETED:105400"",""BAL:ABB:2026-08-03:001:NEUTRAL:100600:BALANCE_ESCAPE_ACCEPTED:105100"",""BAL:ABB:2026-08-03:001:NEUTRAL:100600:BALANCE_ESCAPE_STARTED:104800"",""BAL:ABB:2026-08-03:001:NEUTRAL:100600:BALANCE_FORMING_STARTED:100600"",""BAL:ABB:2026-08-03:001:NEUTRAL:100600:BALANCE_LOCKED:102700"",""BAL:ABB:2026-08-03:001:NEUTRAL:100600:BALANCE_PROBABLE:101800"",""BAL:ABB:2026-08-03:002:NEUTRAL:112100:BALANCE_COMPLETED:113000"",""BAL:ABB:2026-08-03:002:NEUTRAL:112100:BALANCE_FORMING_STARTED:112100"",""BAL:ABB:2026-08-03:003:NEUTRAL:114800:BALANCE_COMPLETED:115400"",""BAL:ABB:2026-08-03:003:NEUTRAL:114800:BALANCE_FORMING_STARTED:114800"",""BAL:ABB:2026-08-03:004:NEUTRAL:122400:BALANCE_COMPLETED:125400"",""BAL:ABB:2026-08-03:004:NEUTRAL:122400:BALANCE_ESCAPE_ACCEPTED:125100"",""BAL:ABB:2026-08-03:004:NEUTRAL:122400:BALANCE_ESCAPE_STARTED:124800"",""BAL:ABB:2026-08-03:004:NEUTRAL:122400:BALANCE_FORMING_STARTED:122400"",""BAL:ABB:2026-08-03:004:NEUTRAL:122400:BALANCE_LOCKED:124500"",""BAL:ABB:2026-08-03:004:NEUTRAL:122400:BALANCE_PROBABLE:123600"",""BAL:ABB:2026-08-03:005:NEUTRAL:132100:BALANCE_FORMING_STARTED:132100""],""episode_id"":""BAL:ABB:2026-08-03:005:NEUTRAL:132100"",""escape_attempt_count"":0,""escape_direction"":""UNKNOWN"",""failed_escape_count"":0,""forming_bars_observed"":2,""forming_invalid_bars"":0,""frozen_high"":null,""frozen_low"":null,""last_escape_direction"":""UNKNOWN"",""last_escape_failed_at"":null,""last_escape_started_at"":null,""last_reason_codes"":[""BALANCE_SOURCE_RANGE_RETAINED"",""BALANCE_BAR_CONTAINED_IN_CANDIDATE"",""BALANCE_CONTAINMENT_PROGRESS"",""BALANCE_FORMING_RETAINED""],""marginal_excursion_bars"":0,""meaningful_escape_bars"":0,""outside_close_count"":0,""range_id"":null,""rearm_bars_elapsed"":0,""rearm_inside_close_count"":0,""rearm_required"":false,""reentry_close_count"":0,""sequence"":5,""source_range_ids"":[""DYNAMIC:2026-08-03T13:00:00+05:30:2026-08-03T13:18:00+05:30""],""started_at"":""2026-08-03T13:21:00+05:30"",""state"":""FORMING"",""state_age_bars"":2,""state_started_at"":""2026-08-03T13:21:00+05:30"",""up_escape_attempt_count"":0},""directional"":{""continuation_failure_progress_bars"":1,""continuation_failure_seen"":true,""continuation_failure_seen_at"":""2026-08-03T13:24:00+05:30"",""direction"":""DOWN"",""emitted_event_ids"":[""DIR:ABB:2026-08-03:001:DOWN:101500:DIRECTIONAL_COMPLETED:105100"",""DIR:ABB:2026-08-03:001:DOWN:101500:DIRECTIONAL_STARTED:101500"",""DIR:ABB:2026-08-03:002:UP:110000:DIRECTIONAL_COMPLETED:113900"",""DIR:ABB:2026-08-03:002:UP:110000:DIRECTIONAL_MATURED:110300"",""DIR:ABB:2026-08-03:002:UP:110000:DIRECTIONAL_REVERSAL_CONFIRMED:113900"",""DIR:ABB:2026-08-03:002:UP:110000:DIRECTIONAL_STARTED:110000"",""DIR:ABB:2026-08-03:002:UP:110000:REVERSAL_WATCH_STARTED:110600"",""DIR:ABB:2026-08-03:003:DOWN:113900:DIRECTIONAL_COMPLETED:115400"",""DIR:ABB:2026-08-03:003:DOWN:113900:DIRECTIONAL_REVERSAL_LEG_FAILED:115400"",""DIR:ABB:2026-08-03:003:DOWN:113900:DIRECTIONAL_REVERSAL_LEG_STARTED:113900"",""DIR:ABB:2026-08-03:004:UP:120000:DIRECTIONAL_COMPLETED:124500"",""DIR:ABB:2026-08-03:004:UP:120000:DIRECTIONAL_CONTINUATION_CONFIRMED:123300"",""DIR:ABB:2026-08-03:004:UP:120000:DIRECTIONAL_MATURED:120300"",""DIR:ABB:2026-08-03:004:UP:120000:DIRECTIONAL_MATURED:123900"",""DIR:ABB:2026-08-03:004:UP:120000:DIRECTIONAL_REVERSAL_CONFIRMED:124500"",""DIR:ABB:2026-08-03:004:UP:120000:DIRECTIONAL_STARTED:120000"",""DIR:ABB:2026-08-03:004:UP:120000:DIRECTIONAL_TREND_RESTORED:122100"",""DIR:ABB:2026-08-03:004:UP:120000:REVERSAL_WATCH_STARTED:120600"",""DIR:ABB:2026-08-03:004:UP:120000:REVERSAL_WATCH_STARTED:124200"",""DIR:ABB:2026-08-03:005:DOWN:124500:DIRECTIONAL_MATURED:125700"",""DIR:ABB:2026-08-03:005:DOWN:124500:DIRECTIONAL_MATURED:131800"",""DIR:ABB:2026-08-03:005:DOWN:124500:DIRECTIONAL_REVERSAL_LEG_ESTABLISHED:125100"",""DIR:ABB:2026-08-03:005:DOWN:124500:DIRECTIONAL_REVERSAL_LEG_STARTED:124500"",""DIR:ABB:2026-08-03:005:DOWN:124500:DIRECTIONAL_TREND_RESTORED:131500"",""DIR:ABB:2026-08-03:005:DOWN:124500:REVERSAL_WATCH_STARTED:130000"",""DIR:ABB:2026-08-03:005:DOWN:124500:REVERSAL_WATCH_STARTED:132100""],""episode_id"":""DIR:ABB:2026-08-03:005:DOWN:124500"",""extreme_price"":7492.5,""extreme_time"":""2026-08-03T13:15:00+05:30"",""first_adverse_bar_close"":7507.0,""first_adverse_bar_level"":7513.0,""first_adverse_bar_time"":""2026-08-03T13:24:00+05:30"",""inactive_bars"":0,""last_close"":7507.0,""last_observation_state"":""ORDERLY_DOWNTREND"",""last_observation_state_time"":""2026-08-03T13:24:00+05:30"",""last_reason_codes"":[""REVERSAL_WATCH_RETAINED""],""opposite_control_bars"":0,""origin_event_id"":""DIR:ABB:2026-08-03:004:UP:120000:DIRECTIONAL_REVERSAL_CONFIRMED:124500"",""origin_price"":7549.0,""origin_source"":""REVERSAL_EVENT_HANDOFF"",""parent_episode_id"":""DIR:ABB:2026-08-03:004:UP:120000"",""protection_level"":7543.5,""protection_source"":""INITIAL_DIRECTIONAL_ANCHOR"",""protection_time"":""2026-08-03T12:57:00+05:30"",""rejection_seen"":true,""rejection_seen_at"":""2026-08-03T13:24:00+05:30"",""reversal_confirmation_breach_closes"":0,""reversal_confirmation_level"":7513.0,""reversal_confirmation_level_time"":""2026-08-03T13:24:00+05:30"",""reversal_confirmation_source"":""OBSERVATION_REJECTION_OR_FAILED_EXTREME:BAR_HIGH"",""reversal_leg_failure_closes"":0,""reversal_leg_progress_atr"":0.7228718537710966,""reversal_leg_progress_bars"":2,""reversal_watch_age_bars"":2,""sequence"":5,""start_candidate_bars"":0,""start_candidate_side"":""UNKNOWN"",""started_at"":""2026-08-03T12:45:00+05:30"",""state"":""REVERSAL_WATCH"",""state_age_bars"":2,""state_started_at"":""2026-08-03T13:21:00+05:30"",""trend_restore_bars"":0},""evidence_history"":[{""atr"":22.825622430756393,""bar"":{""body_fraction"":0.07692307692307693,""close"":7532.5,""close_position"":0.4615384615384616,""direction"":""DOWN"",""high"":7539.5,""low"":7526.5,""lower_wick_fraction"":0.4615384615384616,""move_atr"":-0.04381041538006646,""move_points"":-1.0,""open"":7533.5,""snapshot_time"":""2026-08-03T12:51:00+05:30"",""upper_wick_fraction"":0.4615384615384616,""volume"":2859.0},""close"":7532.5,""trend"":{""ema_ref"":7405.045733740208,""ema_slow"":7442.145796568496,""hma_order"":""SELL"",""hma_spread_atr"":7.268781628989275}},{""atr"":22.159506542845225,""bar"":{""body_fraction"":0.14814814814814814,""close"":7530.5,""close_position"":0.48148148148148145,""direction"":""DOWN"",""high"":7537.5,""low"":7524.0,""lower_wick_fraction"":0.48148148148148145,""move_atr"":-0.09025471736624714,""move_points"":-2.0,""open"":7532.5,""snapshot_time"":""2026-08-03T12:54:00+05:30"",""upper_wick_fraction"":0.3703703703703703,""volume"":3645.0},""close"":7530.5,""trend"":{""ema_ref"":7406.294034897022,""ema_slow"":7443.8953847552575,""hma_order"":""SELL"",""hma_spread_atr"":7.346886174853382}},{""atr"":22.362398932641995,""bar"":{""body_fraction"":0.18,""close"":7526.0,""close_position"":0.3,""direction"":""DOWN"",""high"":7543.5,""low"":7518.5,""lower_wick_fraction"":0.3,""move_atr"":-0.20123064674565977,""move_points"":-4.5,""open"":7530.5,""snapshot_time"":""2026-08-03T12:57:00+05:30"",""upper_wick_fraction"":0.52,""volume"":5071.0},""close"":7526.0,""trend"":{""ema_ref"":7407.485139027401,""ema_slow"":7445.5212187205,""hma_order"":""SELL"",""hma_spread_atr"":7.100885384741427}},{""atr"":22.550799008881853,""bar"":{""body_fraction"":0.09090909090909093,""close"":7519.0,""close_position"":0.8181818181818182,""direction"":""UP"",""high"":7523.0,""low"":7501.0,""lower_wick_fraction"":0.7272727272727273,""move_atr"":0.08868865352452836,""move_points"":2.0,""open"":7517.0,""snapshot_time"":""2026-08-03T13:00:00+05:30"",""upper_wick_fraction"":0.18181818181818185,""volume"":7452.0},""close"":7519.0,""trend"":{""ema_ref"":7408.594739634094,""ema_slow"":7446.976244092371,""hma_order"":""SELL"",""hma_spread_atr"":6.825414981376083}},{""atr"":21.69002765110458,""bar"":{""body_fraction"":0.14285714285714285,""close"":7517.5,""close_position"":0.7142857142857143,""direction"":""DOWN"",""high"":7520.5,""low"":7510.0,""lower_wick_fraction"":0.7142857142857143,""move_atr"":-0.06915620506014485,""move_points"":-1.5,""open"":7519.0,""snapshot_time"":""2026-08-03T13:03:00+05:30"",""upper_wick_fraction"":0.14285714285714285,""volume"":2740.0},""close"":7517.5,""trend"":{""ema_ref"":7409.678374065596,""ema_slow"":7448.372754110344,""hma_order"":""SELL"",""hma_spread_atr"":6.842165862689831}},{""atr"":20.71216853316854,""bar"":{""body_fraction"":0.0,""close"":7519.5,""close_position"":0.9375,""direction"":""NEUTRAL"",""high"":7520.0,""low"":7512.0,""lower_wick_fraction"":0.9375,""move_atr"":0.0,""move_points"":0.0,""open"":7519.5,""snapshot_time"":""2026-08-03T13:06:00+05:30"",""upper_wick_fraction"":0.0625,""volume"":1613.0},""close"":7519.5,""trend"":{""ema_ref"":7410.771126562456,""ema_slow"":7449.781214424989,""hma_order"":""SELL"",""hma_spread_atr"":6.880412727056889}},{""atr"":20.375585066513644,""bar"":{""body_fraction"":1.0,""close"":7503.5,""close_position"":0.0,""direction"":""DOWN"",""high"":7519.5,""low"":7503.5,""lower_wick_fraction"":0.0,""move_atr"":-0.7852535251267596,""move_points"":-16.0,""open"":7519.5,""snapshot_time"":""2026-08-03T13:09:00+05:30"",""upper_wick_fraction"":0.0,""volume"":4206.0},""close"":7503.5,""trend"":{""ema_ref"":7411.693801920043,""ema_slow"":7450.844952753208,""hma_order"":""SELL"",""hma_spread_atr"":6.675016813863992}},{""atr"":19.527328990334095,""bar"":{""body_fraction"":0.17647058823529413,""close"":7502.0,""close_position"":0.2352941176470588,""direction"":""DOWN"",""high"":7508.5,""low"":7500.0,""lower_wick_fraction"":0.2352941176470588,""move_atr"":-0.0768154211332482,""move_points"":-1.5,""open"":7503.5,""snapshot_time"":""2026-08-03T13:12:00+05:30"",""upper_wick_fraction"":0.5882352941176471,""volume"":2672.0},""close"":7502.0,""trend"":{""ema_ref"":7412.592371055168,""ema_slow"":7451.857923985817,""hma_order"":""SELL"",""hma_spread_atr"":6.606012375761779}},{""atr"":20.52537691959595,""bar"":{""body_fraction"":0.4626865671641791,""close"":7517.5,""close_position"":0.746268656716418,""direction"":""UP"",""high"":7526.0,""low"":7492.5,""lower_wick_fraction"":0.2835820895522388,""move_atr"":0.755162746132173,""move_points"":15.5,""open"":7502.0,""snapshot_time"":""2026-08-03T13:15:00+05:30"",""upper_wick_fraction"":0.2537313432835821,""volume"":10055.0},""close"":7517.5,""trend"":{""ema_ref"":7413.636228059594,""ema_slow"":7453.157767075207,""hma_order"":""SELL"",""hma_spread_atr"":5.940177061074319}},{""atr"":19.59499285391052,""bar"":{""body_fraction"":0.2,""close"":7519.0,""close_position"":0.5333333333333333,""direction"":""UP"",""high"":7522.5,""low"":7515.0,""lower_wick_fraction"":0.3333333333333333,""move_atr"":0.07655016825896156,""move_points"":1.5,""open"":7517.5,""snapshot_time"":""2026-08-03T13:18:00+05:30"",""upper_wick_fraction"":0.4666666666666667,""volume"":1867.0},""close"":7519.0,""trend"":{""ema_ref"":7414.684623800295,""ema_slow"":7454.461573667777,""hma_order"":""SELL"",""hma_spread_atr"":5.860919301696179}},{""atr"":18.94535050720263,""bar"":{""body_fraction"":0.7619047619047619,""close"":7511.0,""close_position"":0.1904761904761905,""direction"":""DOWN"",""high"":7519.5,""low"":7509.0,""lower_wick_fraction"":0.1904761904761905,""move_atr"":-0.4222671941043564,""move_points"":-8.0,""open"":7519.0,""snapshot_time"":""2026-08-03T13:21:00+05:30"",""upper_wick_fraction"":0.047619047619047616,""volume"":1875.0},""close"":7511.0,""trend"":{""ema_ref"":7415.642985752532,""ema_slow"":7455.581146466435,""hma_order"":""SELL"",""hma_spread_atr"":5.678418708406215}},{""atr"":18.449254042402444,""bar"":{""body_fraction"":0.3333333333333333,""close"":7507.0,""close_position"":0.5,""direction"":""DOWN"",""high"":7513.0,""low"":7501.0,""lower_wick_fraction"":0.5,""move_atr"":-0.21681093397091755,""move_points"":-4.0,""open"":7511.0,""snapshot_time"":""2026-08-03T13:24:00+05:30"",""upper_wick_fraction"":0.16666666666666666,""volume"":3365.0},""close"":7507.0,""trend"":{""ema_ref"":7416.55201076992,""ema_slow"":7456.599341585912,""hma_order"":""SELL"",""hma_spread_atr"":5.710404671364048}}],""last_observation_hash"":""cd13144522a6a1633d38bc000531808981426be2f4bb3f832298396c574cea56"",""last_snapshot_time"":""2026-08-03T13:24:00+05:30"",""observation"":{""compression_box_high"":7513.0,""compression_box_low"":7501.0,""compression_candidate_bars"":1,""current_state"":""ORDERLY_DOWNTREND"",""established_side"":""DOWN"",""exhaustion_active"":true,""exhaustion_age_bars"":3,""exhaustion_clear_bars"":0,""exhaustion_last_seen_at"":""2026-08-03T13:24:00+05:30"",""exhaustion_side"":""DOWN"",""exhaustion_started_at"":""2026-08-03T13:18:00+05:30"",""failure_breach_bars"":0,""last_close"":7507.0,""last_reason_codes"":[""ESTABLISHED_DIRECTIONAL_CONTEXT_RETAINED"",""OBSERVATION_PROPOSAL_MATCHED_CURRENT"",""OBSERVATION_STATE_ORDERLY_DOWNTREND""],""last_snapshot_time"":""2026-08-03T13:24:00+05:30"",""leg_age_bars"":10,""leg_anchor_price"":7543.5,""leg_anchor_time"":""2026-08-03T12:57:00+05:30"",""leg_extreme_price"":7492.5,""leg_maturity_consumed"":false,""leg_maturity_extreme_price"":null,""leg_maturity_onset_time"":null,""leg_no_progress_bars"":3,""observation_count"":84,""pending_bars"":0,""pending_state"":null,""protection_level"":7543.5,""protection_source"":""INITIAL_DIRECTIONAL_ANCHOR"",""protection_time"":""2026-08-03T12:57:00+05:30"",""pullback_age_bars"":0,""pullback_candidate_bars"":0,""pullback_extreme_price"":null,""reacceleration_age_bars"":2,""recompression_age_bars"":0,""reversal_confirmation_bars"":0,""reversal_side"":""DOWN"",""state_age_bars"":7,""trading_day"":""2026-08-03"",""trend_anchor_price"":7543.5,""trend_candidate_bars"":3,""trend_candidate_side"":""DOWN"",""trend_extreme_price"":7492.5,""trend_failure_age_bars"":0,""trend_onset_time"":""2026-08-03T12:57:00+05:30""},""symbol"":""ABB"",""trading_day"":""2026-08-03""}"
restoration-v3-current-day,development,restoration-trend-control-v3,backtest-default,OK,,,,ABB,2026-08-03,2026-08-03T13:27:00+05:30,2026-08-03T13:24:00+05:30,SNAPSHOT_AUCTION_AUTHORITY_V3A,3m,True,True,7505.0,2026-08-03T13:27:00,7507.0,7508.5,7502.5,7505.0,2136.0,17.56002161080227,BALANCE_QUALIFIED,SELL,dynamic_balance_stable_across_historical_cutoffs,RANGE_ACCEPTED,DYNAMIC:2026-08-03T13:00:00+05:30:2026-08-03T13:18:00+05:30,7492.5,7526.0,3,ok,DOWN_SLOWING,-0.17084261434818007,-0.17796105661268757,OK,INCREMENTAL_PREVIOUS_SNAPSHOT,AUTOTRADES_AUCTION_ENGINE,1.1.0,,,ORDERLY_DOWNTREND,DOWN,DOWN,True,True,True,DOWN,False,False,False,7543.5,INITIAL_DIRECTIONAL_ANCHOR,2026-08-03T12:57:00+05:30,DYNAMIC:2026-08-03T13:00:00+05:30:2026-08-03T13:18:00+05:30,7492.5,7526.0,True,0.373134328358209,0.29896907216494845,PRICE_ACTION,0.7961904761904762,CURRENT_DIRECTIONAL_LEG_MATURED|AWAITING_2_BAR_CONFIRMATION_FOR_MATURE_EXTENSION|OBSERVATION_STATE_ORDERLY_DOWNTREND|OBJECTIVE_ACCEPTED_RANGE_GEOMETRY_PRESENT|OBJECTIVE_TREND_PROTECTION_GEOMETRY_PRESENT,DIR:ABB:2026-08-03:005:DOWN:124500,REVERSAL_WATCH,REVERSAL_WATCH,DOWN,REVERSAL_EVENT_HANDOFF,DIR:ABB:2026-08-03:004:UP:120000,DIR:ABB:2026-08-03:004:UP:120000:DIRECTIONAL_REVERSAL_CONFIRMED:124500,2026-08-03T12:45:00+05:30,2026-08-03T13:21:00+05:30,3,7549.0,7492.5,2026-08-03T13:15:00+05:30,7543.5,INITIAL_DIRECTIONAL_ANCHOR,7513.0,OBSERVATION_REJECTION_OR_FAILED_EXTREME:BAR_HIGH,2026-08-03T13:24:00+05:30,2,0.7228718537710966,0,True,REVERSAL_WATCH_RETAINED,5,UNKNOWN,0,3,0,0,0,ORDERLY_DOWNTREND,2026-08-03T13:27:00+05:30,REVERSAL_WATCH_RETAINED,BAL:ABB:2026-08-03:005:NEUTRAL:132100,FORMING,FORMING,3,,7492.5,7526.0,,,UNKNOWN,0,0,0,0,False,False,BALANCE_SOURCE_RANGE_RETAINED|BALANCE_BAR_CONTAINED_IN_CANDIDATE|BALANCE_CONTAINMENT_PROGRESS|BALANCE_FORMING_RETAINED,0,,,,,,0,,,,,MATCH,MATCH,MATCH,MATCH,False,0,False,False,False,True,,COHERENT,[],[],"{""accepted_range_breakout_eligible"":true,""accepted_range_established_at"":""2026-08-03T13:18:00+05:30"",""accepted_range_high"":7526.0,""accepted_range_id"":""DYNAMIC:2026-08-03T13:00:00+05:30:2026-08-03T13:18:00+05:30"",""accepted_range_inside"":true,""accepted_range_low"":7492.5,""accepted_range_outside_atr"":0.0,""accepted_range_position"":0.373134328358209,""accepted_range_provisional"":false,""atr"":17.56002161080227,""close"":7505.0,""current_leg_mature"":true,""directional_bias"":""DOWN"",""directional_efficiency"":0.29896907216494845,""directional_efficiency_source"":""PRICE_ACTION"",""exhausted_side"":""DOWN"",""exhaustion_active"":true,""extension_mature"":true,""failed_extreme_observed"":false,""high"":7508.5,""low"":7502.5,""observation_state"":""ORDERLY_DOWNTREND"",""overlap_ratio"":0.7961904761904762,""range_width_atr"":1.9077425268880108,""rejection_observed"":false,""snapshot_time"":""2026-08-03T13:27:00+05:30"",""source_reason_codes"":[""CURRENT_DIRECTIONAL_LEG_MATURED"",""AWAITING_2_BAR_CONFIRMATION_FOR_MATURE_EXTENSION"",""OBSERVATION_STATE_ORDERLY_DOWNTREND"",""OBJECTIVE_ACCEPTED_RANGE_GEOMETRY_PRESENT"",""OBJECTIVE_TREND_PROTECTION_GEOMETRY_PRESENT""],""structural_failure_confirmed"":false,""symbol"":""ABB"",""trading_day"":""2026-08-03"",""trend_direction"":""DOWN"",""trend_protection_level"":7543.5,""trend_protection_source"":""INITIAL_DIRECTIONAL_ANCHOR"",""trend_protection_time"":""2026-08-03T12:57:00+05:30""}","{""continuation_failure_seen"":true,""continuation_failure_time"":""2026-08-03T13:24:00+05:30"",""current_state"":""REVERSAL_WATCH"",""direction"":""DOWN"",""episode_id"":""DIR:ABB:2026-08-03:005:DOWN:124500"",""extreme_price"":7492.5,""extreme_time"":""2026-08-03T13:15:00+05:30"",""first_adverse_bar_close"":7507.0,""first_adverse_bar_level"":7513.0,""first_adverse_bar_time"":""2026-08-03T13:24:00+05:30"",""origin_event_id"":""DIR:ABB:2026-08-03:004:UP:120000:DIRECTIONAL_REVERSAL_CONFIRMED:124500"",""origin_price"":7549.0,""origin_source"":""REVERSAL_EVENT_HANDOFF"",""parent_episode_id"":""DIR:ABB:2026-08-03:004:UP:120000"",""previous_state"":""REVERSAL_WATCH"",""protection_level"":7543.5,""protection_source"":""INITIAL_DIRECTIONAL_ANCHOR"",""reason_codes"":[""REVERSAL_WATCH_RETAINED""],""rejection_seen"":true,""reversal_confirmation_breach_closes"":0,""reversal_confirmation_level"":7513.0,""reversal_confirmation_level_time"":""2026-08-03T13:24:00+05:30"",""reversal_confirmation_source"":""OBSERVATION_REJECTION_OR_FAILED_EXTREME:BAR_HIGH"",""reversal_leg_failure_closes"":0,""reversal_leg_progress_atr"":0.7228718537710966,""reversal_leg_progress_bars"":2,""started_at"":""2026-08-03T12:45:00+05:30"",""state_age_bars"":3,""state_started_at"":""2026-08-03T13:21:00+05:30""}","{""attempt_limit_reached"":false,""candidate_bar_expansion_count"":0,""candidate_high"":7526.0,""candidate_last_valid_at"":""2026-08-03T13:27:00+05:30"",""candidate_low"":7492.5,""candidate_merge_count"":0,""containment_bars"":3,""containment_ratio"":1.0,""current_state"":""FORMING"",""down_escape_attempt_count"":0,""episode_id"":""BAL:ABB:2026-08-03:005:NEUTRAL:132100"",""escape_attempt_count"":0,""escape_direction"":""UNKNOWN"",""failed_escape_count"":0,""forming_bars_observed"":3,""forming_invalid_bars"":0,""frozen_high"":null,""frozen_low"":null,""last_escape_direction"":""UNKNOWN"",""last_escape_failed_at"":null,""last_escape_started_at"":null,""marginal_excursion_bars"":0,""meaningful_escape_bars"":0,""outside_close_count"":0,""previous_state"":""FORMING"",""range_id"":null,""rearm_bars_elapsed"":0,""rearm_inside_close_count"":0,""rearm_required"":false,""reason_codes"":[""BALANCE_SOURCE_RANGE_RETAINED"",""BALANCE_BAR_CONTAINED_IN_CANDIDATE"",""BALANCE_CONTAINMENT_PROGRESS"",""BALANCE_FORMING_RETAINED""],""reentry_close_count"":0,""source_range_ids"":[""DYNAMIC:2026-08-03T13:00:00+05:30:2026-08-03T13:18:00+05:30""],""started_at"":""2026-08-03T13:21:00+05:30"",""state_age_bars"":3,""state_started_at"":""2026-08-03T13:21:00+05:30"",""up_escape_attempt_count"":0}","{""balance_attempt_limit_reached"":false,""balance_candidate_bar_expansion_count"":0,""balance_candidate_merge_count"":0,""balance_containment_ratio"":1.0,""balance_down_escape_attempt_count"":0,""balance_escape_attempt_count"":0,""balance_failed_escape_count"":0,""balance_forming_bars_observed"":3,""balance_forming_invalid_bars"":0,""balance_last_escape_direction"":""UNKNOWN"",""balance_last_escape_failed_at"":null,""balance_last_escape_started_at"":null,""balance_marginal_excursion_bars"":0,""balance_meaningful_escape_bars"":0,""balance_rearm_bars_elapsed"":0,""balance_rearm_inside_close_count"":0,""balance_rearm_required"":false,""balance_up_escape_attempt_count"":0,""directional_origin_event_id"":""DIR:ABB:2026-08-03:004:UP:120000:DIRECTIONAL_REVERSAL_CONFIRMED:124500"",""directional_origin_source"":""REVERSAL_EVENT_HANDOFF"",""directional_parent_episode_id"":""DIR:ABB:2026-08-03:004:UP:120000"",""directional_reversal_watch_age_bars"":3,""directional_start_candidate_bars"":0,""directional_start_candidate_side"":""UNKNOWN"",""observation_accepted_range_id"":""DYNAMIC:2026-08-03T13:00:00+05:30:2026-08-03T13:18:00+05:30"",""observation_current_leg_mature"":true,""observation_directional_bias"":""DOWN"",""observation_exhaustion_active"":true,""observation_state"":""ORDERLY_DOWNTREND""}","{""balance"":{""attempt_limit_reached"":false,""candidate_bar_expansion_count"":0,""candidate_high"":7526.0,""candidate_last_valid_at"":""2026-08-03T13:27:00+05:30"",""candidate_low"":7492.5,""candidate_merge_count"":0,""containment_bars"":3,""down_escape_attempt_count"":0,""emitted_event_ids"":[""BAL:ABB:2026-08-03:001:NEUTRAL:100600:BALANCE_COMPLETED:105400"",""BAL:ABB:2026-08-03:001:NEUTRAL:100600:BALANCE_ESCAPE_ACCEPTED:105100"",""BAL:ABB:2026-08-03:001:NEUTRAL:100600:BALANCE_ESCAPE_STARTED:104800"",""BAL:ABB:2026-08-03:001:NEUTRAL:100600:BALANCE_FORMING_STARTED:100600"",""BAL:ABB:2026-08-03:001:NEUTRAL:100600:BALANCE_LOCKED:102700"",""BAL:ABB:2026-08-03:001:NEUTRAL:100600:BALANCE_PROBABLE:101800"",""BAL:ABB:2026-08-03:002:NEUTRAL:112100:BALANCE_COMPLETED:113000"",""BAL:ABB:2026-08-03:002:NEUTRAL:112100:BALANCE_FORMING_STARTED:112100"",""BAL:ABB:2026-08-03:003:NEUTRAL:114800:BALANCE_COMPLETED:115400"",""BAL:ABB:2026-08-03:003:NEUTRAL:114800:BALANCE_FORMING_STARTED:114800"",""BAL:ABB:2026-08-03:004:NEUTRAL:122400:BALANCE_COMPLETED:125400"",""BAL:ABB:2026-08-03:004:NEUTRAL:122400:BALANCE_ESCAPE_ACCEPTED:125100"",""BAL:ABB:2026-08-03:004:NEUTRAL:122400:BALANCE_ESCAPE_STARTED:124800"",""BAL:ABB:2026-08-03:004:NEUTRAL:122400:BALANCE_FORMING_STARTED:122400"",""BAL:ABB:2026-08-03:004:NEUTRAL:122400:BALANCE_LOCKED:124500"",""BAL:ABB:2026-08-03:004:NEUTRAL:122400:BALANCE_PROBABLE:123600"",""BAL:ABB:2026-08-03:005:NEUTRAL:132100:BALANCE_FORMING_STARTED:132100""],""episode_id"":""BAL:ABB:2026-08-03:005:NEUTRAL:132100"",""escape_attempt_count"":0,""escape_direction"":""UNKNOWN"",""failed_escape_count"":0,""forming_bars_observed"":3,""forming_invalid_bars"":0,""frozen_high"":null,""frozen_low"":null,""last_escape_direction"":""UNKNOWN"",""last_escape_failed_at"":null,""last_escape_started_at"":null,""last_reason_codes"":[""BALANCE_SOURCE_RANGE_RETAINED"",""BALANCE_BAR_CONTAINED_IN_CANDIDATE"",""BALANCE_CONTAINMENT_PROGRESS"",""BALANCE_FORMING_RETAINED""],""marginal_excursion_bars"":0,""meaningful_escape_bars"":0,""outside_close_count"":0,""range_id"":null,""rearm_bars_elapsed"":0,""rearm_inside_close_count"":0,""rearm_required"":false,""reentry_close_count"":0,""sequence"":5,""source_range_ids"":[""DYNAMIC:2026-08-03T13:00:00+05:30:2026-08-03T13:18:00+05:30""],""started_at"":""2026-08-03T13:21:00+05:30"",""state"":""FORMING"",""state_age_bars"":3,""state_started_at"":""2026-08-03T13:21:00+05:30"",""up_escape_attempt_count"":0},""directional"":{""continuation_failure_progress_bars"":1,""continuation_failure_seen"":true,""continuation_failure_seen_at"":""2026-08-03T13:24:00+05:30"",""direction"":""DOWN"",""emitted_event_ids"":[""DIR:ABB:2026-08-03:001:DOWN:101500:DIRECTIONAL_COMPLETED:105100"",""DIR:ABB:2026-08-03:001:DOWN:101500:DIRECTIONAL_STARTED:101500"",""DIR:ABB:2026-08-03:002:UP:110000:DIRECTIONAL_COMPLETED:113900"",""DIR:ABB:2026-08-03:002:UP:110000:DIRECTIONAL_MATURED:110300"",""DIR:ABB:2026-08-03:002:UP:110000:DIRECTIONAL_REVERSAL_CONFIRMED:113900"",""DIR:ABB:2026-08-03:002:UP:110000:DIRECTIONAL_STARTED:110000"",""DIR:ABB:2026-08-03:002:UP:110000:REVERSAL_WATCH_STARTED:110600"",""DIR:ABB:2026-08-03:003:DOWN:113900:DIRECTIONAL_COMPLETED:115400"",""DIR:ABB:2026-08-03:003:DOWN:113900:DIRECTIONAL_REVERSAL_LEG_FAILED:115400"",""DIR:ABB:2026-08-03:003:DOWN:113900:DIRECTIONAL_REVERSAL_LEG_STARTED:113900"",""DIR:ABB:2026-08-03:004:UP:120000:DIRECTIONAL_COMPLETED:124500"",""DIR:ABB:2026-08-03:004:UP:120000:DIRECTIONAL_CONTINUATION_CONFIRMED:123300"",""DIR:ABB:2026-08-03:004:UP:120000:DIRECTIONAL_MATURED:120300"",""DIR:ABB:2026-08-03:004:UP:120000:DIRECTIONAL_MATURED:123900"",""DIR:ABB:2026-08-03:004:UP:120000:DIRECTIONAL_REVERSAL_CONFIRMED:124500"",""DIR:ABB:2026-08-03:004:UP:120000:DIRECTIONAL_STARTED:120000"",""DIR:ABB:2026-08-03:004:UP:120000:DIRECTIONAL_TREND_RESTORED:122100"",""DIR:ABB:2026-08-03:004:UP:120000:REVERSAL_WATCH_STARTED:120600"",""DIR:ABB:2026-08-03:004:UP:120000:REVERSAL_WATCH_STARTED:124200"",""DIR:ABB:2026-08-03:005:DOWN:124500:DIRECTIONAL_MATURED:125700"",""DIR:ABB:2026-08-03:005:DOWN:124500:DIRECTIONAL_MATURED:131800"",""DIR:ABB:2026-08-03:005:DOWN:124500:DIRECTIONAL_REVERSAL_LEG_ESTABLISHED:125100"",""DIR:ABB:2026-08-03:005:DOWN:124500:DIRECTIONAL_REVERSAL_LEG_STARTED:124500"",""DIR:ABB:2026-08-03:005:DOWN:124500:DIRECTIONAL_TREND_RESTORED:131500"",""DIR:ABB:2026-08-03:005:DOWN:124500:REVERSAL_WATCH_STARTED:130000"",""DIR:ABB:2026-08-03:005:DOWN:124500:REVERSAL_WATCH_STARTED:132100""],""episode_id"":""DIR:ABB:2026-08-03:005:DOWN:124500"",""extreme_price"":7492.5,""extreme_time"":""2026-08-03T13:15:00+05:30"",""first_adverse_bar_close"":7507.0,""first_adverse_bar_level"":7513.0,""first_adverse_bar_time"":""2026-08-03T13:24:00+05:30"",""inactive_bars"":0,""last_close"":7505.0,""last_observation_state"":""ORDERLY_DOWNTREND"",""last_observation_state_time"":""2026-08-03T13:27:00+05:30"",""last_reason_codes"":[""REVERSAL_WATCH_RETAINED""],""opposite_control_bars"":0,""origin_event_id"":""DIR:ABB:2026-08-03:004:UP:120000:DIRECTIONAL_REVERSAL_CONFIRMED:124500"",""origin_price"":7549.0,""origin_source"":""REVERSAL_EVENT_HANDOFF"",""parent_episode_id"":""DIR:ABB:2026-08-03:004:UP:120000"",""protection_level"":7543.5,""protection_source"":""INITIAL_DIRECTIONAL_ANCHOR"",""protection_time"":""2026-08-03T12:57:00+05:30"",""rejection_seen"":true,""rejection_seen_at"":""2026-08-03T13:24:00+05:30"",""reversal_confirmation_breach_closes"":0,""reversal_confirmation_level"":7513.0,""reversal_confirmation_level_time"":""2026-08-03T13:24:00+05:30"",""reversal_confirmation_source"":""OBSERVATION_REJECTION_OR_FAILED_EXTREME:BAR_HIGH"",""reversal_leg_failure_closes"":0,""reversal_leg_progress_atr"":0.7228718537710966,""reversal_leg_progress_bars"":2,""reversal_watch_age_bars"":3,""sequence"":5,""start_candidate_bars"":0,""start_candidate_side"":""UNKNOWN"",""started_at"":""2026-08-03T12:45:00+05:30"",""state"":""REVERSAL_WATCH"",""state_age_bars"":3,""state_started_at"":""2026-08-03T13:21:00+05:30"",""trend_restore_bars"":0},""evidence_history"":[{""atr"":22.159506542845225,""bar"":{""body_fraction"":0.14814814814814814,""close"":7530.5,""close_position"":0.48148148148148145,""direction"":""DOWN"",""high"":7537.5,""low"":7524.0,""lower_wick_fraction"":0.48148148148148145,""move_atr"":-0.09025471736624714,""move_points"":-2.0,""open"":7532.5,""snapshot_time"":""2026-08-03T12:54:00+05:30"",""upper_wick_fraction"":0.3703703703703703,""volume"":3645.0},""close"":7530.5,""trend"":{""ema_ref"":7406.294034897022,""ema_slow"":7443.8953847552575,""hma_order"":""SELL"",""hma_spread_atr"":7.346886174853382}},{""atr"":22.362398932641995,""bar"":{""body_fraction"":0.18,""close"":7526.0,""close_position"":0.3,""direction"":""DOWN"",""high"":7543.5,""low"":7518.5,""lower_wick_fraction"":0.3,""move_atr"":-0.20123064674565977,""move_points"":-4.5,""open"":7530.5,""snapshot_time"":""2026-08-03T12:57:00+05:30"",""upper_wick_fraction"":0.52,""volume"":5071.0},""close"":7526.0,""trend"":{""ema_ref"":7407.485139027401,""ema_slow"":7445.5212187205,""hma_order"":""SELL"",""hma_spread_atr"":7.100885384741427}},{""atr"":22.550799008881853,""bar"":{""body_fraction"":0.09090909090909093,""close"":7519.0,""close_position"":0.8181818181818182,""direction"":""UP"",""high"":7523.0,""low"":7501.0,""lower_wick_fraction"":0.7272727272727273,""move_atr"":0.08868865352452836,""move_points"":2.0,""open"":7517.0,""snapshot_time"":""2026-08-03T13:00:00+05:30"",""upper_wick_fraction"":0.18181818181818185,""volume"":7452.0},""close"":7519.0,""trend"":{""ema_ref"":7408.594739634094,""ema_slow"":7446.976244092371,""hma_order"":""SELL"",""hma_spread_atr"":6.825414981376083}},{""atr"":21.69002765110458,""bar"":{""body_fraction"":0.14285714285714285,""close"":7517.5,""close_position"":0.7142857142857143,""direction"":""DOWN"",""high"":7520.5,""low"":7510.0,""lower_wick_fraction"":0.7142857142857143,""move_atr"":-0.06915620506014485,""move_points"":-1.5,""open"":7519.0,""snapshot_time"":""2026-08-03T13:03:00+05:30"",""upper_wick_fraction"":0.14285714285714285,""volume"":2740.0},""close"":7517.5,""trend"":{""ema_ref"":7409.678374065596,""ema_slow"":7448.372754110344,""hma_order"":""SELL"",""hma_spread_atr"":6.842165862689831}},{""atr"":20.71216853316854,""bar"":{""body_fraction"":0.0,""close"":7519.5,""close_position"":0.9375,""direction"":""NEUTRAL"",""high"":7520.0,""low"":7512.0,""lower_wick_fraction"":0.9375,""move_atr"":0.0,""move_points"":0.0,""open"":7519.5,""snapshot_time"":""2026-08-03T13:06:00+05:30"",""upper_wick_fraction"":0.0625,""volume"":1613.0},""close"":7519.5,""trend"":{""ema_ref"":7410.771126562456,""ema_slow"":7449.781214424989,""hma_order"":""SELL"",""hma_spread_atr"":6.880412727056889}},{""atr"":20.375585066513644,""bar"":{""body_fraction"":1.0,""close"":7503.5,""close_position"":0.0,""direction"":""DOWN"",""high"":7519.5,""low"":7503.5,""lower_wick_fraction"":0.0,""move_atr"":-0.7852535251267596,""move_points"":-16.0,""open"":7519.5,""snapshot_time"":""2026-08-03T13:09:00+05:30"",""upper_wick_fraction"":0.0,""volume"":4206.0},""close"":7503.5,""trend"":{""ema_ref"":7411.693801920043,""ema_slow"":7450.844952753208,""hma_order"":""SELL"",""hma_spread_atr"":6.675016813863992}},{""atr"":19.527328990334095,""bar"":{""body_fraction"":0.17647058823529413,""close"":7502.0,""close_position"":0.2352941176470588,""direction"":""DOWN"",""high"":7508.5,""low"":7500.0,""lower_wick_fraction"":0.2352941176470588,""move_atr"":-0.0768154211332482,""move_points"":-1.5,""open"":7503.5,""snapshot_time"":""2026-08-03T13:12:00+05:30"",""upper_wick_fraction"":0.5882352941176471,""volume"":2672.0},""close"":7502.0,""trend"":{""ema_ref"":7412.592371055168,""ema_slow"":7451.857923985817,""hma_order"":""SELL"",""hma_spread_atr"":6.606012375761779}},{""atr"":20.52537691959595,""bar"":{""body_fraction"":0.4626865671641791,""close"":7517.5,""close_position"":0.746268656716418,""direction"":""UP"",""high"":7526.0,""low"":7492.5,""lower_wick_fraction"":0.2835820895522388,""move_atr"":0.755162746132173,""move_points"":15.5,""open"":7502.0,""snapshot_time"":""2026-08-03T13:15:00+05:30"",""upper_wick_fraction"":0.2537313432835821,""volume"":10055.0},""close"":7517.5,""trend"":{""ema_ref"":7413.636228059594,""ema_slow"":7453.157767075207,""hma_order"":""SELL"",""hma_spread_atr"":5.940177061074319}},{""atr"":19.59499285391052,""bar"":{""body_fraction"":0.2,""close"":7519.0,""close_position"":0.5333333333333333,""direction"":""UP"",""high"":7522.5,""low"":7515.0,""lower_wick_fraction"":0.3333333333333333,""move_atr"":0.07655016825896156,""move_points"":1.5,""open"":7517.5,""snapshot_time"":""2026-08-03T13:18:00+05:30"",""upper_wick_fraction"":0.4666666666666667,""volume"":1867.0},""close"":7519.0,""trend"":{""ema_ref"":7414.684623800295,""ema_slow"":7454.461573667777,""hma_order"":""SELL"",""hma_spread_atr"":5.860919301696179}},{""atr"":18.94535050720263,""bar"":{""body_fraction"":0.7619047619047619,""close"":7511.0,""close_position"":0.1904761904761905,""direction"":""DOWN"",""high"":7519.5,""low"":7509.0,""lower_wick_fraction"":0.1904761904761905,""move_atr"":-0.4222671941043564,""move_points"":-8.0,""open"":7519.0,""snapshot_time"":""2026-08-03T13:21:00+05:30"",""upper_wick_fraction"":0.047619047619047616,""volume"":1875.0},""close"":7511.0,""trend"":{""ema_ref"":7415.642985752532,""ema_slow"":7455.581146466435,""hma_order"":""SELL"",""hma_spread_atr"":5.678418708406215}},{""atr"":18.449254042402444,""bar"":{""body_fraction"":0.3333333333333333,""close"":7507.0,""close_position"":0.5,""direction"":""DOWN"",""high"":7513.0,""low"":7501.0,""lower_wick_fraction"":0.5,""move_atr"":-0.21681093397091755,""move_points"":-4.0,""open"":7511.0,""snapshot_time"":""2026-08-03T13:24:00+05:30"",""upper_wick_fraction"":0.16666666666666666,""volume"":3365.0},""close"":7507.0,""trend"":{""ema_ref"":7416.55201076992,""ema_slow"":7456.599341585912,""hma_order"":""SELL"",""hma_spread_atr"":5.710404671364048}},{""atr"":17.56002161080227,""bar"":{""body_fraction"":0.3333333333333333,""close"":7505.0,""close_position"":0.4166666666666667,""direction"":""DOWN"",""high"":7508.5,""low"":7502.5,""lower_wick_fraction"":0.4166666666666667,""move_atr"":-0.11389507623212004,""move_points"":-2.0,""open"":7507.0,""snapshot_time"":""2026-08-03T13:27:00+05:30"",""upper_wick_fraction"":0.25,""volume"":2136.0},""close"":7505.0,""trend"":{""ema_ref"":7417.432090264747,""ema_slow"":7457.557770465399,""hma_order"":""SELL"",""hma_spread_atr"":5.941966312699527}}],""last_observation_hash"":""1b289f819cf7f9da0de09f20dd926a3c8613f96d9f7898c411a5406758910d22"",""last_snapshot_time"":""2026-08-03T13:27:00+05:30"",""observation"":{""compression_box_high"":7513.0,""compression_box_low"":7501.0,""compression_candidate_bars"":2,""current_state"":""ORDERLY_DOWNTREND"",""established_side"":""DOWN"",""exhaustion_active"":true,""exhaustion_age_bars"":4,""exhaustion_clear_bars"":0,""exhaustion_last_seen_at"":""2026-08-03T13:27:00+05:30"",""exhaustion_side"":""DOWN"",""exhaustion_started_at"":""2026-08-03T13:18:00+05:30"",""failure_breach_bars"":0,""last_close"":7505.0,""last_reason_codes"":[""CURRENT_DIRECTIONAL_LEG_MATURED"",""AWAITING_2_BAR_CONFIRMATION_FOR_MATURE_EXTENSION"",""OBSERVATION_STATE_ORDERLY_DOWNTREND""],""last_snapshot_time"":""2026-08-03T13:27:00+05:30"",""leg_age_bars"":11,""leg_anchor_price"":7543.5,""leg_anchor_time"":""2026-08-03T12:57:00+05:30"",""leg_extreme_price"":7492.5,""leg_maturity_consumed"":false,""leg_maturity_extreme_price"":null,""leg_maturity_onset_time"":null,""leg_no_progress_bars"":4,""observation_count"":85,""pending_bars"":1,""pending_state"":""MATURE_EXTENSION"",""protection_level"":7543.5,""protection_source"":""INITIAL_DIRECTIONAL_ANCHOR"",""protection_time"":""2026-08-03T12:57:00+05:30"",""pullback_age_bars"":0,""pullback_candidate_bars"":0,""pullback_extreme_price"":null,""reacceleration_age_bars"":2,""recompression_age_bars"":0,""reversal_confirmation_bars"":0,""reversal_side"":""DOWN"",""state_age_bars"":8,""trading_day"":""2026-08-03"",""trend_anchor_price"":7543.5,""trend_candidate_bars"":2,""trend_candidate_side"":""DOWN"",""trend_extreme_price"":7492.5,""trend_failure_age_bars"":0,""trend_onset_time"":""2026-08-03T12:57:00+05:30""},""symbol"":""ABB"",""trading_day"":""2026-08-03""}"
restoration-v3-current-day,development,restoration-trend-control-v3,backtest-default,OK,,,,ABB,2026-08-03,2026-08-03T13:30:00+05:30,2026-08-03T13:27:00+05:30,SNAPSHOT_AUCTION_AUTHORITY_V3A,3m,True,True,7500.0,2026-08-03T13:30:00,7506.0,7509.0,7500.0,7500.0,1937.0,16.948591495744964,BALANCE_QUALIFIED,SELL,dynamic_balance_stable_across_historical_cutoffs,RANGE_ACCEPTED,DYNAMIC:2026-08-03T13:00:00+05:30:2026-08-03T13:18:00+05:30,7492.5,7526.0,4,ok,DOWN_SLOWING,-0.20650683573786613,-0.28025927707281834,OK,INCREMENTAL_PREVIOUS_SNAPSHOT,AUTOTRADES_AUCTION_ENGINE,1.1.0,,,MATURE_EXTENSION,DOWN,DOWN,True,False,True,DOWN,False,False,False,7543.5,INITIAL_DIRECTIONAL_ANCHOR,2026-08-03T12:57:00+05:30,DYNAMIC:2026-08-03T13:00:00+05:30:2026-08-03T13:18:00+05:30,7492.5,7526.0,True,0.22388059701492535,0.09333333333333334,PRICE_ACTION,0.7961904761904762,CURRENT_DIRECTIONAL_LEG_MATURED|OBSERVATION_TRANSITION_CONFIRMED|OBSERVATION_STATE_MATURE_EXTENSION|OBJECTIVE_ACCEPTED_RANGE_GEOMETRY_PRESENT|OBJECTIVE_TREND_PROTECTION_GEOMETRY_PRESENT,DIR:ABB:2026-08-03:005:DOWN:124500,REVERSAL_WATCH,REVERSAL_WATCH,DOWN,REVERSAL_EVENT_HANDOFF,DIR:ABB:2026-08-03:004:UP:120000,DIR:ABB:2026-08-03:004:UP:120000:DIRECTIONAL_REVERSAL_CONFIRMED:124500,2026-08-03T12:45:00+05:30,2026-08-03T13:21:00+05:30,4,7549.0,7492.5,2026-08-03T13:15:00+05:30,7543.5,INITIAL_DIRECTIONAL_ANCHOR,7513.0,OBSERVATION_REJECTION_OR_FAILED_EXTREME:BAR_HIGH,2026-08-03T13:24:00+05:30,2,0.7228718537710966,0,True,REVERSAL_WATCH_RETAINED,5,UNKNOWN,0,4,0,0,0,MATURE_EXTENSION,2026-08-03T13:30:00+05:30,REVERSAL_WATCH_RETAINED,BAL:ABB:2026-08-03:005:NEUTRAL:132100,FORMING,FORMING,4,,7492.5,7526.0,,,UNKNOWN,0,0,0,0,False,False,BALANCE_SOURCE_RANGE_RETAINED|BALANCE_BAR_CONTAINED_IN_CANDIDATE|BALANCE_CONTAINMENT_PROGRESS|BALANCE_FORMING_RETAINED,0,,,,,,0,,,,,MATCH,MATCH,MATCH,MATCH,False,0,False,False,False,True,,COHERENT,[],[],"{""accepted_range_breakout_eligible"":true,""accepted_range_established_at"":""2026-08-03T13:18:00+05:30"",""accepted_range_high"":7526.0,""accepted_range_id"":""DYNAMIC:2026-08-03T13:00:00+05:30:2026-08-03T13:18:00+05:30"",""accepted_range_inside"":true,""accepted_range_low"":7492.5,""accepted_range_outside_atr"":0.0,""accepted_range_position"":0.22388059701492535,""accepted_range_provisional"":false,""atr"":16.948591495744964,""close"":7500.0,""current_leg_mature"":true,""directional_bias"":""DOWN"",""directional_efficiency"":0.09333333333333334,""directional_efficiency_source"":""PRICE_ACTION"",""exhausted_side"":""DOWN"",""exhaustion_active"":true,""extension_mature"":false,""failed_extreme_observed"":false,""high"":7509.0,""low"":7500.0,""observation_state"":""MATURE_EXTENSION"",""overlap_ratio"":0.7961904761904762,""range_width_atr"":1.9765654277767184,""rejection_observed"":false,""snapshot_time"":""2026-08-03T13:30:00+05:30"",""source_reason_codes"":[""CURRENT_DIRECTIONAL_LEG_MATURED"",""OBSERVATION_TRANSITION_CONFIRMED"",""OBSERVATION_STATE_MATURE_EXTENSION"",""OBJECTIVE_ACCEPTED_RANGE_GEOMETRY_PRESENT"",""OBJECTIVE_TREND_PROTECTION_GEOMETRY_PRESENT""],""structural_failure_confirmed"":false,""symbol"":""ABB"",""trading_day"":""2026-08-03"",""trend_direction"":""DOWN"",""trend_protection_level"":7543.5,""trend_protection_source"":""INITIAL_DIRECTIONAL_ANCHOR"",""trend_protection_time"":""2026-08-03T12:57:00+05:30""}","{""continuation_failure_seen"":true,""continuation_failure_time"":""2026-08-03T13:24:00+05:30"",""current_state"":""REVERSAL_WATCH"",""direction"":""DOWN"",""episode_id"":""DIR:ABB:2026-08-03:005:DOWN:124500"",""extreme_price"":7492.5,""extreme_time"":""2026-08-03T13:15:00+05:30"",""first_adverse_bar_close"":7507.0,""first_adverse_bar_level"":7513.0,""first_adverse_bar_time"":""2026-08-03T13:24:00+05:30"",""origin_event_id"":""DIR:ABB:2026-08-03:004:UP:120000:DIRECTIONAL_REVERSAL_CONFIRMED:124500"",""origin_price"":7549.0,""origin_source"":""REVERSAL_EVENT_HANDOFF"",""parent_episode_id"":""DIR:ABB:2026-08-03:004:UP:120000"",""previous_state"":""REVERSAL_WATCH"",""protection_level"":7543.5,""protection_source"":""INITIAL_DIRECTIONAL_ANCHOR"",""reason_codes"":[""REVERSAL_WATCH_RETAINED""],""rejection_seen"":true,""reversal_confirmation_breach_closes"":0,""reversal_confirmation_level"":7513.0,""reversal_confirmation_level_time"":""2026-08-03T13:24:00+05:30"",""reversal_confirmation_source"":""OBSERVATION_REJECTION_OR_FAILED_EXTREME:BAR_HIGH"",""reversal_leg_failure_closes"":0,""reversal_leg_progress_atr"":0.7228718537710966,""reversal_leg_progress_bars"":2,""started_at"":""2026-08-03T12:45:00+05:30"",""state_age_bars"":4,""state_started_at"":""2026-08-03T13:21:00+05:30""}","{""attempt_limit_reached"":false,""candidate_bar_expansion_count"":0,""candidate_high"":7526.0,""candidate_last_valid_at"":""2026-08-03T13:30:00+05:30"",""candidate_low"":7492.5,""candidate_merge_count"":0,""containment_bars"":4,""containment_ratio"":1.0,""current_state"":""FORMING"",""down_escape_attempt_count"":0,""episode_id"":""BAL:ABB:2026-08-03:005:NEUTRAL:132100"",""escape_attempt_count"":0,""escape_direction"":""UNKNOWN"",""failed_escape_count"":0,""forming_bars_observed"":4,""forming_invalid_bars"":0,""frozen_high"":null,""frozen_low"":null,""last_escape_direction"":""UNKNOWN"",""last_escape_failed_at"":null,""last_escape_started_at"":null,""marginal_excursion_bars"":0,""meaningful_escape_bars"":0,""outside_close_count"":0,""previous_state"":""FORMING"",""range_id"":null,""rearm_bars_elapsed"":0,""rearm_inside_close_count"":0,""rearm_required"":false,""reason_codes"":[""BALANCE_SOURCE_RANGE_RETAINED"",""BALANCE_BAR_CONTAINED_IN_CANDIDATE"",""BALANCE_CONTAINMENT_PROGRESS"",""BALANCE_FORMING_RETAINED""],""reentry_close_count"":0,""source_range_ids"":[""DYNAMIC:2026-08-03T13:00:00+05:30:2026-08-03T13:18:00+05:30""],""started_at"":""2026-08-03T13:21:00+05:30"",""state_age_bars"":4,""state_started_at"":""2026-08-03T13:21:00+05:30"",""up_escape_attempt_count"":0}","{""balance_attempt_limit_reached"":false,""balance_candidate_bar_expansion_count"":0,""balance_candidate_merge_count"":0,""balance_containment_ratio"":1.0,""balance_down_escape_attempt_count"":0,""balance_escape_attempt_count"":0,""balance_failed_escape_count"":0,""balance_forming_bars_observed"":4,""balance_forming_invalid_bars"":0,""balance_last_escape_direction"":""UNKNOWN"",""balance_last_escape_failed_at"":null,""balance_last_escape_started_at"":null,""balance_marginal_excursion_bars"":0,""balance_meaningful_escape_bars"":0,""balance_rearm_bars_elapsed"":0,""balance_rearm_inside_close_count"":0,""balance_rearm_required"":false,""balance_up_escape_attempt_count"":0,""directional_origin_event_id"":""DIR:ABB:2026-08-03:004:UP:120000:DIRECTIONAL_REVERSAL_CONFIRMED:124500"",""directional_origin_source"":""REVERSAL_EVENT_HANDOFF"",""directional_parent_episode_id"":""DIR:ABB:2026-08-03:004:UP:120000"",""directional_reversal_watch_age_bars"":4,""directional_start_candidate_bars"":0,""directional_start_candidate_side"":""UNKNOWN"",""observation_accepted_range_id"":""DYNAMIC:2026-08-03T13:00:00+05:30:2026-08-03T13:18:00+05:30"",""observation_current_leg_mature"":true,""observation_directional_bias"":""DOWN"",""observation_exhaustion_active"":true,""observation_state"":""MATURE_EXTENSION""}","{""balance"":{""attempt_limit_reached"":false,""candidate_bar_expansion_count"":0,""candidate_high"":7526.0,""candidate_last_valid_at"":""2026-08-03T13:30:00+05:30"",""candidate_low"":7492.5,""candidate_merge_count"":0,""containment_bars"":4,""down_escape_attempt_count"":0,""emitted_event_ids"":[""BAL:ABB:2026-08-03:001:NEUTRAL:100600:BALANCE_COMPLETED:105400"",""BAL:ABB:2026-08-03:001:NEUTRAL:100600:BALANCE_ESCAPE_ACCEPTED:105100"",""BAL:ABB:2026-08-03:001:NEUTRAL:100600:BALANCE_ESCAPE_STARTED:104800"",""BAL:ABB:2026-08-03:001:NEUTRAL:100600:BALANCE_FORMING_STARTED:100600"",""BAL:ABB:2026-08-03:001:NEUTRAL:100600:BALANCE_LOCKED:102700"",""BAL:ABB:2026-08-03:001:NEUTRAL:100600:BALANCE_PROBABLE:101800"",""BAL:ABB:2026-08-03:002:NEUTRAL:112100:BALANCE_COMPLETED:113000"",""BAL:ABB:2026-08-03:002:NEUTRAL:112100:BALANCE_FORMING_STARTED:112100"",""BAL:ABB:2026-08-03:003:NEUTRAL:114800:BALANCE_COMPLETED:115400"",""BAL:ABB:2026-08-03:003:NEUTRAL:114800:BALANCE_FORMING_STARTED:114800"",""BAL:ABB:2026-08-03:004:NEUTRAL:122400:BALANCE_COMPLETED:125400"",""BAL:ABB:2026-08-03:004:NEUTRAL:122400:BALANCE_ESCAPE_ACCEPTED:125100"",""BAL:ABB:2026-08-03:004:NEUTRAL:122400:BALANCE_ESCAPE_STARTED:124800"",""BAL:ABB:2026-08-03:004:NEUTRAL:122400:BALANCE_FORMING_STARTED:122400"",""BAL:ABB:2026-08-03:004:NEUTRAL:122400:BALANCE_LOCKED:124500"",""BAL:ABB:2026-08-03:004:NEUTRAL:122400:BALANCE_PROBABLE:123600"",""BAL:ABB:2026-08-03:005:NEUTRAL:132100:BALANCE_FORMING_STARTED:132100""],""episode_id"":""BAL:ABB:2026-08-03:005:NEUTRAL:132100"",""escape_attempt_count"":0,""escape_direction"":""UNKNOWN"",""failed_escape_count"":0,""forming_bars_observed"":4,""forming_invalid_bars"":0,""frozen_high"":null,""frozen_low"":null,""last_escape_direction"":""UNKNOWN"",""last_escape_failed_at"":null,""last_escape_started_at"":null,""last_reason_codes"":[""BALANCE_SOURCE_RANGE_RETAINED"",""BALANCE_BAR_CONTAINED_IN_CANDIDATE"",""BALANCE_CONTAINMENT_PROGRESS"",""BALANCE_FORMING_RETAINED""],""marginal_excursion_bars"":0,""meaningful_escape_bars"":0,""outside_close_count"":0,""range_id"":null,""rearm_bars_elapsed"":0,""rearm_inside_close_count"":0,""rearm_required"":false,""reentry_close_count"":0,""sequence"":5,""source_range_ids"":[""DYNAMIC:2026-08-03T13:00:00+05:30:2026-08-03T13:18:00+05:30""],""started_at"":""2026-08-03T13:21:00+05:30"",""state"":""FORMING"",""state_age_bars"":4,""state_started_at"":""2026-08-03T13:21:00+05:30"",""up_escape_attempt_count"":0},""directional"":{""continuation_failure_progress_bars"":1,""continuation_failure_seen"":true,""continuation_failure_seen_at"":""2026-08-03T13:24:00+05:30"",""direction"":""DOWN"",""emitted_event_ids"":[""DIR:ABB:2026-08-03:001:DOWN:101500:DIRECTIONAL_COMPLETED:105100"",""DIR:ABB:2026-08-03:001:DOWN:101500:DIRECTIONAL_STARTED:101500"",""DIR:ABB:2026-08-03:002:UP:110000:DIRECTIONAL_COMPLETED:113900"",""DIR:ABB:2026-08-03:002:UP:110000:DIRECTIONAL_MATURED:110300"",""DIR:ABB:2026-08-03:002:UP:110000:DIRECTIONAL_REVERSAL_CONFIRMED:113900"",""DIR:ABB:2026-08-03:002:UP:110000:DIRECTIONAL_STARTED:110000"",""DIR:ABB:2026-08-03:002:UP:110000:REVERSAL_WATCH_STARTED:110600"",""DIR:ABB:2026-08-03:003:DOWN:113900:DIRECTIONAL_COMPLETED:115400"",""DIR:ABB:2026-08-03:003:DOWN:113900:DIRECTIONAL_REVERSAL_LEG_FAILED:115400"",""DIR:ABB:2026-08-03:003:DOWN:113900:DIRECTIONAL_REVERSAL_LEG_STARTED:113900"",""DIR:ABB:2026-08-03:004:UP:120000:DIRECTIONAL_COMPLETED:124500"",""DIR:ABB:2026-08-03:004:UP:120000:DIRECTIONAL_CONTINUATION_CONFIRMED:123300"",""DIR:ABB:2026-08-03:004:UP:120000:DIRECTIONAL_MATURED:120300"",""DIR:ABB:2026-08-03:004:UP:120000:DIRECTIONAL_MATURED:123900"",""DIR:ABB:2026-08-03:004:UP:120000:DIRECTIONAL_REVERSAL_CONFIRMED:124500"",""DIR:ABB:2026-08-03:004:UP:120000:DIRECTIONAL_STARTED:120000"",""DIR:ABB:2026-08-03:004:UP:120000:DIRECTIONAL_TREND_RESTORED:122100"",""DIR:ABB:2026-08-03:004:UP:120000:REVERSAL_WATCH_STARTED:120600"",""DIR:ABB:2026-08-03:004:UP:120000:REVERSAL_WATCH_STARTED:124200"",""DIR:ABB:2026-08-03:005:DOWN:124500:DIRECTIONAL_MATURED:125700"",""DIR:ABB:2026-08-03:005:DOWN:124500:DIRECTIONAL_MATURED:131800"",""DIR:ABB:2026-08-03:005:DOWN:124500:DIRECTIONAL_REVERSAL_LEG_ESTABLISHED:125100"",""DIR:ABB:2026-08-03:005:DOWN:124500:DIRECTIONAL_REVERSAL_LEG_STARTED:124500"",""DIR:ABB:2026-08-03:005:DOWN:124500:DIRECTIONAL_TREND_RESTORED:131500"",""DIR:ABB:2026-08-03:005:DOWN:124500:REVERSAL_WATCH_STARTED:130000"",""DIR:ABB:2026-08-03:005:DOWN:124500:REVERSAL_WATCH_STARTED:132100""],""episode_id"":""DIR:ABB:2026-08-03:005:DOWN:124500"",""extreme_price"":7492.5,""extreme_time"":""2026-08-03T13:15:00+05:30"",""first_adverse_bar_close"":7507.0,""first_adverse_bar_level"":7513.0,""first_adverse_bar_time"":""2026-08-03T13:24:00+05:30"",""inactive_bars"":0,""last_close"":7500.0,""last_observation_state"":""MATURE_EXTENSION"",""last_observation_state_time"":""2026-08-03T13:30:00+05:30"",""last_reason_codes"":[""REVERSAL_WATCH_RETAINED""],""opposite_control_bars"":0,""origin_event_id"":""DIR:ABB:2026-08-03:004:UP:120000:DIRECTIONAL_REVERSAL_CONFIRMED:124500"",""origin_price"":7549.0,""origin_source"":""REVERSAL_EVENT_HANDOFF"",""parent_episode_id"":""DIR:ABB:2026-08-03:004:UP:120000"",""protection_level"":7543.5,""protection_source"":""INITIAL_DIRECTIONAL_ANCHOR"",""protection_time"":""2026-08-03T12:57:00+05:30"",""rejection_seen"":true,""rejection_seen_at"":""2026-08-03T13:24:00+05:30"",""reversal_confirmation_breach_closes"":0,""reversal_confirmation_level"":7513.0,""reversal_confirmation_level_time"":""2026-08-03T13:24:00+05:30"",""reversal_confirmation_source"":""OBSERVATION_REJECTION_OR_FAILED_EXTREME:BAR_HIGH"",""reversal_leg_failure_closes"":0,""reversal_leg_progress_atr"":0.7228718537710966,""reversal_leg_progress_bars"":2,""reversal_watch_age_bars"":4,""sequence"":5,""start_candidate_bars"":0,""start_candidate_side"":""UNKNOWN"",""started_at"":""2026-08-03T12:45:00+05:30"",""state"":""REVERSAL_WATCH"",""state_age_bars"":4,""state_started_at"":""2026-08-03T13:21:00+05:30"",""trend_restore_bars"":0},""evidence_history"":[{""atr"":22.362398932641995,""bar"":{""body_fraction"":0.18,""close"":7526.0,""close_position"":0.3,""direction"":""DOWN"",""high"":7543.5,""low"":7518.5,""lower_wick_fraction"":0.3,""move_atr"":-0.20123064674565977,""move_points"":-4.5,""open"":7530.5,""snapshot_time"":""2026-08-03T12:57:00+05:30"",""upper_wick_fraction"":0.52,""volume"":5071.0},""close"":7526.0,""trend"":{""ema_ref"":7407.485139027401,""ema_slow"":7445.5212187205,""hma_order"":""SELL"",""hma_spread_atr"":7.100885384741427}},{""atr"":22.550799008881853,""bar"":{""body_fraction"":0.09090909090909093,""close"":7519.0,""close_position"":0.8181818181818182,""direction"":""UP"",""high"":7523.0,""low"":7501.0,""lower_wick_fraction"":0.7272727272727273,""move_atr"":0.08868865352452836,""move_points"":2.0,""open"":7517.0,""snapshot_time"":""2026-08-03T13:00:00+05:30"",""upper_wick_fraction"":0.18181818181818185,""volume"":7452.0},""close"":7519.0,""trend"":{""ema_ref"":7408.594739634094,""ema_slow"":7446.976244092371,""hma_order"":""SELL"",""hma_spread_atr"":6.825414981376083}},{""atr"":21.69002765110458,""bar"":{""body_fraction"":0.14285714285714285,""close"":7517.5,""close_position"":0.7142857142857143,""direction"":""DOWN"",""high"":7520.5,""low"":7510.0,""lower_wick_fraction"":0.7142857142857143,""move_atr"":-0.06915620506014485,""move_points"":-1.5,""open"":7519.0,""snapshot_time"":""2026-08-03T13:03:00+05:30"",""upper_wick_fraction"":0.14285714285714285,""volume"":2740.0},""close"":7517.5,""trend"":{""ema_ref"":7409.678374065596,""ema_slow"":7448.372754110344,""hma_order"":""SELL"",""hma_spread_atr"":6.842165862689831}},{""atr"":20.71216853316854,""bar"":{""body_fraction"":0.0,""close"":7519.5,""close_position"":0.9375,""direction"":""NEUTRAL"",""high"":7520.0,""low"":7512.0,""lower_wick_fraction"":0.9375,""move_atr"":0.0,""move_points"":0.0,""open"":7519.5,""snapshot_time"":""2026-08-03T13:06:00+05:30"",""upper_wick_fraction"":0.0625,""volume"":1613.0},""close"":7519.5,""trend"":{""ema_ref"":7410.771126562456,""ema_slow"":7449.781214424989,""hma_order"":""SELL"",""hma_spread_atr"":6.880412727056889}},{""atr"":20.375585066513644,""bar"":{""body_fraction"":1.0,""close"":7503.5,""close_position"":0.0,""direction"":""DOWN"",""high"":7519.5,""low"":7503.5,""lower_wick_fraction"":0.0,""move_atr"":-0.7852535251267596,""move_points"":-16.0,""open"":7519.5,""snapshot_time"":""2026-08-03T13:09:00+05:30"",""upper_wick_fraction"":0.0,""volume"":4206.0},""close"":7503.5,""trend"":{""ema_ref"":7411.693801920043,""ema_slow"":7450.844952753208,""hma_order"":""SELL"",""hma_spread_atr"":6.675016813863992}},{""atr"":19.527328990334095,""bar"":{""body_fraction"":0.17647058823529413,""close"":7502.0,""close_position"":0.2352941176470588,""direction"":""DOWN"",""high"":7508.5,""low"":7500.0,""lower_wick_fraction"":0.2352941176470588,""move_atr"":-0.0768154211332482,""move_points"":-1.5,""open"":7503.5,""snapshot_time"":""2026-08-03T13:12:00+05:30"",""upper_wick_fraction"":0.5882352941176471,""volume"":2672.0},""close"":7502.0,""trend"":{""ema_ref"":7412.592371055168,""ema_slow"":7451.857923985817,""hma_order"":""SELL"",""hma_spread_atr"":6.606012375761779}},{""atr"":20.52537691959595,""bar"":{""body_fraction"":0.4626865671641791,""close"":7517.5,""close_position"":0.746268656716418,""direction"":""UP"",""high"":7526.0,""low"":7492.5,""lower_wick_fraction"":0.2835820895522388,""move_atr"":0.755162746132173,""move_points"":15.5,""open"":7502.0,""snapshot_time"":""2026-08-03T13:15:00+05:30"",""upper_wick_fraction"":0.2537313432835821,""volume"":10055.0},""close"":7517.5,""trend"":{""ema_ref"":7413.636228059594,""ema_slow"":7453.157767075207,""hma_order"":""SELL"",""hma_spread_atr"":5.940177061074319}},{""atr"":19.59499285391052,""bar"":{""body_fraction"":0.2,""close"":7519.0,""close_position"":0.5333333333333333,""direction"":""UP"",""high"":7522.5,""low"":7515.0,""lower_wick_fraction"":0.3333333333333333,""move_atr"":0.07655016825896156,""move_points"":1.5,""open"":7517.5,""snapshot_time"":""2026-08-03T13:18:00+05:30"",""upper_wick_fraction"":0.4666666666666667,""volume"":1867.0},""close"":7519.0,""trend"":{""ema_ref"":7414.684623800295,""ema_slow"":7454.461573667777,""hma_order"":""SELL"",""hma_spread_atr"":5.860919301696179}},{""atr"":18.94535050720263,""bar"":{""body_fraction"":0.7619047619047619,""close"":7511.0,""close_position"":0.1904761904761905,""direction"":""DOWN"",""high"":7519.5,""low"":7509.0,""lower_wick_fraction"":0.1904761904761905,""move_atr"":-0.4222671941043564,""move_points"":-8.0,""open"":7519.0,""snapshot_time"":""2026-08-03T13:21:00+05:30"",""upper_wick_fraction"":0.047619047619047616,""volume"":1875.0},""close"":7511.0,""trend"":{""ema_ref"":7415.642985752532,""ema_slow"":7455.581146466435,""hma_order"":""SELL"",""hma_spread_atr"":5.678418708406215}},{""atr"":18.449254042402444,""bar"":{""body_fraction"":0.3333333333333333,""close"":7507.0,""close_position"":0.5,""direction"":""DOWN"",""high"":7513.0,""low"":7501.0,""lower_wick_fraction"":0.5,""move_atr"":-0.21681093397091755,""move_points"":-4.0,""open"":7511.0,""snapshot_time"":""2026-08-03T13:24:00+05:30"",""upper_wick_fraction"":0.16666666666666666,""volume"":3365.0},""close"":7507.0,""trend"":{""ema_ref"":7416.55201076992,""ema_slow"":7456.599341585912,""hma_order"":""SELL"",""hma_spread_atr"":5.710404671364048}},{""atr"":17.56002161080227,""bar"":{""body_fraction"":0.3333333333333333,""close"":7505.0,""close_position"":0.4166666666666667,""direction"":""DOWN"",""high"":7508.5,""low"":7502.5,""lower_wick_fraction"":0.4166666666666667,""move_atr"":-0.11389507623212004,""move_points"":-2.0,""open"":7507.0,""snapshot_time"":""2026-08-03T13:27:00+05:30"",""upper_wick_fraction"":0.25,""volume"":2136.0},""close"":7505.0,""trend"":{""ema_ref"":7417.432090264747,""ema_slow"":7457.557770465399,""hma_order"":""SELL"",""hma_spread_atr"":5.941966312699527}},{""atr"":16.948591495744964,""bar"":{""body_fraction"":0.6666666666666666,""close"":7500.0,""close_position"":0.0,""direction"":""DOWN"",""high"":7509.0,""low"":7500.0,""lower_wick_fraction"":0.0,""move_atr"":-0.3540117184077705,""move_points"":-6.0,""open"":7506.0,""snapshot_time"":""2026-08-03T13:30:00+05:30"",""upper_wick_fraction"":0.3333333333333333,""volume"":1937.0},""close"":7500.0,""trend"":{""ema_ref"":7418.253661505894,""ema_slow"":7458.3982106542035,""hma_order"":""SELL"",""hma_spread_atr"":6.083903727168402}}],""last_observation_hash"":""d5624ac4ac28124581265f9a9d3122bb4dc15ef92abef875b001677f0dc8dd42"",""last_snapshot_time"":""2026-08-03T13:30:00+05:30"",""observation"":{""compression_box_high"":7513.0,""compression_box_low"":7500.0,""compression_candidate_bars"":3,""current_state"":""MATURE_EXTENSION"",""established_side"":""DOWN"",""exhaustion_active"":true,""exhaustion_age_bars"":5,""exhaustion_clear_bars"":0,""exhaustion_last_seen_at"":""2026-08-03T13:30:00+05:30"",""exhaustion_side"":""DOWN"",""exhaustion_started_at"":""2026-08-03T13:18:00+05:30"",""failure_breach_bars"":0,""last_close"":7500.0,""last_reason_codes"":[""CURRENT_DIRECTIONAL_LEG_MATURED"",""OBSERVATION_TRANSITION_CONFIRMED"",""OBSERVATION_STATE_MATURE_EXTENSION""],""last_snapshot_time"":""2026-08-03T13:30:00+05:30"",""leg_age_bars"":12,""leg_anchor_price"":7543.5,""leg_anchor_time"":""2026-08-03T12:57:00+05:30"",""leg_extreme_price"":7492.5,""leg_maturity_consumed"":true,""leg_maturity_extreme_price"":7492.5,""leg_maturity_onset_time"":""2026-08-03T13:30:00+05:30"",""leg_no_progress_bars"":5,""observation_count"":86,""pending_bars"":0,""pending_state"":null,""protection_level"":7543.5,""protection_source"":""INITIAL_DIRECTIONAL_ANCHOR"",""protection_time"":""2026-08-03T12:57:00+05:30"",""pullback_age_bars"":0,""pullback_candidate_bars"":0,""pullback_extreme_price"":null,""reacceleration_age_bars"":2,""recompression_age_bars"":0,""reversal_confirmation_bars"":0,""reversal_side"":""DOWN"",""state_age_bars"":1,""trading_day"":""2026-08-03"",""trend_anchor_price"":7543.5,""trend_candidate_bars"":1,""trend_candidate_side"":""DOWN"",""trend_extreme_price"":7492.5,""trend_failure_age_bars"":0,""trend_onset_time"":""2026-08-03T12:57:00+05:30""},""symbol"":""ABB"",""trading_day"":""2026-08-03""}"
restoration-v3-current-day,development,restoration-trend-control-v3,backtest-default,OK,,,,ABB,2026-08-03,2026-08-03T13:33:00+05:30,2026-08-03T13:30:00+05:30,SNAPSHOT_AUCTION_AUTHORITY_V3A,3m,True,True,7518.5,2026-08-03T13:33:00,7500.0,7518.5,7500.0,7518.5,4046.0,17.059406388906037,BALANCE_QUALIFIED,BUY,dynamic_balance_stable_across_historical_cutoffs,RANGE_ACCEPTED,DYNAMIC:2026-08-03T13:00:00+05:30:2026-08-03T13:18:00+05:30,7492.5,7526.0,5,ok,UP_ACCELERATING,0.3956761358583741,0.10991003773843724,OK,INCREMENTAL_PREVIOUS_SNAPSHOT,AUTOTRADES_AUCTION_ENGINE,1.1.0,,,MATURE_EXTENSION,DOWN,UP,False,False,True,DOWN,False,False,False,7543.5,INITIAL_DIRECTIONAL_ANCHOR,2026-08-03T12:57:00+05:30,DYNAMIC:2026-08-03T13:00:00+05:30:2026-08-03T13:18:00+05:30,7492.5,7526.0,True,0.7761194029850746,0.30275229357798167,PRICE_ACTION,0.7961904761904762,ESTABLISHED_DIRECTIONAL_CONTEXT_RETAINED|MINIMUM_DWELL_MATURE_EXTENSION_2_BARS|OBSERVATION_STATE_MATURE_EXTENSION|OBJECTIVE_ACCEPTED_RANGE_GEOMETRY_PRESENT|OBJECTIVE_TREND_PROTECTION_GEOMETRY_PRESENT,DIR:ABB:2026-08-03:006:UP:133300,REVERSAL_WATCH,REVERSAL_LEG,UP,REVERSAL_EVENT_HANDOFF,DIR:ABB:2026-08-03:005:DOWN:124500,DIR:ABB:2026-08-03:005:DOWN:124500:DIRECTIONAL_REVERSAL_CONFIRMED:133300,2026-08-03T13:33:00+05:30,2026-08-03T13:33:00+05:30,1,7518.5,7518.5,2026-08-03T13:33:00+05:30,,,7513.0,OBSERVATION_REJECTION_OR_FAILED_EXTREME:BAR_HIGH,2026-08-03T13:24:00+05:30,0,0.0,0,False,DIRECTIONAL_REVERSAL_EVENT_EMITTED|REVERSAL_LEG_HANDOFF_STARTED|HANDOFF_FROM_DOWN_TO_UP,6,UNKNOWN,0,0,0,0,0,MATURE_EXTENSION,2026-08-03T13:33:00+05:30,DIRECTIONAL_REVERSAL_EVENT_EMITTED|REVERSAL_LEG_HANDOFF_STARTED|HANDOFF_FROM_DOWN_TO_UP,BAL:ABB:2026-08-03:005:NEUTRAL:132100,FORMING,PROBABLE,1,,7492.5,7526.0,,,UNKNOWN,0,0,0,0,False,False,BALANCE_SOURCE_RANGE_RETAINED|BALANCE_BAR_CONTAINED_IN_CANDIDATE|BALANCE_CONTAINMENT_PROGRESS|BALANCE_PROBABLE_CONFIRMED,4,BAL:ABB:2026-08-03:005:NEUTRAL:132100:BALANCE_PROBABLE:133300|DIR:ABB:2026-08-03:005:DOWN:124500:DIRECTIONAL_REVERSAL_CONFIRMED:133300|DIR:ABB:2026-08-03:005:DOWN:124500:DIRECTIONAL_COMPLETED:133300|DIR:ABB:2026-08-03:006:UP:133300:DIRECTIONAL_REVERSAL_LEG_STARTED:133300,BALANCE_PROBABLE|DIRECTIONAL_REVERSAL_CONFIRMED|DIRECTIONAL_COMPLETED|DIRECTIONAL_REVERSAL_LEG_STARTED,UNKNOWN|UP|DOWN|UP,BAL:ABB:2026-08-03:005:NEUTRAL:132100|DIR:ABB:2026-08-03:005:DOWN:124500|DIR:ABB:2026-08-03:005:DOWN:124500|DIR:ABB:2026-08-03:006:UP:133300,"BALANCE_PROBABLE:ACCUMULATED_BALANCE_OCCUPANCY_PROBABLE,PROBABLE_BALANCE_REMAINS_DIAGNOSTIC_ONLY|DIRECTIONAL_REVERSAL_CONFIRMED:FIRST_ADVERSE_STAGE_RETAINED,CONTINUATION_FAILURE_STAGE_RETAINED,EPISODE_REVERSAL_CONFIRMATION_LEVEL_BREACHED|DIRECTIONAL_COMPLETED:REVERSAL_EVENT_COMPLETED_ORIGINAL_DIRECTIONAL_EPISODE|DIRECTIONAL_REVERSAL_LEG_STARTED:REVERSAL_EVENT_CREATED_TRANSITIONAL_LEG,PARENT_EPISODE:DIR:ABB:2026-08-03:005:DOWN:124500",1,REVERSAL,WAIT,DIR:ABB:2026-08-03:005:DOWN:124500:DIRECTIONAL_REVERSAL_CONFIRMED:133300,REVERSAL:EVENT_DIRECTIONAL_REVERSAL_CONFIRMED_WAIT,MATCH,MATCH,MATCH,MATCH,False,0,True,True,True,True,,COHERENT,"[""event_id='BAL:ABB:2026-08-03:005:NEUTRAL:132100:BALANCE_PROBABLE:133300' event_type=<AuctionEventType.BALANCE_PROBABLE: 'BALANCE_PROBABLE'> episode_id='BAL:ABB:2026-08-03:005:NEUTRAL:132100' symbol='ABB' trading_day=datetime.date(2026, 8, 3) event_time=datetime.datetime(2026, 8, 3, 13, 33, tzinfo=TzInfo(19800)) direction=<DirectionalBias.UNKNOWN: 'UNKNOWN'> reason_codes=('ACCUMULATED_BALANCE_OCCUPANCY_PROBABLE', 'PROBABLE_BALANCE_REMAINS_DIAGNOSTIC_ONLY') data={'range_id': None, 'frozen_low': None, 'frozen_high': None, 'candidate_low': 7492.5, 'candidate_high': 7526.0, 'rearm_required': False, 'containment_bars': 5, 'source_range_ids': ['DYNAMIC:2026-08-03T13:00:00+05:30:2026-08-03T13:18:00+05:30'], 'containment_ratio': 1.0, 'rearm_bars_elapsed': 0, 'failed_escape_count': 0, 'escape_attempt_count': 0, 'attempt_limit_reached': False, 'candidate_merge_count': 0, 'forming_bars_observed': 5, 'last_escape_direction': 'UNKNOWN', 'last_escape_failed_at': None, 'last_escape_started_at': None, 'meaningful_escape_bars': 0, 'candidate_last_valid_at': '2026-08-03T13:33:00+05:30', 'marginal_excursion_bars': 0, 'up_escape_attempt_count': 0, 'rearm_inside_close_count': 0, 'down_escape_attempt_count': 0, 'candidate_bar_expansion_count': 0}"",""event_id='DIR:ABB:2026-08-03:005:DOWN:124500:DIRECTIONAL_REVERSAL_CONFIRMED:133300' event_type=<AuctionEventType.DIRECTIONAL_REVERSAL_CONFIRMED: 'DIRECTIONAL_REVERSAL_CONFIRMED'> episode_id='DIR:ABB:2026-08-03:005:DOWN:124500' symbol='ABB' trading_day=datetime.date(2026, 8, 3) event_time=datetime.datetime(2026, 8, 3, 13, 33, tzinfo=TzInfo(19800)) direction=<DirectionalBias.UP: 'UP'> reason_codes=('FIRST_ADVERSE_STAGE_RETAINED', 'CONTINUATION_FAILURE_STAGE_RETAINED', 'EPISODE_REVERSAL_CONFIRMATION_LEVEL_BREACHED') data={'origin_price': 7549.0, 'extreme_price': 7492.5, 'origin_source': 'REVERSAL_EVENT_HANDOFF', 'origin_event_id': 'DIR:ABB:2026-08-03:004:UP:120000:DIRECTIONAL_REVERSAL_CONFIRMED:124500', 'protection_level': 7543.5, 'parent_episode_id': 'DIR:ABB:2026-08-03:004:UP:120000', 'protection_source': 'INITIAL_DIRECTIONAL_ANCHOR', 'first_adverse_bar_time': '2026-08-03T13:24:00+05:30', 'first_adverse_bar_close': 7507.0, 'first_adverse_bar_level': 7513.0, 'continuation_failure_time': '2026-08-03T13:24:00+05:30', 'reversal_leg_progress_atr': 0.7228718537710966, 'reversal_leg_progress_bars': 2, 'reversal_confirmation_level': 7513.0, 'reversal_leg_failure_closes': 0, 'reversal_confirmation_source': 'OBSERVATION_REJECTION_OR_FAILED_EXTREME:BAR_HIGH', 'reversal_confirmation_level_time': '2026-08-03T13:24:00+05:30'}"",""event_id='DIR:ABB:2026-08-03:005:DOWN:124500:DIRECTIONAL_COMPLETED:133300' event_type=<AuctionEventType.DIRECTIONAL_COMPLETED: 'DIRECTIONAL_COMPLETED'> episode_id='DIR:ABB:2026-08-03:005:DOWN:124500' symbol='ABB' trading_day=datetime.date(2026, 8, 3) event_time=datetime.datetime(2026, 8, 3, 13, 33, tzinfo=TzInfo(19800)) direction=<DirectionalBias.DOWN: 'DOWN'> reason_codes=('REVERSAL_EVENT_COMPLETED_ORIGINAL_DIRECTIONAL_EPISODE',) data={'origin_price': 7549.0, 'extreme_price': 7492.5, 'origin_source': 'REVERSAL_EVENT_HANDOFF', 'origin_event_id': 'DIR:ABB:2026-08-03:004:UP:120000:DIRECTIONAL_REVERSAL_CONFIRMED:124500', 'protection_level': 7543.5, 'parent_episode_id': 'DIR:ABB:2026-08-03:004:UP:120000', 'protection_source': 'INITIAL_DIRECTIONAL_ANCHOR', 'first_adverse_bar_time': '2026-08-03T13:24:00+05:30', 'first_adverse_bar_close': 7507.0, 'first_adverse_bar_level': 7513.0, 'continuation_failure_time': '2026-08-03T13:24:00+05:30', 'reversal_leg_progress_atr': 0.7228718537710966, 'reversal_leg_progress_bars': 2, 'reversal_confirmation_level': 7513.0, 'reversal_leg_failure_closes': 0, 'reversal_confirmation_source': 'OBSERVATION_REJECTION_OR_FAILED_EXTREME:BAR_HIGH', 'reversal_confirmation_level_time': '2026-08-03T13:24:00+05:30'}"",""event_id='DIR:ABB:2026-08-03:006:UP:133300:DIRECTIONAL_REVERSAL_LEG_STARTED:133300' event_type=<AuctionEventType.DIRECTIONAL_REVERSAL_LEG_STARTED: 'DIRECTIONAL_REVERSAL_LEG_STARTED'> episode_id='DIR:ABB:2026-08-03:006:UP:133300' symbol='ABB' trading_day=datetime.date(2026, 8, 3) event_time=datetime.datetime(2026, 8, 3, 13, 33, tzinfo=TzInfo(19800)) direction=<DirectionalBias.UP: 'UP'> reason_codes=('REVERSAL_EVENT_CREATED_TRANSITIONAL_LEG', 'PARENT_EPISODE:DIR:ABB:2026-08-03:005:DOWN:124500') data={'origin_price': 7518.5, 'extreme_price': 7518.5, 'origin_source': 'REVERSAL_EVENT_HANDOFF', 'origin_event_id': 'DIR:ABB:2026-08-03:005:DOWN:124500:DIRECTIONAL_REVERSAL_CONFIRMED:133300', 'protection_level': None, 'parent_episode_id': 'DIR:ABB:2026-08-03:005:DOWN:124500', 'protection_source': '', 'first_adverse_bar_time': None, 'first_adverse_bar_close': None, 'first_adverse_bar_level': None, 'continuation_failure_time': None, 'reversal_leg_progress_atr': 0.0, 'reversal_leg_progress_bars': 0, 'reversal_confirmation_level': 7513.0, 'reversal_leg_failure_closes': 0, 'reversal_confirmation_source': 'OBSERVATION_REJECTION_OR_FAILED_EXTREME:BAR_HIGH', 'reversal_confirmation_level_time': '2026-08-03T13:24:00+05:30'}""]","[""setup_family=<SetupFamily.REVERSAL: 'REVERSAL'> result=<StructuralPermissionResult.WAIT: 'WAIT'> source_event_ids=('DIR:ABB:2026-08-03:005:DOWN:124500:DIRECTIONAL_REVERSAL_CONFIRMED:133300',) source_event_types=(<AuctionEventType.DIRECTIONAL_REVERSAL_CONFIRMED: 'DIRECTIONAL_REVERSAL_CONFIRMED'>,) balance_state=<BalanceEpisodeState.PROBABLE: 'PROBABLE'> reason_codes=('EVENT_DIRECTIONAL_REVERSAL_CONFIRMED_WAIT',)""]","{""accepted_range_breakout_eligible"":true,""accepted_range_established_at"":""2026-08-03T13:18:00+05:30"",""accepted_range_high"":7526.0,""accepted_range_id"":""DYNAMIC:2026-08-03T13:00:00+05:30:2026-08-03T13:18:00+05:30"",""accepted_range_inside"":true,""accepted_range_low"":7492.5,""accepted_range_outside_atr"":0.0,""accepted_range_position"":0.7761194029850746,""accepted_range_provisional"":false,""atr"":17.059406388906037,""close"":7518.5,""current_leg_mature"":false,""directional_bias"":""DOWN"",""directional_efficiency"":0.30275229357798167,""directional_efficiency_source"":""PRICE_ACTION"",""exhausted_side"":""DOWN"",""exhaustion_active"":true,""extension_mature"":false,""failed_extreme_observed"":false,""high"":7518.5,""low"":7500.0,""observation_state"":""MATURE_EXTENSION"",""overlap_ratio"":0.7961904761904762,""range_width_atr"":1.963726007593412,""rejection_observed"":false,""snapshot_time"":""2026-08-03T13:33:00+05:30"",""source_reason_codes"":[""ESTABLISHED_DIRECTIONAL_CONTEXT_RETAINED"",""MINIMUM_DWELL_MATURE_EXTENSION_2_BARS"",""OBSERVATION_STATE_MATURE_EXTENSION"",""OBJECTIVE_ACCEPTED_RANGE_GEOMETRY_PRESENT"",""OBJECTIVE_TREND_PROTECTION_GEOMETRY_PRESENT""],""structural_failure_confirmed"":false,""symbol"":""ABB"",""trading_day"":""2026-08-03"",""trend_direction"":""UP"",""trend_protection_level"":7543.5,""trend_protection_source"":""INITIAL_DIRECTIONAL_ANCHOR"",""trend_protection_time"":""2026-08-03T12:57:00+05:30""}","{""continuation_failure_seen"":false,""continuation_failure_time"":null,""current_state"":""REVERSAL_LEG"",""direction"":""UP"",""episode_id"":""DIR:ABB:2026-08-03:006:UP:133300"",""extreme_price"":7518.5,""extreme_time"":""2026-08-03T13:33:00+05:30"",""first_adverse_bar_close"":null,""first_adverse_bar_level"":null,""first_adverse_bar_time"":null,""origin_event_id"":""DIR:ABB:2026-08-03:005:DOWN:124500:DIRECTIONAL_REVERSAL_CONFIRMED:133300"",""origin_price"":7518.5,""origin_source"":""REVERSAL_EVENT_HANDOFF"",""parent_episode_id"":""DIR:ABB:2026-08-03:005:DOWN:124500"",""previous_state"":""REVERSAL_WATCH"",""protection_level"":null,""protection_source"":"""",""reason_codes"":[""DIRECTIONAL_REVERSAL_EVENT_EMITTED"",""REVERSAL_LEG_HANDOFF_STARTED"",""HANDOFF_FROM_DOWN_TO_UP""],""rejection_seen"":false,""reversal_confirmation_breach_closes"":0,""reversal_confirmation_level"":7513.0,""reversal_confirmation_level_time"":""2026-08-03T13:24:00+05:30"",""reversal_confirmation_source"":""OBSERVATION_REJECTION_OR_FAILED_EXTREME:BAR_HIGH"",""reversal_leg_failure_closes"":0,""reversal_leg_progress_atr"":0.0,""reversal_leg_progress_bars"":0,""started_at"":""2026-08-03T13:33:00+05:30"",""state_age_bars"":1,""state_started_at"":""2026-08-03T13:33:00+05:30""}","{""attempt_limit_reached"":false,""candidate_bar_expansion_count"":0,""candidate_high"":7526.0,""candidate_last_valid_at"":""2026-08-03T13:33:00+05:30"",""candidate_low"":7492.5,""candidate_merge_count"":0,""containment_bars"":5,""containment_ratio"":1.0,""current_state"":""PROBABLE"",""down_escape_attempt_count"":0,""episode_id"":""BAL:ABB:2026-08-03:005:NEUTRAL:132100"",""escape_attempt_count"":0,""escape_direction"":""UNKNOWN"",""failed_escape_count"":0,""forming_bars_observed"":5,""forming_invalid_bars"":0,""frozen_high"":null,""frozen_low"":null,""last_escape_direction"":""UNKNOWN"",""last_escape_failed_at"":null,""last_escape_started_at"":null,""marginal_excursion_bars"":0,""meaningful_escape_bars"":0,""outside_close_count"":0,""previous_state"":""FORMING"",""range_id"":null,""rearm_bars_elapsed"":0,""rearm_inside_close_count"":0,""rearm_required"":false,""reason_codes"":[""BALANCE_SOURCE_RANGE_RETAINED"",""BALANCE_BAR_CONTAINED_IN_CANDIDATE"",""BALANCE_CONTAINMENT_PROGRESS"",""BALANCE_PROBABLE_CONFIRMED""],""reentry_close_count"":0,""source_range_ids"":[""DYNAMIC:2026-08-03T13:00:00+05:30:2026-08-03T13:18:00+05:30""],""started_at"":""2026-08-03T13:21:00+05:30"",""state_age_bars"":1,""state_started_at"":""2026-08-03T13:33:00+05:30"",""up_escape_attempt_count"":0}","{""balance_attempt_limit_reached"":false,""balance_candidate_bar_expansion_count"":0,""balance_candidate_merge_count"":0,""balance_containment_ratio"":1.0,""balance_down_escape_attempt_count"":0,""balance_escape_attempt_count"":0,""balance_failed_escape_count"":0,""balance_forming_bars_observed"":5,""balance_forming_invalid_bars"":0,""balance_last_escape_direction"":""UNKNOWN"",""balance_last_escape_failed_at"":null,""balance_last_escape_started_at"":null,""balance_marginal_excursion_bars"":0,""balance_meaningful_escape_bars"":0,""balance_rearm_bars_elapsed"":0,""balance_rearm_inside_close_count"":0,""balance_rearm_required"":false,""balance_up_escape_attempt_count"":0,""directional_origin_event_id"":""DIR:ABB:2026-08-03:005:DOWN:124500:DIRECTIONAL_REVERSAL_CONFIRMED:133300"",""directional_origin_source"":""REVERSAL_EVENT_HANDOFF"",""directional_parent_episode_id"":""DIR:ABB:2026-08-03:005:DOWN:124500"",""directional_reversal_watch_age_bars"":0,""directional_start_candidate_bars"":0,""directional_start_candidate_side"":""UNKNOWN"",""observation_accepted_range_id"":""DYNAMIC:2026-08-03T13:00:00+05:30:2026-08-03T13:18:00+05:30"",""observation_current_leg_mature"":false,""observation_directional_bias"":""DOWN"",""observation_exhaustion_active"":true,""observation_state"":""MATURE_EXTENSION""}","{""balance"":{""attempt_limit_reached"":false,""candidate_bar_expansion_count"":0,""candidate_high"":7526.0,""candidate_last_valid_at"":""2026-08-03T13:33:00+05:30"",""candidate_low"":7492.5,""candidate_merge_count"":0,""containment_bars"":5,""down_escape_attempt_count"":0,""emitted_event_ids"":[""BAL:ABB:2026-08-03:001:NEUTRAL:100600:BALANCE_COMPLETED:105400"",""BAL:ABB:2026-08-03:001:NEUTRAL:100600:BALANCE_ESCAPE_ACCEPTED:105100"",""BAL:ABB:2026-08-03:001:NEUTRAL:100600:BALANCE_ESCAPE_STARTED:104800"",""BAL:ABB:2026-08-03:001:NEUTRAL:100600:BALANCE_FORMING_STARTED:100600"",""BAL:ABB:2026-08-03:001:NEUTRAL:100600:BALANCE_LOCKED:102700"",""BAL:ABB:2026-08-03:001:NEUTRAL:100600:BALANCE_PROBABLE:101800"",""BAL:ABB:2026-08-03:002:NEUTRAL:112100:BALANCE_COMPLETED:113000"",""BAL:ABB:2026-08-03:002:NEUTRAL:112100:BALANCE_FORMING_STARTED:112100"",""BAL:ABB:2026-08-03:003:NEUTRAL:114800:BALANCE_COMPLETED:115400"",""BAL:ABB:2026-08-03:003:NEUTRAL:114800:BALANCE_FORMING_STARTED:114800"",""BAL:ABB:2026-08-03:004:NEUTRAL:122400:BALANCE_COMPLETED:125400"",""BAL:ABB:2026-08-03:004:NEUTRAL:122400:BALANCE_ESCAPE_ACCEPTED:125100"",""BAL:ABB:2026-08-03:004:NEUTRAL:122400:BALANCE_ESCAPE_STARTED:124800"",""BAL:ABB:2026-08-03:004:NEUTRAL:122400:BALANCE_FORMING_STARTED:122400"",""BAL:ABB:2026-08-03:004:NEUTRAL:122400:BALANCE_LOCKED:124500"",""BAL:ABB:2026-08-03:004:NEUTRAL:122400:BALANCE_PROBABLE:123600"",""BAL:ABB:2026-08-03:005:NEUTRAL:132100:BALANCE_FORMING_STARTED:132100"",""BAL:ABB:2026-08-03:005:NEUTRAL:132100:BALANCE_PROBABLE:133300""],""episode_id"":""BAL:ABB:2026-08-03:005:NEUTRAL:132100"",""escape_attempt_count"":0,""escape_direction"":""UNKNOWN"",""failed_escape_count"":0,""forming_bars_observed"":5,""forming_invalid_bars"":0,""frozen_high"":null,""frozen_low"":null,""last_escape_direction"":""UNKNOWN"",""last_escape_failed_at"":null,""last_escape_started_at"":null,""last_reason_codes"":[""BALANCE_SOURCE_RANGE_RETAINED"",""BALANCE_BAR_CONTAINED_IN_CANDIDATE"",""BALANCE_CONTAINMENT_PROGRESS"",""BALANCE_PROBABLE_CONFIRMED""],""marginal_excursion_bars"":0,""meaningful_escape_bars"":0,""outside_close_count"":0,""range_id"":null,""rearm_bars_elapsed"":0,""rearm_inside_close_count"":0,""rearm_required"":false,""reentry_close_count"":0,""sequence"":5,""source_range_ids"":[""DYNAMIC:2026-08-03T13:00:00+05:30:2026-08-03T13:18:00+05:30""],""started_at"":""2026-08-03T13:21:00+05:30"",""state"":""PROBABLE"",""state_age_bars"":1,""state_started_at"":""2026-08-03T13:33:00+05:30"",""up_escape_attempt_count"":0},""directional"":{""continuation_failure_progress_bars"":0,""continuation_failure_seen"":false,""continuation_failure_seen_at"":null,""direction"":""UP"",""emitted_event_ids"":[""DIR:ABB:2026-08-03:001:DOWN:101500:DIRECTIONAL_COMPLETED:105100"",""DIR:ABB:2026-08-03:001:DOWN:101500:DIRECTIONAL_STARTED:101500"",""DIR:ABB:2026-08-03:002:UP:110000:DIRECTIONAL_COMPLETED:113900"",""DIR:ABB:2026-08-03:002:UP:110000:DIRECTIONAL_MATURED:110300"",""DIR:ABB:2026-08-03:002:UP:110000:DIRECTIONAL_REVERSAL_CONFIRMED:113900"",""DIR:ABB:2026-08-03:002:UP:110000:DIRECTIONAL_STARTED:110000"",""DIR:ABB:2026-08-03:002:UP:110000:REVERSAL_WATCH_STARTED:110600"",""DIR:ABB:2026-08-03:003:DOWN:113900:DIRECTIONAL_COMPLETED:115400"",""DIR:ABB:2026-08-03:003:DOWN:113900:DIRECTIONAL_REVERSAL_LEG_FAILED:115400"",""DIR:ABB:2026-08-03:003:DOWN:113900:DIRECTIONAL_REVERSAL_LEG_STARTED:113900"",""DIR:ABB:2026-08-03:004:UP:120000:DIRECTIONAL_COMPLETED:124500"",""DIR:ABB:2026-08-03:004:UP:120000:DIRECTIONAL_CONTINUATION_CONFIRMED:123300"",""DIR:ABB:2026-08-03:004:UP:120000:DIRECTIONAL_MATURED:120300"",""DIR:ABB:2026-08-03:004:UP:120000:DIRECTIONAL_MATURED:123900"",""DIR:ABB:2026-08-03:004:UP:120000:DIRECTIONAL_REVERSAL_CONFIRMED:124500"",""DIR:ABB:2026-08-03:004:UP:120000:DIRECTIONAL_STARTED:120000"",""DIR:ABB:2026-08-03:004:UP:120000:DIRECTIONAL_TREND_RESTORED:122100"",""DIR:ABB:2026-08-03:004:UP:120000:REVERSAL_WATCH_STARTED:120600"",""DIR:ABB:2026-08-03:004:UP:120000:REVERSAL_WATCH_STARTED:124200"",""DIR:ABB:2026-08-03:005:DOWN:124500:DIRECTIONAL_COMPLETED:133300"",""DIR:ABB:2026-08-03:005:DOWN:124500:DIRECTIONAL_MATURED:125700"",""DIR:ABB:2026-08-03:005:DOWN:124500:DIRECTIONAL_MATURED:131800"",""DIR:ABB:2026-08-03:005:DOWN:124500:DIRECTIONAL_REVERSAL_CONFIRMED:133300"",""DIR:ABB:2026-08-03:005:DOWN:124500:DIRECTIONAL_REVERSAL_LEG_ESTABLISHED:125100"",""DIR:ABB:2026-08-03:005:DOWN:124500:DIRECTIONAL_REVERSAL_LEG_STARTED:124500"",""DIR:ABB:2026-08-03:005:DOWN:124500:DIRECTIONAL_TREND_RESTORED:131500"",""DIR:ABB:2026-08-03:005:DOWN:124500:REVERSAL_WATCH_STARTED:130000"",""DIR:ABB:2026-08-03:005:DOWN:124500:REVERSAL_WATCH_STARTED:132100"",""DIR:ABB:2026-08-03:006:UP:133300:DIRECTIONAL_REVERSAL_LEG_STARTED:133300""],""episode_id"":""DIR:ABB:2026-08-03:006:UP:133300"",""extreme_price"":7518.5,""extreme_time"":""2026-08-03T13:33:00+05:30"",""first_adverse_bar_close"":null,""first_adverse_bar_level"":null,""first_adverse_bar_time"":null,""inactive_bars"":0,""last_close"":7518.5,""last_observation_state"":""MATURE_EXTENSION"",""last_observation_state_time"":""2026-08-03T13:33:00+05:30"",""last_reason_codes"":[""DIRECTIONAL_REVERSAL_EVENT_EMITTED"",""REVERSAL_LEG_HANDOFF_STARTED"",""HANDOFF_FROM_DOWN_TO_UP""],""opposite_control_bars"":0,""origin_event_id"":""DIR:ABB:2026-08-03:005:DOWN:124500:DIRECTIONAL_REVERSAL_CONFIRMED:133300"",""origin_price"":7518.5,""origin_source"":""REVERSAL_EVENT_HANDOFF"",""parent_episode_id"":""DIR:ABB:2026-08-03:005:DOWN:124500"",""protection_level"":null,""protection_source"":"""",""protection_time"":null,""rejection_seen"":false,""rejection_seen_at"":null,""reversal_confirmation_breach_closes"":0,""reversal_confirmation_level"":7513.0,""reversal_confirmation_level_time"":""2026-08-03T13:24:00+05:30"",""reversal_confirmation_source"":""OBSERVATION_REJECTION_OR_FAILED_EXTREME:BAR_HIGH"",""reversal_leg_failure_closes"":0,""reversal_leg_progress_atr"":0.0,""reversal_leg_progress_bars"":0,""reversal_watch_age_bars"":0,""sequence"":6,""start_candidate_bars"":0,""start_candidate_side"":""UNKNOWN"",""started_at"":""2026-08-03T13:33:00+05:30"",""state"":""REVERSAL_LEG"",""state_age_bars"":1,""state_started_at"":""2026-08-03T13:33:00+05:30"",""trend_restore_bars"":0},""evidence_history"":[{""atr"":22.550799008881853,""bar"":{""body_fraction"":0.09090909090909093,""close"":7519.0,""close_position"":0.8181818181818182,""direction"":""UP"",""high"":7523.0,""low"":7501.0,""lower_wick_fraction"":0.7272727272727273,""move_atr"":0.08868865352452836,""move_points"":2.0,""open"":7517.0,""snapshot_time"":""2026-08-03T13:00:00+05:30"",""upper_wick_fraction"":0.18181818181818185,""volume"":7452.0},""close"":7519.0,""trend"":{""ema_ref"":7408.594739634094,""ema_slow"":7446.976244092371,""hma_order"":""SELL"",""hma_spread_atr"":6.825414981376083}},{""atr"":21.69002765110458,""bar"":{""body_fraction"":0.14285714285714285,""close"":7517.5,""close_position"":0.7142857142857143,""direction"":""DOWN"",""high"":7520.5,""low"":7510.0,""lower_wick_fraction"":0.7142857142857143,""move_atr"":-0.06915620506014485,""move_points"":-1.5,""open"":7519.0,""snapshot_time"":""2026-08-03T13:03:00+05:30"",""upper_wick_fraction"":0.14285714285714285,""volume"":2740.0},""close"":7517.5,""trend"":{""ema_ref"":7409.678374065596,""ema_slow"":7448.372754110344,""hma_order"":""SELL"",""hma_spread_atr"":6.842165862689831}},{""atr"":20.71216853316854,""bar"":{""body_fraction"":0.0,""close"":7519.5,""close_position"":0.9375,""direction"":""NEUTRAL"",""high"":7520.0,""low"":7512.0,""lower_wick_fraction"":0.9375,""move_atr"":0.0,""move_points"":0.0,""open"":7519.5,""snapshot_time"":""2026-08-03T13:06:00+05:30"",""upper_wick_fraction"":0.0625,""volume"":1613.0},""close"":7519.5,""trend"":{""ema_ref"":7410.771126562456,""ema_slow"":7449.781214424989,""hma_order"":""SELL"",""hma_spread_atr"":6.880412727056889}},{""atr"":20.375585066513644,""bar"":{""body_fraction"":1.0,""close"":7503.5,""close_position"":0.0,""direction"":""DOWN"",""high"":7519.5,""low"":7503.5,""lower_wick_fraction"":0.0,""move_atr"":-0.7852535251267596,""move_points"":-16.0,""open"":7519.5,""snapshot_time"":""2026-08-03T13:09:00+05:30"",""upper_wick_fraction"":0.0,""volume"":4206.0},""close"":7503.5,""trend"":{""ema_ref"":7411.693801920043,""ema_slow"":7450.844952753208,""hma_order"":""SELL"",""hma_spread_atr"":6.675016813863992}},{""atr"":19.527328990334095,""bar"":{""body_fraction"":0.17647058823529413,""close"":7502.0,""close_position"":0.2352941176470588,""direction"":""DOWN"",""high"":7508.5,""low"":7500.0,""lower_wick_fraction"":0.2352941176470588,""move_atr"":-0.0768154211332482,""move_points"":-1.5,""open"":7503.5,""snapshot_time"":""2026-08-03T13:12:00+05:30"",""upper_wick_fraction"":0.5882352941176471,""volume"":2672.0},""close"":7502.0,""trend"":{""ema_ref"":7412.592371055168,""ema_slow"":7451.857923985817,""hma_order"":""SELL"",""hma_spread_atr"":6.606012375761779}},{""atr"":20.52537691959595,""bar"":{""body_fraction"":0.4626865671641791,""close"":7517.5,""close_position"":0.746268656716418,""direction"":""UP"",""high"":7526.0,""low"":7492.5,""lower_wick_fraction"":0.2835820895522388,""move_atr"":0.755162746132173,""move_points"":15.5,""open"":7502.0,""snapshot_time"":""2026-08-03T13:15:00+05:30"",""upper_wick_fraction"":0.2537313432835821,""volume"":10055.0},""close"":7517.5,""trend"":{""ema_ref"":7413.636228059594,""ema_slow"":7453.157767075207,""hma_order"":""SELL"",""hma_spread_atr"":5.940177061074319}},{""atr"":19.59499285391052,""bar"":{""body_fraction"":0.2,""close"":7519.0,""close_position"":0.5333333333333333,""direction"":""UP"",""high"":7522.5,""low"":7515.0,""lower_wick_fraction"":0.3333333333333333,""move_atr"":0.07655016825896156,""move_points"":1.5,""open"":7517.5,""snapshot_time"":""2026-08-03T13:18:00+05:30"",""upper_wick_fraction"":0.4666666666666667,""volume"":1867.0},""close"":7519.0,""trend"":{""ema_ref"":7414.684623800295,""ema_slow"":7454.461573667777,""hma_order"":""SELL"",""hma_spread_atr"":5.860919301696179}},{""atr"":18.94535050720263,""bar"":{""body_fraction"":0.7619047619047619,""close"":7511.0,""close_position"":0.1904761904761905,""direction"":""DOWN"",""high"":7519.5,""low"":7509.0,""lower_wick_fraction"":0.1904761904761905,""move_atr"":-0.4222671941043564,""move_points"":-8.0,""open"":7519.0,""snapshot_time"":""2026-08-03T13:21:00+05:30"",""upper_wick_fraction"":0.047619047619047616,""volume"":1875.0},""close"":7511.0,""trend"":{""ema_ref"":7415.642985752532,""ema_slow"":7455.581146466435,""hma_order"":""SELL"",""hma_spread_atr"":5.678418708406215}},{""atr"":18.449254042402444,""bar"":{""body_fraction"":0.3333333333333333,""close"":7507.0,""close_position"":0.5,""direction"":""DOWN"",""high"":7513.0,""low"":7501.0,""lower_wick_fraction"":0.5,""move_atr"":-0.21681093397091755,""move_points"":-4.0,""open"":7511.0,""snapshot_time"":""2026-08-03T13:24:00+05:30"",""upper_wick_fraction"":0.16666666666666666,""volume"":3365.0},""close"":7507.0,""trend"":{""ema_ref"":7416.55201076992,""ema_slow"":7456.599341585912,""hma_order"":""SELL"",""hma_spread_atr"":5.710404671364048}},{""atr"":17.56002161080227,""bar"":{""body_fraction"":0.3333333333333333,""close"":7505.0,""close_position"":0.4166666666666667,""direction"":""DOWN"",""high"":7508.5,""low"":7502.5,""lower_wick_fraction"":0.4166666666666667,""move_atr"":-0.11389507623212004,""move_points"":-2.0,""open"":7507.0,""snapshot_time"":""2026-08-03T13:27:00+05:30"",""upper_wick_fraction"":0.25,""volume"":2136.0},""close"":7505.0,""trend"":{""ema_ref"":7417.432090264747,""ema_slow"":7457.557770465399,""hma_order"":""SELL"",""hma_spread_atr"":5.941966312699527}},{""atr"":16.948591495744964,""bar"":{""body_fraction"":0.6666666666666666,""close"":7500.0,""close_position"":0.0,""direction"":""DOWN"",""high"":7509.0,""low"":7500.0,""lower_wick_fraction"":0.0,""move_atr"":-0.3540117184077705,""move_points"":-6.0,""open"":7506.0,""snapshot_time"":""2026-08-03T13:30:00+05:30"",""upper_wick_fraction"":0.3333333333333333,""volume"":1937.0},""close"":7500.0,""trend"":{""ema_ref"":7418.253661505894,""ema_slow"":7458.3982106542035,""hma_order"":""SELL"",""hma_spread_atr"":6.083903727168402}},{""atr"":17.059406388906037,""bar"":{""body_fraction"":1.0,""close"":7518.5,""close_position"":1.0,""direction"":""UP"",""high"":7518.5,""low"":7500.0,""lower_wick_fraction"":0.0,""move_atr"":1.0844457056859145,""move_points"":18.5,""open"":7500.0,""snapshot_time"":""2026-08-03T13:33:00+05:30"",""upper_wick_fraction"":0.0,""volume"":4046.0},""close"":7518.5,""trend"":{""ema_ref"":7419.251137510811,""ema_slow"":7459.588345096695,""hma_order"":""SELL"",""hma_spread_atr"":5.96660505957583}}],""last_observation_hash"":""e4f1ffa1870f92e53b674f825dbcc6b77481e3d990f4a354896d2c274f0a3382"",""last_snapshot_time"":""2026-08-03T13:33:00+05:30"",""observation"":{""compression_box_high"":null,""compression_box_low"":null,""compression_candidate_bars"":0,""current_state"":""MATURE_EXTENSION"",""established_side"":""DOWN"",""exhaustion_active"":true,""exhaustion_age_bars"":6,""exhaustion_clear_bars"":0,""exhaustion_last_seen_at"":""2026-08-03T13:33:00+05:30"",""exhaustion_side"":""DOWN"",""exhaustion_started_at"":""2026-08-03T13:18:00+05:30"",""failure_breach_bars"":0,""last_close"":7518.5,""last_reason_codes"":[""ESTABLISHED_DIRECTIONAL_CONTEXT_RETAINED"",""MINIMUM_DWELL_MATURE_EXTENSION_2_BARS"",""OBSERVATION_STATE_MATURE_EXTENSION""],""last_snapshot_time"":""2026-08-03T13:33:00+05:30"",""leg_age_bars"":13,""leg_anchor_price"":7543.5,""leg_anchor_time"":""2026-08-03T12:57:00+05:30"",""leg_extreme_price"":7492.5,""leg_maturity_consumed"":true,""leg_maturity_extreme_price"":7492.5,""leg_maturity_onset_time"":""2026-08-03T13:30:00+05:30"",""leg_no_progress_bars"":6,""observation_count"":87,""pending_bars"":0,""pending_state"":null,""protection_level"":7543.5,""protection_source"":""INITIAL_DIRECTIONAL_ANCHOR"",""protection_time"":""2026-08-03T12:57:00+05:30"",""pullback_age_bars"":0,""pullback_candidate_bars"":0,""pullback_extreme_price"":null,""reacceleration_age_bars"":2,""recompression_age_bars"":0,""reversal_confirmation_bars"":0,""reversal_side"":""DOWN"",""state_age_bars"":2,""trading_day"":""2026-08-03"",""trend_anchor_price"":7543.5,""trend_candidate_bars"":0,""trend_candidate_side"":""UNKNOWN"",""trend_extreme_price"":7492.5,""trend_failure_age_bars"":0,""trend_onset_time"":""2026-08-03T12:57:00+05:30""},""symbol"":""ABB"",""trading_day"":""2026-08-03""}"
restoration-v3-current-day,development,restoration-trend-control-v3,backtest-default,OK,,,,ABB,2026-08-03,2026-08-03T13:36:00+05:30,2026-08-03T13:33:00+05:30,SNAPSHOT_AUCTION_AUTHORITY_V3A,3m,True,True,7512.0,2026-08-03T13:36:00,7518.0,7521.0,7512.0,7512.0,2656.0,16.483734503984177,BALANCE_QUALIFIED,BUY,dynamic_balance_stable_across_historical_cutoffs,RANGE_ACCEPTED,DYNAMIC:2026-08-03T13:00:00+05:30:2026-08-03T13:18:00+05:30,7492.5,7526.0,6,ok,UP_ACCELERATING,0.36399518559036353,0.07583233033132575,OK,INCREMENTAL_PREVIOUS_SNAPSHOT,AUTOTRADES_AUCTION_ENGINE,1.1.0,,,ORDERLY_DOWNTREND,DOWN,UP,False,True,True,DOWN,False,False,False,7543.5,INITIAL_DIRECTIONAL_ANCHOR,2026-08-03T12:57:00+05:30,DYNAMIC:2026-08-03T13:00:00+05:30:2026-08-03T13:18:00+05:30,7492.5,7526.0,True,0.582089552238806,0.12087912087912088,PRICE_ACTION,0.8206349206349206,ESTABLISHED_DIRECTIONAL_CONTEXT_RETAINED|OBSERVATION_TRANSITION_CONFIRMED|OBSERVATION_STATE_ORDERLY_DOWNTREND|OBJECTIVE_ACCEPTED_RANGE_GEOMETRY_PRESENT|OBJECTIVE_TREND_PROTECTION_GEOMETRY_PRESENT,DIR:ABB:2026-08-03:006:UP:133300,REVERSAL_LEG,REVERSAL_LEG,UP,REVERSAL_EVENT_HANDOFF,DIR:ABB:2026-08-03:005:DOWN:124500,DIR:ABB:2026-08-03:005:DOWN:124500:DIRECTIONAL_REVERSAL_CONFIRMED:133300,2026-08-03T13:33:00+05:30,2026-08-03T13:33:00+05:30,2,7518.5,7521.0,2026-08-03T13:36:00+05:30,,,7513.0,OBSERVATION_REJECTION_OR_FAILED_EXTREME:BAR_HIGH,2026-08-03T13:24:00+05:30,0,0.0,0,False,REVERSAL_LEG_RETAINED_WITHOUT_ESTABLISHMENT,6,UNKNOWN,0,0,0,0,0,ORDERLY_DOWNTREND,2026-08-03T13:36:00+05:30,REVERSAL_LEG_RETAINED_WITHOUT_ESTABLISHMENT,BAL:ABB:2026-08-03:005:NEUTRAL:132100,PROBABLE,PROBABLE,2,,7492.5,7526.0,,,UNKNOWN,0,0,0,0,False,False,BALANCE_SOURCE_RANGE_RETAINED|BALANCE_BAR_CONTAINED_IN_CANDIDATE|BALANCE_CONTAINMENT_PROGRESS|PROBABLE_BALANCE_RETAINED,0,,,,,,0,,,,,MATCH,MATCH,MATCH,MATCH,False,0,False,False,False,True,,COHERENT,[],[],"{""accepted_range_breakout_eligible"":true,""accepted_range_established_at"":""2026-08-03T13:18:00+05:30"",""accepted_range_high"":7526.0,""accepted_range_id"":""DYNAMIC:2026-08-03T13:00:00+05:30:2026-08-03T13:18:00+05:30"",""accepted_range_inside"":true,""accepted_range_low"":7492.5,""accepted_range_outside_atr"":0.0,""accepted_range_position"":0.582089552238806,""accepted_range_provisional"":false,""atr"":16.483734503984177,""close"":7512.0,""current_leg_mature"":false,""directional_bias"":""DOWN"",""directional_efficiency"":0.12087912087912088,""directional_efficiency_source"":""PRICE_ACTION"",""exhausted_side"":""DOWN"",""exhaustion_active"":true,""extension_mature"":true,""failed_extreme_observed"":false,""high"":7521.0,""low"":7512.0,""observation_state"":""ORDERLY_DOWNTREND"",""overlap_ratio"":0.8206349206349206,""range_width_atr"":2.03230645287953,""rejection_observed"":false,""snapshot_time"":""2026-08-03T13:36:00+05:30"",""source_reason_codes"":[""ESTABLISHED_DIRECTIONAL_CONTEXT_RETAINED"",""OBSERVATION_TRANSITION_CONFIRMED"",""OBSERVATION_STATE_ORDERLY_DOWNTREND"",""OBJECTIVE_ACCEPTED_RANGE_GEOMETRY_PRESENT"",""OBJECTIVE_TREND_PROTECTION_GEOMETRY_PRESENT""],""structural_failure_confirmed"":false,""symbol"":""ABB"",""trading_day"":""2026-08-03"",""trend_direction"":""UP"",""trend_protection_level"":7543.5,""trend_protection_source"":""INITIAL_DIRECTIONAL_ANCHOR"",""trend_protection_time"":""2026-08-03T12:57:00+05:30""}","{""continuation_failure_seen"":false,""continuation_failure_time"":null,""current_state"":""REVERSAL_LEG"",""direction"":""UP"",""episode_id"":""DIR:ABB:2026-08-03:006:UP:133300"",""extreme_price"":7521.0,""extreme_time"":""2026-08-03T13:36:00+05:30"",""first_adverse_bar_close"":null,""first_adverse_bar_level"":null,""first_adverse_bar_time"":null,""origin_event_id"":""DIR:ABB:2026-08-03:005:DOWN:124500:DIRECTIONAL_REVERSAL_CONFIRMED:133300"",""origin_price"":7518.5,""origin_source"":""REVERSAL_EVENT_HANDOFF"",""parent_episode_id"":""DIR:ABB:2026-08-03:005:DOWN:124500"",""previous_state"":""REVERSAL_LEG"",""protection_level"":null,""protection_source"":"""",""reason_codes"":[""REVERSAL_LEG_RETAINED_WITHOUT_ESTABLISHMENT""],""rejection_seen"":false,""reversal_confirmation_breach_closes"":0,""reversal_confirmation_level"":7513.0,""reversal_confirmation_level_time"":""2026-08-03T13:24:00+05:30"",""reversal_confirmation_source"":""OBSERVATION_REJECTION_OR_FAILED_EXTREME:BAR_HIGH"",""reversal_leg_failure_closes"":0,""reversal_leg_progress_atr"":0.0,""reversal_leg_progress_bars"":0,""started_at"":""2026-08-03T13:33:00+05:30"",""state_age_bars"":2,""state_started_at"":""2026-08-03T13:33:00+05:30""}","{""attempt_limit_reached"":false,""candidate_bar_expansion_count"":0,""candidate_high"":7526.0,""candidate_last_valid_at"":""2026-08-03T13:36:00+05:30"",""candidate_low"":7492.5,""candidate_merge_count"":0,""containment_bars"":6,""containment_ratio"":1.0,""current_state"":""PROBABLE"",""down_escape_attempt_count"":0,""episode_id"":""BAL:ABB:2026-08-03:005:NEUTRAL:132100"",""escape_attempt_count"":0,""escape_direction"":""UNKNOWN"",""failed_escape_count"":0,""forming_bars_observed"":6,""forming_invalid_bars"":0,""frozen_high"":null,""frozen_low"":null,""last_escape_direction"":""UNKNOWN"",""last_escape_failed_at"":null,""last_escape_started_at"":null,""marginal_excursion_bars"":0,""meaningful_escape_bars"":0,""outside_close_count"":0,""previous_state"":""PROBABLE"",""range_id"":null,""rearm_bars_elapsed"":0,""rearm_inside_close_count"":0,""rearm_required"":false,""reason_codes"":[""BALANCE_SOURCE_RANGE_RETAINED"",""BALANCE_BAR_CONTAINED_IN_CANDIDATE"",""BALANCE_CONTAINMENT_PROGRESS"",""PROBABLE_BALANCE_RETAINED""],""reentry_close_count"":0,""source_range_ids"":[""DYNAMIC:2026-08-03T13:00:00+05:30:2026-08-03T13:18:00+05:30""],""started_at"":""2026-08-03T13:21:00+05:30"",""state_age_bars"":2,""state_started_at"":""2026-08-03T13:33:00+05:30"",""up_escape_attempt_count"":0}","{""balance_attempt_limit_reached"":false,""balance_candidate_bar_expansion_count"":0,""balance_candidate_merge_count"":0,""balance_containment_ratio"":1.0,""balance_down_escape_attempt_count"":0,""balance_escape_attempt_count"":0,""balance_failed_escape_count"":0,""balance_forming_bars_observed"":6,""balance_forming_invalid_bars"":0,""balance_last_escape_direction"":""UNKNOWN"",""balance_last_escape_failed_at"":null,""balance_last_escape_started_at"":null,""balance_marginal_excursion_bars"":0,""balance_meaningful_escape_bars"":0,""balance_rearm_bars_elapsed"":0,""balance_rearm_inside_close_count"":0,""balance_rearm_required"":false,""balance_up_escape_attempt_count"":0,""directional_origin_event_id"":""DIR:ABB:2026-08-03:005:DOWN:124500:DIRECTIONAL_REVERSAL_CONFIRMED:133300"",""directional_origin_source"":""REVERSAL_EVENT_HANDOFF"",""directional_parent_episode_id"":""DIR:ABB:2026-08-03:005:DOWN:124500"",""directional_reversal_watch_age_bars"":0,""directional_start_candidate_bars"":0,""directional_start_candidate_side"":""UNKNOWN"",""observation_accepted_range_id"":""DYNAMIC:2026-08-03T13:00:00+05:30:2026-08-03T13:18:00+05:30"",""observation_current_leg_mature"":false,""observation_directional_bias"":""DOWN"",""observation_exhaustion_active"":true,""observation_state"":""ORDERLY_DOWNTREND""}","{""balance"":{""attempt_limit_reached"":false,""candidate_bar_expansion_count"":0,""candidate_high"":7526.0,""candidate_last_valid_at"":""2026-08-03T13:36:00+05:30"",""candidate_low"":7492.5,""candidate_merge_count"":0,""containment_bars"":6,""down_escape_attempt_count"":0,""emitted_event_ids"":[""BAL:ABB:2026-08-03:001:NEUTRAL:100600:BALANCE_COMPLETED:105400"",""BAL:ABB:2026-08-03:001:NEUTRAL:100600:BALANCE_ESCAPE_ACCEPTED:105100"",""BAL:ABB:2026-08-03:001:NEUTRAL:100600:BALANCE_ESCAPE_STARTED:104800"",""BAL:ABB:2026-08-03:001:NEUTRAL:100600:BALANCE_FORMING_STARTED:100600"",""BAL:ABB:2026-08-03:001:NEUTRAL:100600:BALANCE_LOCKED:102700"",""BAL:ABB:2026-08-03:001:NEUTRAL:100600:BALANCE_PROBABLE:101800"",""BAL:ABB:2026-08-03:002:NEUTRAL:112100:BALANCE_COMPLETED:113000"",""BAL:ABB:2026-08-03:002:NEUTRAL:112100:BALANCE_FORMING_STARTED:112100"",""BAL:ABB:2026-08-03:003:NEUTRAL:114800:BALANCE_COMPLETED:115400"",""BAL:ABB:2026-08-03:003:NEUTRAL:114800:BALANCE_FORMING_STARTED:114800"",""BAL:ABB:2026-08-03:004:NEUTRAL:122400:BALANCE_COMPLETED:125400"",""BAL:ABB:2026-08-03:004:NEUTRAL:122400:BALANCE_ESCAPE_ACCEPTED:125100"",""BAL:ABB:2026-08-03:004:NEUTRAL:122400:BALANCE_ESCAPE_STARTED:124800"",""BAL:ABB:2026-08-03:004:NEUTRAL:122400:BALANCE_FORMING_STARTED:122400"",""BAL:ABB:2026-08-03:004:NEUTRAL:122400:BALANCE_LOCKED:124500"",""BAL:ABB:2026-08-03:004:NEUTRAL:122400:BALANCE_PROBABLE:123600"",""BAL:ABB:2026-08-03:005:NEUTRAL:132100:BALANCE_FORMING_STARTED:132100"",""BAL:ABB:2026-08-03:005:NEUTRAL:132100:BALANCE_PROBABLE:133300""],""episode_id"":""BAL:ABB:2026-08-03:005:NEUTRAL:132100"",""escape_attempt_count"":0,""escape_direction"":""UNKNOWN"",""failed_escape_count"":0,""forming_bars_observed"":6,""forming_invalid_bars"":0,""frozen_high"":null,""frozen_low"":null,""last_escape_direction"":""UNKNOWN"",""last_escape_failed_at"":null,""last_escape_started_at"":null,""last_reason_codes"":[""BALANCE_SOURCE_RANGE_RETAINED"",""BALANCE_BAR_CONTAINED_IN_CANDIDATE"",""BALANCE_CONTAINMENT_PROGRESS"",""PROBABLE_BALANCE_RETAINED""],""marginal_excursion_bars"":0,""meaningful_escape_bars"":0,""outside_close_count"":0,""range_id"":null,""rearm_bars_elapsed"":0,""rearm_inside_close_count"":0,""rearm_required"":false,""reentry_close_count"":0,""sequence"":5,""source_range_ids"":[""DYNAMIC:2026-08-03T13:00:00+05:30:2026-08-03T13:18:00+05:30""],""started_at"":""2026-08-03T13:21:00+05:30"",""state"":""PROBABLE"",""state_age_bars"":2,""state_started_at"":""2026-08-03T13:33:00+05:30"",""up_escape_attempt_count"":0},""directional"":{""continuation_failure_progress_bars"":0,""continuation_failure_seen"":false,""continuation_failure_seen_at"":null,""direction"":""UP"",""emitted_event_ids"":[""DIR:ABB:2026-08-03:001:DOWN:101500:DIRECTIONAL_COMPLETED:105100"",""DIR:ABB:2026-08-03:001:DOWN:101500:DIRECTIONAL_STARTED:101500"",""DIR:ABB:2026-08-03:002:UP:110000:DIRECTIONAL_COMPLETED:113900"",""DIR:ABB:2026-08-03:002:UP:110000:DIRECTIONAL_MATURED:110300"",""DIR:ABB:2026-08-03:002:UP:110000:DIRECTIONAL_REVERSAL_CONFIRMED:113900"",""DIR:ABB:2026-08-03:002:UP:110000:DIRECTIONAL_STARTED:110000"",""DIR:ABB:2026-08-03:002:UP:110000:REVERSAL_WATCH_STARTED:110600"",""DIR:ABB:2026-08-03:003:DOWN:113900:DIRECTIONAL_COMPLETED:115400"",""DIR:ABB:2026-08-03:003:DOWN:113900:DIRECTIONAL_REVERSAL_LEG_FAILED:115400"",""DIR:ABB:2026-08-03:003:DOWN:113900:DIRECTIONAL_REVERSAL_LEG_STARTED:113900"",""DIR:ABB:2026-08-03:004:UP:120000:DIRECTIONAL_COMPLETED:124500"",""DIR:ABB:2026-08-03:004:UP:120000:DIRECTIONAL_CONTINUATION_CONFIRMED:123300"",""DIR:ABB:2026-08-03:004:UP:120000:DIRECTIONAL_MATURED:120300"",""DIR:ABB:2026-08-03:004:UP:120000:DIRECTIONAL_MATURED:123900"",""DIR:ABB:2026-08-03:004:UP:120000:DIRECTIONAL_REVERSAL_CONFIRMED:124500"",""DIR:ABB:2026-08-03:004:UP:120000:DIRECTIONAL_STARTED:120000"",""DIR:ABB:2026-08-03:004:UP:120000:DIRECTIONAL_TREND_RESTORED:122100"",""DIR:ABB:2026-08-03:004:UP:120000:REVERSAL_WATCH_STARTED:120600"",""DIR:ABB:2026-08-03:004:UP:120000:REVERSAL_WATCH_STARTED:124200"",""DIR:ABB:2026-08-03:005:DOWN:124500:DIRECTIONAL_COMPLETED:133300"",""DIR:ABB:2026-08-03:005:DOWN:124500:DIRECTIONAL_MATURED:125700"",""DIR:ABB:2026-08-03:005:DOWN:124500:DIRECTIONAL_MATURED:131800"",""DIR:ABB:2026-08-03:005:DOWN:124500:DIRECTIONAL_REVERSAL_CONFIRMED:133300"",""DIR:ABB:2026-08-03:005:DOWN:124500:DIRECTIONAL_REVERSAL_LEG_ESTABLISHED:125100"",""DIR:ABB:2026-08-03:005:DOWN:124500:DIRECTIONAL_REVERSAL_LEG_STARTED:124500"",""DIR:ABB:2026-08-03:005:DOWN:124500:DIRECTIONAL_TREND_RESTORED:131500"",""DIR:ABB:2026-08-03:005:DOWN:124500:REVERSAL_WATCH_STARTED:130000"",""DIR:ABB:2026-08-03:005:DOWN:124500:REVERSAL_WATCH_STARTED:132100"",""DIR:ABB:2026-08-03:006:UP:133300:DIRECTIONAL_REVERSAL_LEG_STARTED:133300""],""episode_id"":""DIR:ABB:2026-08-03:006:UP:133300"",""extreme_price"":7521.0,""extreme_time"":""2026-08-03T13:36:00+05:30"",""first_adverse_bar_close"":null,""first_adverse_bar_level"":null,""first_adverse_bar_time"":null,""inactive_bars"":0,""last_close"":7512.0,""last_observation_state"":""ORDERLY_DOWNTREND"",""last_observation_state_time"":""2026-08-03T13:36:00+05:30"",""last_reason_codes"":[""REVERSAL_LEG_RETAINED_WITHOUT_ESTABLISHMENT""],""opposite_control_bars"":0,""origin_event_id"":""DIR:ABB:2026-08-03:005:DOWN:124500:DIRECTIONAL_REVERSAL_CONFIRMED:133300"",""origin_price"":7518.5,""origin_source"":""REVERSAL_EVENT_HANDOFF"",""parent_episode_id"":""DIR:ABB:2026-08-03:005:DOWN:124500"",""protection_level"":null,""protection_source"":"""",""protection_time"":null,""rejection_seen"":false,""rejection_seen_at"":null,""reversal_confirmation_breach_closes"":0,""reversal_confirmation_level"":7513.0,""reversal_confirmation_level_time"":""2026-08-03T13:24:00+05:30"",""reversal_confirmation_source"":""OBSERVATION_REJECTION_OR_FAILED_EXTREME:BAR_HIGH"",""reversal_leg_failure_closes"":0,""reversal_leg_progress_atr"":0.0,""reversal_leg_progress_bars"":0,""reversal_watch_age_bars"":0,""sequence"":6,""start_candidate_bars"":0,""start_candidate_side"":""UNKNOWN"",""started_at"":""2026-08-03T13:33:00+05:30"",""state"":""REVERSAL_LEG"",""state_age_bars"":2,""state_started_at"":""2026-08-03T13:33:00+05:30"",""trend_restore_bars"":0},""evidence_history"":[{""atr"":21.69002765110458,""bar"":{""body_fraction"":0.14285714285714285,""close"":7517.5,""close_position"":0.7142857142857143,""direction"":""DOWN"",""high"":7520.5,""low"":7510.0,""lower_wick_fraction"":0.7142857142857143,""move_atr"":-0.06915620506014485,""move_points"":-1.5,""open"":7519.0,""snapshot_time"":""2026-08-03T13:03:00+05:30"",""upper_wick_fraction"":0.14285714285714285,""volume"":2740.0},""close"":7517.5,""trend"":{""ema_ref"":7409.678374065596,""ema_slow"":7448.372754110344,""hma_order"":""SELL"",""hma_spread_atr"":6.842165862689831}},{""atr"":20.71216853316854,""bar"":{""body_fraction"":0.0,""close"":7519.5,""close_position"":0.9375,""direction"":""NEUTRAL"",""high"":7520.0,""low"":7512.0,""lower_wick_fraction"":0.9375,""move_atr"":0.0,""move_points"":0.0,""open"":7519.5,""snapshot_time"":""2026-08-03T13:06:00+05:30"",""upper_wick_fraction"":0.0625,""volume"":1613.0},""close"":7519.5,""trend"":{""ema_ref"":7410.771126562456,""ema_slow"":7449.781214424989,""hma_order"":""SELL"",""hma_spread_atr"":6.880412727056889}},{""atr"":20.375585066513644,""bar"":{""body_fraction"":1.0,""close"":7503.5,""close_position"":0.0,""direction"":""DOWN"",""high"":7519.5,""low"":7503.5,""lower_wick_fraction"":0.0,""move_atr"":-0.7852535251267596,""move_points"":-16.0,""open"":7519.5,""snapshot_time"":""2026-08-03T13:09:00+05:30"",""upper_wick_fraction"":0.0,""volume"":4206.0},""close"":7503.5,""trend"":{""ema_ref"":7411.693801920043,""ema_slow"":7450.844952753208,""hma_order"":""SELL"",""hma_spread_atr"":6.675016813863992}},{""atr"":19.527328990334095,""bar"":{""body_fraction"":0.17647058823529413,""close"":7502.0,""close_position"":0.2352941176470588,""direction"":""DOWN"",""high"":7508.5,""low"":7500.0,""lower_wick_fraction"":0.2352941176470588,""move_atr"":-0.0768154211332482,""move_points"":-1.5,""open"":7503.5,""snapshot_time"":""2026-08-03T13:12:00+05:30"",""upper_wick_fraction"":0.5882352941176471,""volume"":2672.0},""close"":7502.0,""trend"":{""ema_ref"":7412.592371055168,""ema_slow"":7451.857923985817,""hma_order"":""SELL"",""hma_spread_atr"":6.606012375761779}},{""atr"":20.52537691959595,""bar"":{""body_fraction"":0.4626865671641791,""close"":7517.5,""close_position"":0.746268656716418,""direction"":""UP"",""high"":7526.0,""low"":7492.5,""lower_wick_fraction"":0.2835820895522388,""move_atr"":0.755162746132173,""move_points"":15.5,""open"":7502.0,""snapshot_time"":""2026-08-03T13:15:00+05:30"",""upper_wick_fraction"":0.2537313432835821,""volume"":10055.0},""close"":7517.5,""trend"":{""ema_ref"":7413.636228059594,""ema_slow"":7453.157767075207,""hma_order"":""SELL"",""hma_spread_atr"":5.940177061074319}},{""atr"":19.59499285391052,""bar"":{""body_fraction"":0.2,""close"":7519.0,""close_position"":0.5333333333333333,""direction"":""UP"",""high"":7522.5,""low"":7515.0,""lower_wick_fraction"":0.3333333333333333,""move_atr"":0.07655016825896156,""move_points"":1.5,""open"":7517.5,""snapshot_time"":""2026-08-03T13:18:00+05:30"",""upper_wick_fraction"":0.4666666666666667,""volume"":1867.0},""close"":7519.0,""trend"":{""ema_ref"":7414.684623800295,""ema_slow"":7454.461573667777,""hma_order"":""SELL"",""hma_spread_atr"":5.860919301696179}},{""atr"":18.94535050720263,""bar"":{""body_fraction"":0.7619047619047619,""close"":7511.0,""close_position"":0.1904761904761905,""direction"":""DOWN"",""high"":7519.5,""low"":7509.0,""lower_wick_fraction"":0.1904761904761905,""move_atr"":-0.4222671941043564,""move_points"":-8.0,""open"":7519.0,""snapshot_time"":""2026-08-03T13:21:00+05:30"",""upper_wick_fraction"":0.047619047619047616,""volume"":1875.0},""close"":7511.0,""trend"":{""ema_ref"":7415.642985752532,""ema_slow"":7455.581146466435,""hma_order"":""SELL"",""hma_spread_atr"":5.678418708406215}},{""atr"":18.449254042402444,""bar"":{""body_fraction"":0.3333333333333333,""close"":7507.0,""close_position"":0.5,""direction"":""DOWN"",""high"":7513.0,""low"":7501.0,""lower_wick_fraction"":0.5,""move_atr"":-0.21681093397091755,""move_points"":-4.0,""open"":7511.0,""snapshot_time"":""2026-08-03T13:24:00+05:30"",""upper_wick_fraction"":0.16666666666666666,""volume"":3365.0},""close"":7507.0,""trend"":{""ema_ref"":7416.55201076992,""ema_slow"":7456.599341585912,""hma_order"":""SELL"",""hma_spread_atr"":5.710404671364048}},{""atr"":17.56002161080227,""bar"":{""body_fraction"":0.3333333333333333,""close"":7505.0,""close_position"":0.4166666666666667,""direction"":""DOWN"",""high"":7508.5,""low"":7502.5,""lower_wick_fraction"":0.4166666666666667,""move_atr"":-0.11389507623212004,""move_points"":-2.0,""open"":7507.0,""snapshot_time"":""2026-08-03T13:27:00+05:30"",""upper_wick_fraction"":0.25,""volume"":2136.0},""close"":7505.0,""trend"":{""ema_ref"":7417.432090264747,""ema_slow"":7457.557770465399,""hma_order"":""SELL"",""hma_spread_atr"":5.941966312699527}},{""atr"":16.948591495744964,""bar"":{""body_fraction"":0.6666666666666666,""close"":7500.0,""close_position"":0.0,""direction"":""DOWN"",""high"":7509.0,""low"":7500.0,""lower_wick_fraction"":0.0,""move_atr"":-0.3540117184077705,""move_points"":-6.0,""open"":7506.0,""snapshot_time"":""2026-08-03T13:30:00+05:30"",""upper_wick_fraction"":0.3333333333333333,""volume"":1937.0},""close"":7500.0,""trend"":{""ema_ref"":7418.253661505894,""ema_slow"":7458.3982106542035,""hma_order"":""SELL"",""hma_spread_atr"":6.083903727168402}},{""atr"":17.059406388906037,""bar"":{""body_fraction"":1.0,""close"":7518.5,""close_position"":1.0,""direction"":""UP"",""high"":7518.5,""low"":7500.0,""lower_wick_fraction"":0.0,""move_atr"":1.0844457056859145,""move_points"":18.5,""open"":7500.0,""snapshot_time"":""2026-08-03T13:33:00+05:30"",""upper_wick_fraction"":0.0,""volume"":4046.0},""close"":7518.5,""trend"":{""ema_ref"":7419.251137510811,""ema_slow"":7459.588345096695,""hma_order"":""SELL"",""hma_spread_atr"":5.96660505957583}},{""atr"":16.483734503984177,""bar"":{""body_fraction"":0.6666666666666666,""close"":7512.0,""close_position"":0.0,""direction"":""DOWN"",""high"":7521.0,""low"":7512.0,""lower_wick_fraction"":0.0,""move_atr"":-0.36399518559036353,""move_points"":-6.0,""open"":7518.0,""snapshot_time"":""2026-08-03T13:36:00+05:30"",""upper_wick_fraction"":0.3333333333333333,""volume"":2656.0},""close"":7512.0,""trend"":{""ema_ref"":7420.174011764434,""ema_slow"":7460.626199649236,""hma_order"":""SELL"",""hma_spread_atr"":6.085804503715556}}],""last_observation_hash"":""7491d4919333a88c69b269bca8ddc6edecb2f926f37399da63005d2e3ae8cc91"",""last_snapshot_time"":""2026-08-03T13:36:00+05:30"",""observation"":{""compression_box_high"":7521.0,""compression_box_low"":7512.0,""compression_candidate_bars"":1,""current_state"":""ORDERLY_DOWNTREND"",""established_side"":""DOWN"",""exhaustion_active"":true,""exhaustion_age_bars"":7,""exhaustion_clear_bars"":0,""exhaustion_last_seen_at"":""2026-08-03T13:36:00+05:30"",""exhaustion_side"":""DOWN"",""exhaustion_started_at"":""2026-08-03T13:18:00+05:30"",""failure_breach_bars"":0,""last_close"":7512.0,""last_reason_codes"":[""ESTABLISHED_DIRECTIONAL_CONTEXT_RETAINED"",""OBSERVATION_TRANSITION_CONFIRMED"",""OBSERVATION_STATE_ORDERLY_DOWNTREND""],""last_snapshot_time"":""2026-08-03T13:36:00+05:30"",""leg_age_bars"":14,""leg_anchor_price"":7543.5,""leg_anchor_time"":""2026-08-03T12:57:00+05:30"",""leg_extreme_price"":7492.5,""leg_maturity_consumed"":true,""leg_maturity_extreme_price"":7492.5,""leg_maturity_onset_time"":""2026-08-03T13:30:00+05:30"",""leg_no_progress_bars"":7,""observation_count"":88,""pending_bars"":0,""pending_state"":null,""protection_level"":7543.5,""protection_source"":""INITIAL_DIRECTIONAL_ANCHOR"",""protection_time"":""2026-08-03T12:57:00+05:30"",""pullback_age_bars"":0,""pullback_candidate_bars"":0,""pullback_extreme_price"":null,""reacceleration_age_bars"":2,""recompression_age_bars"":0,""reversal_confirmation_bars"":0,""reversal_side"":""DOWN"",""state_age_bars"":1,""trading_day"":""2026-08-03"",""trend_anchor_price"":7543.5,""trend_candidate_bars"":0,""trend_candidate_side"":""UNKNOWN"",""trend_extreme_price"":7492.5,""trend_failure_age_bars"":0,""trend_onset_time"":""2026-08-03T12:57:00+05:30""},""symbol"":""ABB"",""trading_day"":""2026-08-03""}"
restoration-v3-current-day,development,restoration-trend-control-v3,backtest-default,OK,,,,ABB,2026-08-03,2026-08-03T13:39:00+05:30,2026-08-03T13:36:00+05:30,SNAPSHOT_AUCTION_AUTHORITY_V3A,3m,True,True,7520.0,2026-08-03T13:39:00,7512.0,7523.0,7512.0,7520.0,3111.0,16.092039182271023,BALANCE_QUALIFIED,BUY,dynamic_balance_waiting_for_stable_historical_cutoff,RANGE_ACCEPTED,DYNAMIC:2026-08-03T13:00:00+05:30:2026-08-03T13:18:00+05:30,7492.5,7526.0,7,ok,UP_SLOWING,0.04660689621153127,0.2330344810576563,OK,INCREMENTAL_PREVIOUS_SNAPSHOT,AUTOTRADES_AUCTION_ENGINE,1.1.0,,,ORDERLY_DOWNTREND,DOWN,UP,False,False,True,DOWN,False,False,False,7543.5,INITIAL_DIRECTIONAL_ANCHOR,2026-08-03T12:57:00+05:30,DYNAMIC:2026-08-03T13:00:00+05:30:2026-08-03T13:18:00+05:30,7492.5,7526.0,True,0.8208955223880597,0.019230769230769232,PRICE_ACTION,0.9444444444444444,ESTABLISHED_DIRECTIONAL_CONTEXT_RETAINED|OBSERVATION_PROPOSAL_MATCHED_CURRENT|OBSERVATION_STATE_ORDERLY_DOWNTREND|OBJECTIVE_ACCEPTED_RANGE_GEOMETRY_PRESENT|OBJECTIVE_TREND_PROTECTION_GEOMETRY_PRESENT,DIR:ABB:2026-08-03:006:UP:133300,REVERSAL_LEG,REVERSAL_LEG,UP,REVERSAL_EVENT_HANDOFF,DIR:ABB:2026-08-03:005:DOWN:124500,DIR:ABB:2026-08-03:005:DOWN:124500:DIRECTIONAL_REVERSAL_CONFIRMED:133300,2026-08-03T13:33:00+05:30,2026-08-03T13:33:00+05:30,3,7518.5,7523.0,2026-08-03T13:39:00+05:30,,,7513.0,OBSERVATION_REJECTION_OR_FAILED_EXTREME:BAR_HIGH,2026-08-03T13:24:00+05:30,0,0.09321379242306252,0,False,REVERSAL_LEG_DIRECTIONAL_PROGRESS,6,UNKNOWN,0,0,0,0,0,ORDERLY_DOWNTREND,2026-08-03T13:39:00+05:30,REVERSAL_LEG_DIRECTIONAL_PROGRESS,BAL:ABB:2026-08-03:005:NEUTRAL:132100,PROBABLE,PROBABLE,3,,7492.5,7526.0,,,UNKNOWN,0,0,0,0,False,False,BALANCE_SOURCE_RANGE_RETAINED|BALANCE_BAR_CONTAINED_IN_CANDIDATE|BALANCE_CONTAINMENT_PROGRESS|PROBABLE_BALANCE_RETAINED,0,,,,,,0,,,,,MATCH,MATCH,MATCH,MATCH,False,0,False,False,False,True,,COHERENT,[],[],"{""accepted_range_breakout_eligible"":true,""accepted_range_established_at"":""2026-08-03T13:18:00+05:30"",""accepted_range_high"":7526.0,""accepted_range_id"":""DYNAMIC:2026-08-03T13:00:00+05:30:2026-08-03T13:18:00+05:30"",""accepted_range_inside"":true,""accepted_range_low"":7492.5,""accepted_range_outside_atr"":0.0,""accepted_range_position"":0.8208955223880597,""accepted_range_provisional"":false,""atr"":16.092039182271023,""close"":7520.0,""current_leg_mature"":false,""directional_bias"":""DOWN"",""directional_efficiency"":0.019230769230769232,""directional_efficiency_source"":""PRICE_ACTION"",""exhausted_side"":""DOWN"",""exhaustion_active"":true,""extension_mature"":false,""failed_extreme_observed"":false,""high"":7523.0,""low"":7512.0,""observation_state"":""ORDERLY_DOWNTREND"",""overlap_ratio"":0.9444444444444444,""range_width_atr"":2.0817746974483966,""rejection_observed"":false,""snapshot_time"":""2026-08-03T13:39:00+05:30"",""source_reason_codes"":[""ESTABLISHED_DIRECTIONAL_CONTEXT_RETAINED"",""OBSERVATION_PROPOSAL_MATCHED_CURRENT"",""OBSERVATION_STATE_ORDERLY_DOWNTREND"",""OBJECTIVE_ACCEPTED_RANGE_GEOMETRY_PRESENT"",""OBJECTIVE_TREND_PROTECTION_GEOMETRY_PRESENT""],""structural_failure_confirmed"":false,""symbol"":""ABB"",""trading_day"":""2026-08-03"",""trend_direction"":""UP"",""trend_protection_level"":7543.5,""trend_protection_source"":""INITIAL_DIRECTIONAL_ANCHOR"",""trend_protection_time"":""2026-08-03T12:57:00+05:30""}","{""continuation_failure_seen"":false,""continuation_failure_time"":null,""current_state"":""REVERSAL_LEG"",""direction"":""UP"",""episode_id"":""DIR:ABB:2026-08-03:006:UP:133300"",""extreme_price"":7523.0,""extreme_time"":""2026-08-03T13:39:00+05:30"",""first_adverse_bar_close"":null,""first_adverse_bar_level"":null,""first_adverse_bar_time"":null,""origin_event_id"":""DIR:ABB:2026-08-03:005:DOWN:124500:DIRECTIONAL_REVERSAL_CONFIRMED:133300"",""origin_price"":7518.5,""origin_source"":""REVERSAL_EVENT_HANDOFF"",""parent_episode_id"":""DIR:ABB:2026-08-03:005:DOWN:124500"",""previous_state"":""REVERSAL_LEG"",""protection_level"":null,""protection_source"":"""",""reason_codes"":[""REVERSAL_LEG_DIRECTIONAL_PROGRESS""],""rejection_seen"":false,""reversal_confirmation_breach_closes"":0,""reversal_confirmation_level"":7513.0,""reversal_confirmation_level_time"":""2026-08-03T13:24:00+05:30"",""reversal_confirmation_source"":""OBSERVATION_REJECTION_OR_FAILED_EXTREME:BAR_HIGH"",""reversal_leg_failure_closes"":0,""reversal_leg_progress_atr"":0.09321379242306252,""reversal_leg_progress_bars"":0,""started_at"":""2026-08-03T13:33:00+05:30"",""state_age_bars"":3,""state_started_at"":""2026-08-03T13:33:00+05:30""}","{""attempt_limit_reached"":false,""candidate_bar_expansion_count"":0,""candidate_high"":7526.0,""candidate_last_valid_at"":""2026-08-03T13:39:00+05:30"",""candidate_low"":7492.5,""candidate_merge_count"":0,""containment_bars"":7,""containment_ratio"":1.0,""current_state"":""PROBABLE"",""down_escape_attempt_count"":0,""episode_id"":""BAL:ABB:2026-08-03:005:NEUTRAL:132100"",""escape_attempt_count"":0,""escape_direction"":""UNKNOWN"",""failed_escape_count"":0,""forming_bars_observed"":7,""forming_invalid_bars"":0,""frozen_high"":null,""frozen_low"":null,""last_escape_direction"":""UNKNOWN"",""last_escape_failed_at"":null,""last_escape_started_at"":null,""marginal_excursion_bars"":0,""meaningful_escape_bars"":0,""outside_close_count"":0,""previous_state"":""PROBABLE"",""range_id"":null,""rearm_bars_elapsed"":0,""rearm_inside_close_count"":0,""rearm_required"":false,""reason_codes"":[""BALANCE_SOURCE_RANGE_RETAINED"",""BALANCE_BAR_CONTAINED_IN_CANDIDATE"",""BALANCE_CONTAINMENT_PROGRESS"",""PROBABLE_BALANCE_RETAINED""],""reentry_close_count"":0,""source_range_ids"":[""DYNAMIC:2026-08-03T13:00:00+05:30:2026-08-03T13:18:00+05:30""],""started_at"":""2026-08-03T13:21:00+05:30"",""state_age_bars"":3,""state_started_at"":""2026-08-03T13:33:00+05:30"",""up_escape_attempt_count"":0}","{""balance_attempt_limit_reached"":false,""balance_candidate_bar_expansion_count"":0,""balance_candidate_merge_count"":0,""balance_containment_ratio"":1.0,""balance_down_escape_attempt_count"":0,""balance_escape_attempt_count"":0,""balance_failed_escape_count"":0,""balance_forming_bars_observed"":7,""balance_forming_invalid_bars"":0,""balance_last_escape_direction"":""UNKNOWN"",""balance_last_escape_failed_at"":null,""balance_last_escape_started_at"":null,""balance_marginal_excursion_bars"":0,""balance_meaningful_escape_bars"":0,""balance_rearm_bars_elapsed"":0,""balance_rearm_inside_close_count"":0,""balance_rearm_required"":false,""balance_up_escape_attempt_count"":0,""directional_origin_event_id"":""DIR:ABB:2026-08-03:005:DOWN:124500:DIRECTIONAL_REVERSAL_CONFIRMED:133300"",""directional_origin_source"":""REVERSAL_EVENT_HANDOFF"",""directional_parent_episode_id"":""DIR:ABB:2026-08-03:005:DOWN:124500"",""directional_reversal_watch_age_bars"":0,""directional_start_candidate_bars"":0,""directional_start_candidate_side"":""UNKNOWN"",""observation_accepted_range_id"":""DYNAMIC:2026-08-03T13:00:00+05:30:2026-08-03T13:18:00+05:30"",""observation_current_leg_mature"":false,""observation_directional_bias"":""DOWN"",""observation_exhaustion_active"":true,""observation_state"":""ORDERLY_DOWNTREND""}","{""balance"":{""attempt_limit_reached"":false,""candidate_bar_expansion_count"":0,""candidate_high"":7526.0,""candidate_last_valid_at"":""2026-08-03T13:39:00+05:30"",""candidate_low"":7492.5,""candidate_merge_count"":0,""containment_bars"":7,""down_escape_attempt_count"":0,""emitted_event_ids"":[""BAL:ABB:2026-08-03:001:NEUTRAL:100600:BALANCE_COMPLETED:105400"",""BAL:ABB:2026-08-03:001:NEUTRAL:100600:BALANCE_ESCAPE_ACCEPTED:105100"",""BAL:ABB:2026-08-03:001:NEUTRAL:100600:BALANCE_ESCAPE_STARTED:104800"",""BAL:ABB:2026-08-03:001:NEUTRAL:100600:BALANCE_FORMING_STARTED:100600"",""BAL:ABB:2026-08-03:001:NEUTRAL:100600:BALANCE_LOCKED:102700"",""BAL:ABB:2026-08-03:001:NEUTRAL:100600:BALANCE_PROBABLE:101800"",""BAL:ABB:2026-08-03:002:NEUTRAL:112100:BALANCE_COMPLETED:113000"",""BAL:ABB:2026-08-03:002:NEUTRAL:112100:BALANCE_FORMING_STARTED:112100"",""BAL:ABB:2026-08-03:003:NEUTRAL:114800:BALANCE_COMPLETED:115400"",""BAL:ABB:2026-08-03:003:NEUTRAL:114800:BALANCE_FORMING_STARTED:114800"",""BAL:ABB:2026-08-03:004:NEUTRAL:122400:BALANCE_COMPLETED:125400"",""BAL:ABB:2026-08-03:004:NEUTRAL:122400:BALANCE_ESCAPE_ACCEPTED:125100"",""BAL:ABB:2026-08-03:004:NEUTRAL:122400:BALANCE_ESCAPE_STARTED:124800"",""BAL:ABB:2026-08-03:004:NEUTRAL:122400:BALANCE_FORMING_STARTED:122400"",""BAL:ABB:2026-08-03:004:NEUTRAL:122400:BALANCE_LOCKED:124500"",""BAL:ABB:2026-08-03:004:NEUTRAL:122400:BALANCE_PROBABLE:123600"",""BAL:ABB:2026-08-03:005:NEUTRAL:132100:BALANCE_FORMING_STARTED:132100"",""BAL:ABB:2026-08-03:005:NEUTRAL:132100:BALANCE_PROBABLE:133300""],""episode_id"":""BAL:ABB:2026-08-03:005:NEUTRAL:132100"",""escape_attempt_count"":0,""escape_direction"":""UNKNOWN"",""failed_escape_count"":0,""forming_bars_observed"":7,""forming_invalid_bars"":0,""frozen_high"":null,""frozen_low"":null,""last_escape_direction"":""UNKNOWN"",""last_escape_failed_at"":null,""last_escape_started_at"":null,""last_reason_codes"":[""BALANCE_SOURCE_RANGE_RETAINED"",""BALANCE_BAR_CONTAINED_IN_CANDIDATE"",""BALANCE_CONTAINMENT_PROGRESS"",""PROBABLE_BALANCE_RETAINED""],""marginal_excursion_bars"":0,""meaningful_escape_bars"":0,""outside_close_count"":0,""range_id"":null,""rearm_bars_elapsed"":0,""rearm_inside_close_count"":0,""rearm_required"":false,""reentry_close_count"":0,""sequence"":5,""source_range_ids"":[""DYNAMIC:2026-08-03T13:00:00+05:30:2026-08-03T13:18:00+05:30""],""started_at"":""2026-08-03T13:21:00+05:30"",""state"":""PROBABLE"",""state_age_bars"":3,""state_started_at"":""2026-08-03T13:33:00+05:30"",""up_escape_attempt_count"":0},""directional"":{""continuation_failure_progress_bars"":0,""continuation_failure_seen"":false,""continuation_failure_seen_at"":null,""direction"":""UP"",""emitted_event_ids"":[""DIR:ABB:2026-08-03:001:DOWN:101500:DIRECTIONAL_COMPLETED:105100"",""DIR:ABB:2026-08-03:001:DOWN:101500:DIRECTIONAL_STARTED:101500"",""DIR:ABB:2026-08-03:002:UP:110000:DIRECTIONAL_COMPLETED:113900"",""DIR:ABB:2026-08-03:002:UP:110000:DIRECTIONAL_MATURED:110300"",""DIR:ABB:2026-08-03:002:UP:110000:DIRECTIONAL_REVERSAL_CONFIRMED:113900"",""DIR:ABB:2026-08-03:002:UP:110000:DIRECTIONAL_STARTED:110000"",""DIR:ABB:2026-08-03:002:UP:110000:REVERSAL_WATCH_STARTED:110600"",""DIR:ABB:2026-08-03:003:DOWN:113900:DIRECTIONAL_COMPLETED:115400"",""DIR:ABB:2026-08-03:003:DOWN:113900:DIRECTIONAL_REVERSAL_LEG_FAILED:115400"",""DIR:ABB:2026-08-03:003:DOWN:113900:DIRECTIONAL_REVERSAL_LEG_STARTED:113900"",""DIR:ABB:2026-08-03:004:UP:120000:DIRECTIONAL_COMPLETED:124500"",""DIR:ABB:2026-08-03:004:UP:120000:DIRECTIONAL_CONTINUATION_CONFIRMED:123300"",""DIR:ABB:2026-08-03:004:UP:120000:DIRECTIONAL_MATURED:120300"",""DIR:ABB:2026-08-03:004:UP:120000:DIRECTIONAL_MATURED:123900"",""DIR:ABB:2026-08-03:004:UP:120000:DIRECTIONAL_REVERSAL_CONFIRMED:124500"",""DIR:ABB:2026-08-03:004:UP:120000:DIRECTIONAL_STARTED:120000"",""DIR:ABB:2026-08-03:004:UP:120000:DIRECTIONAL_TREND_RESTORED:122100"",""DIR:ABB:2026-08-03:004:UP:120000:REVERSAL_WATCH_STARTED:120600"",""DIR:ABB:2026-08-03:004:UP:120000:REVERSAL_WATCH_STARTED:124200"",""DIR:ABB:2026-08-03:005:DOWN:124500:DIRECTIONAL_COMPLETED:133300"",""DIR:ABB:2026-08-03:005:DOWN:124500:DIRECTIONAL_MATURED:125700"",""DIR:ABB:2026-08-03:005:DOWN:124500:DIRECTIONAL_MATURED:131800"",""DIR:ABB:2026-08-03:005:DOWN:124500:DIRECTIONAL_REVERSAL_CONFIRMED:133300"",""DIR:ABB:2026-08-03:005:DOWN:124500:DIRECTIONAL_REVERSAL_LEG_ESTABLISHED:125100"",""DIR:ABB:2026-08-03:005:DOWN:124500:DIRECTIONAL_REVERSAL_LEG_STARTED:124500"",""DIR:ABB:2026-08-03:005:DOWN:124500:DIRECTIONAL_TREND_RESTORED:131500"",""DIR:ABB:2026-08-03:005:DOWN:124500:REVERSAL_WATCH_STARTED:130000"",""DIR:ABB:2026-08-03:005:DOWN:124500:REVERSAL_WATCH_STARTED:132100"",""DIR:ABB:2026-08-03:006:UP:133300:DIRECTIONAL_REVERSAL_LEG_STARTED:133300""],""episode_id"":""DIR:ABB:2026-08-03:006:UP:133300"",""extreme_price"":7523.0,""extreme_time"":""2026-08-03T13:39:00+05:30"",""first_adverse_bar_close"":null,""first_adverse_bar_level"":null,""first_adverse_bar_time"":null,""inactive_bars"":0,""last_close"":7520.0,""last_observation_state"":""ORDERLY_DOWNTREND"",""last_observation_state_time"":""2026-08-03T13:39:00+05:30"",""last_reason_codes"":[""REVERSAL_LEG_DIRECTIONAL_PROGRESS""],""opposite_control_bars"":0,""origin_event_id"":""DIR:ABB:2026-08-03:005:DOWN:124500:DIRECTIONAL_REVERSAL_CONFIRMED:133300"",""origin_price"":7518.5,""origin_source"":""REVERSAL_EVENT_HANDOFF"",""parent_episode_id"":""DIR:ABB:2026-08-03:005:DOWN:124500"",""protection_level"":null,""protection_source"":"""",""protection_time"":null,""rejection_seen"":false,""rejection_seen_at"":null,""reversal_confirmation_breach_closes"":0,""reversal_confirmation_level"":7513.0,""reversal_confirmation_level_time"":""2026-08-03T13:24:00+05:30"",""reversal_confirmation_source"":""OBSERVATION_REJECTION_OR_FAILED_EXTREME:BAR_HIGH"",""reversal_leg_failure_closes"":0,""reversal_leg_progress_atr"":0.09321379242306252,""reversal_leg_progress_bars"":0,""reversal_watch_age_bars"":0,""sequence"":6,""start_candidate_bars"":0,""start_candidate_side"":""UNKNOWN"",""started_at"":""2026-08-03T13:33:00+05:30"",""state"":""REVERSAL_LEG"",""state_age_bars"":3,""state_started_at"":""2026-08-03T13:33:00+05:30"",""trend_restore_bars"":0},""evidence_history"":[{""atr"":20.71216853316854,""bar"":{""body_fraction"":0.0,""close"":7519.5,""close_position"":0.9375,""direction"":""NEUTRAL"",""high"":7520.0,""low"":7512.0,""lower_wick_fraction"":0.9375,""move_atr"":0.0,""move_points"":0.0,""open"":7519.5,""snapshot_time"":""2026-08-03T13:06:00+05:30"",""upper_wick_fraction"":0.0625,""volume"":1613.0},""close"":7519.5,""trend"":{""ema_ref"":7410.771126562456,""ema_slow"":7449.781214424989,""hma_order"":""SELL"",""hma_spread_atr"":6.880412727056889}},{""atr"":20.375585066513644,""bar"":{""body_fraction"":1.0,""close"":7503.5,""close_position"":0.0,""direction"":""DOWN"",""high"":7519.5,""low"":7503.5,""lower_wick_fraction"":0.0,""move_atr"":-0.7852535251267596,""move_points"":-16.0,""open"":7519.5,""snapshot_time"":""2026-08-03T13:09:00+05:30"",""upper_wick_fraction"":0.0,""volume"":4206.0},""close"":7503.5,""trend"":{""ema_ref"":7411.693801920043,""ema_slow"":7450.844952753208,""hma_order"":""SELL"",""hma_spread_atr"":6.675016813863992}},{""atr"":19.527328990334095,""bar"":{""body_fraction"":0.17647058823529413,""close"":7502.0,""close_position"":0.2352941176470588,""direction"":""DOWN"",""high"":7508.5,""low"":7500.0,""lower_wick_fraction"":0.2352941176470588,""move_atr"":-0.0768154211332482,""move_points"":-1.5,""open"":7503.5,""snapshot_time"":""2026-08-03T13:12:00+05:30"",""upper_wick_fraction"":0.5882352941176471,""volume"":2672.0},""close"":7502.0,""trend"":{""ema_ref"":7412.592371055168,""ema_slow"":7451.857923985817,""hma_order"":""SELL"",""hma_spread_atr"":6.606012375761779}},{""atr"":20.52537691959595,""bar"":{""body_fraction"":0.4626865671641791,""close"":7517.5,""close_position"":0.746268656716418,""direction"":""UP"",""high"":7526.0,""low"":7492.5,""lower_wick_fraction"":0.2835820895522388,""move_atr"":0.755162746132173,""move_points"":15.5,""open"":7502.0,""snapshot_time"":""2026-08-03T13:15:00+05:30"",""upper_wick_fraction"":0.2537313432835821,""volume"":10055.0},""close"":7517.5,""trend"":{""ema_ref"":7413.636228059594,""ema_slow"":7453.157767075207,""hma_order"":""SELL"",""hma_spread_atr"":5.940177061074319}},{""atr"":19.59499285391052,""bar"":{""body_fraction"":0.2,""close"":7519.0,""close_position"":0.5333333333333333,""direction"":""UP"",""high"":7522.5,""low"":7515.0,""lower_wick_fraction"":0.3333333333333333,""move_atr"":0.07655016825896156,""move_points"":1.5,""open"":7517.5,""snapshot_time"":""2026-08-03T13:18:00+05:30"",""upper_wick_fraction"":0.4666666666666667,""volume"":1867.0},""close"":7519.0,""trend"":{""ema_ref"":7414.684623800295,""ema_slow"":7454.461573667777,""hma_order"":""SELL"",""hma_spread_atr"":5.860919301696179}},{""atr"":18.94535050720263,""bar"":{""body_fraction"":0.7619047619047619,""close"":7511.0,""close_position"":0.1904761904761905,""direction"":""DOWN"",""high"":7519.5,""low"":7509.0,""lower_wick_fraction"":0.1904761904761905,""move_atr"":-0.4222671941043564,""move_points"":-8.0,""open"":7519.0,""snapshot_time"":""2026-08-03T13:21:00+05:30"",""upper_wick_fraction"":0.047619047619047616,""volume"":1875.0},""close"":7511.0,""trend"":{""ema_ref"":7415.642985752532,""ema_slow"":7455.581146466435,""hma_order"":""SELL"",""hma_spread_atr"":5.678418708406215}},{""atr"":18.449254042402444,""bar"":{""body_fraction"":0.3333333333333333,""close"":7507.0,""close_position"":0.5,""direction"":""DOWN"",""high"":7513.0,""low"":7501.0,""lower_wick_fraction"":0.5,""move_atr"":-0.21681093397091755,""move_points"":-4.0,""open"":7511.0,""snapshot_time"":""2026-08-03T13:24:00+05:30"",""upper_wick_fraction"":0.16666666666666666,""volume"":3365.0},""close"":7507.0,""trend"":{""ema_ref"":7416.55201076992,""ema_slow"":7456.599341585912,""hma_order"":""SELL"",""hma_spread_atr"":5.710404671364048}},{""atr"":17.56002161080227,""bar"":{""body_fraction"":0.3333333333333333,""close"":7505.0,""close_position"":0.4166666666666667,""direction"":""DOWN"",""high"":7508.5,""low"":7502.5,""lower_wick_fraction"":0.4166666666666667,""move_atr"":-0.11389507623212004,""move_points"":-2.0,""open"":7507.0,""snapshot_time"":""2026-08-03T13:27:00+05:30"",""upper_wick_fraction"":0.25,""volume"":2136.0},""close"":7505.0,""trend"":{""ema_ref"":7417.432090264747,""ema_slow"":7457.557770465399,""hma_order"":""SELL"",""hma_spread_atr"":5.941966312699527}},{""atr"":16.948591495744964,""bar"":{""body_fraction"":0.6666666666666666,""close"":7500.0,""close_position"":0.0,""direction"":""DOWN"",""high"":7509.0,""low"":7500.0,""lower_wick_fraction"":0.0,""move_atr"":-0.3540117184077705,""move_points"":-6.0,""open"":7506.0,""snapshot_time"":""2026-08-03T13:30:00+05:30"",""upper_wick_fraction"":0.3333333333333333,""volume"":1937.0},""close"":7500.0,""trend"":{""ema_ref"":7418.253661505894,""ema_slow"":7458.3982106542035,""hma_order"":""SELL"",""hma_spread_atr"":6.083903727168402}},{""atr"":17.059406388906037,""bar"":{""body_fraction"":1.0,""close"":7518.5,""close_position"":1.0,""direction"":""UP"",""high"":7518.5,""low"":7500.0,""lower_wick_fraction"":0.0,""move_atr"":1.0844457056859145,""move_points"":18.5,""open"":7500.0,""snapshot_time"":""2026-08-03T13:33:00+05:30"",""upper_wick_fraction"":0.0,""volume"":4046.0},""close"":7518.5,""trend"":{""ema_ref"":7419.251137510811,""ema_slow"":7459.588345096695,""hma_order"":""SELL"",""hma_spread_atr"":5.96660505957583}},{""atr"":16.483734503984177,""bar"":{""body_fraction"":0.6666666666666666,""close"":7512.0,""close_position"":0.0,""direction"":""DOWN"",""high"":7521.0,""low"":7512.0,""lower_wick_fraction"":0.0,""move_atr"":-0.36399518559036353,""move_points"":-6.0,""open"":7518.0,""snapshot_time"":""2026-08-03T13:36:00+05:30"",""upper_wick_fraction"":0.3333333333333333,""volume"":2656.0},""close"":7512.0,""trend"":{""ema_ref"":7420.174011764434,""ema_slow"":7460.626199649236,""hma_order"":""SELL"",""hma_spread_atr"":6.085804503715556}},{""atr"":16.092039182271023,""bar"":{""body_fraction"":0.7272727272727273,""close"":7520.0,""close_position"":0.7272727272727273,""direction"":""UP"",""high"":7523.0,""low"":7512.0,""lower_wick_fraction"":0.0,""move_atr"":0.4971402262563335,""move_points"":8.0,""open"":7512.0,""snapshot_time"":""2026-08-03T13:39:00+05:30"",""upper_wick_fraction"":0.2727272727272727,""volume"":3111.0},""close"":7520.0,""trend"":{""ema_ref"":7421.167305179713,""ema_slow"":7461.8019184680625,""hma_order"":""SELL"",""hma_spread_atr"":6.136861401517315}}],""last_observation_hash"":""7388e432075d672b99aad56fdda5a8e8c79b46b3229965bfec26601b5ea8a3e1"",""last_snapshot_time"":""2026-08-03T13:39:00+05:30"",""observation"":{""compression_box_high"":null,""compression_box_low"":null,""compression_candidate_bars"":0,""current_state"":""ORDERLY_DOWNTREND"",""established_side"":""DOWN"",""exhaustion_active"":true,""exhaustion_age_bars"":1,""exhaustion_clear_bars"":0,""exhaustion_last_seen_at"":""2026-08-03T13:39:00+05:30"",""exhaustion_side"":""DOWN"",""exhaustion_started_at"":""2026-08-03T13:39:00+05:30"",""failure_breach_bars"":0,""last_close"":7520.0,""last_reason_codes"":[""ESTABLISHED_DIRECTIONAL_CONTEXT_RETAINED"",""OBSERVATION_PROPOSAL_MATCHED_CURRENT"",""OBSERVATION_STATE_ORDERLY_DOWNTREND""],""last_snapshot_time"":""2026-08-03T13:39:00+05:30"",""leg_age_bars"":15,""leg_anchor_price"":7543.5,""leg_anchor_time"":""2026-08-03T12:57:00+05:30"",""leg_extreme_price"":7492.5,""leg_maturity_consumed"":true,""leg_maturity_extreme_price"":7492.5,""leg_maturity_onset_time"":""2026-08-03T13:30:00+05:30"",""leg_no_progress_bars"":8,""observation_count"":89,""pending_bars"":0,""pending_state"":null,""protection_level"":7543.5,""protection_source"":""INITIAL_DIRECTIONAL_ANCHOR"",""protection_time"":""2026-08-03T12:57:00+05:30"",""pullback_age_bars"":0,""pullback_candidate_bars"":0,""pullback_extreme_price"":null,""reacceleration_age_bars"":2,""recompression_age_bars"":0,""reversal_confirmation_bars"":0,""reversal_side"":""DOWN"",""state_age_bars"":2,""trading_day"":""2026-08-03"",""trend_anchor_price"":7543.5,""trend_candidate_bars"":0,""trend_candidate_side"":""UNKNOWN"",""trend_extreme_price"":7492.5,""trend_failure_age_bars"":0,""trend_onset_time"":""2026-08-03T12:57:00+05:30""},""symbol"":""ABB"",""trading_day"":""2026-08-03""}"
restoration-v3-current-day,development,restoration-trend-control-v3,backtest-default,OK,,,,ABB,2026-08-03,2026-08-03T13:42:00+05:30,2026-08-03T13:39:00+05:30,SNAPSHOT_AUCTION_AUTHORITY_V3A,3m,True,True,7524.0,2026-08-03T13:42:00,7522.0,7532.0,7502.5,7524.0,6714.0,17.049750669251665,BALANCE_QUALIFIED,BUY,dynamic_balance_waiting_for_stable_historical_cutoff,RANGE_ACCEPTED,DYNAMIC:2026-08-03T13:00:00+05:30:2026-08-03T13:18:00+05:30,7492.5,7526.0,8,ok,UP_SLOWING,0.35191130453424674,0.35191130453424674,OK,INCREMENTAL_PREVIOUS_SNAPSHOT,AUTOTRADES_AUCTION_ENGINE,1.1.0,,,ORDERLY_DOWNTREND,DOWN,UP,False,True,True,DOWN,True,False,False,7543.5,INITIAL_DIRECTIONAL_ANCHOR,2026-08-03T12:57:00+05:30,DYNAMIC:2026-08-03T13:00:00+05:30:2026-08-03T13:18:00+05:30,7492.5,7526.0,True,0.9402985074626866,0.2708333333333333,PRICE_ACTION,0.9444444444444444,ESTABLISHED_DIRECTIONAL_CONTEXT_RETAINED|OBSERVATION_PROPOSAL_MATCHED_CURRENT|OBSERVATION_STATE_ORDERLY_DOWNTREND|OBJECTIVE_REJECTION_OBSERVED|OBJECTIVE_ACCEPTED_RANGE_GEOMETRY_PRESENT|OBJECTIVE_TREND_PROTECTION_GEOMETRY_PRESENT,DIR:ABB:2026-08-03:006:UP:133300,REVERSAL_LEG,REVERSAL_LEG,UP,REVERSAL_EVENT_HANDOFF,DIR:ABB:2026-08-03:005:DOWN:124500,DIR:ABB:2026-08-03:005:DOWN:124500:DIRECTIONAL_REVERSAL_CONFIRMED:133300,2026-08-03T13:33:00+05:30,2026-08-03T13:33:00+05:30,4,7518.5,7532.0,2026-08-03T13:42:00+05:30,,,7513.0,OBSERVATION_REJECTION_OR_FAILED_EXTREME:BAR_HIGH,2026-08-03T13:24:00+05:30,0,0.3225853624897262,0,False,REVERSAL_LEG_DIRECTIONAL_PROGRESS,6,UNKNOWN,0,0,0,0,0,ORDERLY_DOWNTREND,2026-08-03T13:42:00+05:30,REVERSAL_LEG_DIRECTIONAL_PROGRESS,BAL:ABB:2026-08-03:005:NEUTRAL:132100,PROBABLE,LOCKED,1,DYNAMIC:2026-08-03T13:00:00+05:30:2026-08-03T13:18:00+05:30,7492.5,7532.0,7492.5,7532.0,UNKNOWN,0,0,0,0,False,False,BALANCE_SOURCE_RANGE_RETAINED|BALANCE_CANDIDATE_EXPANDED_FROM_BAR_GEOMETRY|BALANCE_CONTAINMENT_PROGRESS|BALANCE_LOCK_CONFIRMED,1,BAL:ABB:2026-08-03:005:NEUTRAL:132100:BALANCE_LOCKED:134200,BALANCE_LOCKED,UNKNOWN,BAL:ABB:2026-08-03:005:NEUTRAL:132100,"BALANCE_LOCKED:ACCUMULATED_BALANCE_OCCUPANCY_CONFIRMED,BALANCE_HYSTERESIS_LOCK_CONFIRMED",3,CONTINUATION|REACCELERATION|REVERSAL,BLOCK|BLOCK|BLOCK,||,CONTINUATION:BALANCE_LOCKED_CONTINUATION_BLOCK|REACCELERATION:BALANCE_LOCKED_REACCELERATION_BLOCK|REVERSAL:BALANCE_LOCKED_REVERSAL_BLOCK,MATCH,MATCH,MATCH,MATCH,False,0,False,False,False,True,,COHERENT,"[""event_id='BAL:ABB:2026-08-03:005:NEUTRAL:132100:BALANCE_LOCKED:134200' event_type=<AuctionEventType.BALANCE_LOCKED: 'BALANCE_LOCKED'> episode_id='BAL:ABB:2026-08-03:005:NEUTRAL:132100' symbol='ABB' trading_day=datetime.date(2026, 8, 3) event_time=datetime.datetime(2026, 8, 3, 13, 42, tzinfo=TzInfo(19800)) direction=<DirectionalBias.UNKNOWN: 'UNKNOWN'> reason_codes=('ACCUMULATED_BALANCE_OCCUPANCY_CONFIRMED', 'BALANCE_HYSTERESIS_LOCK_CONFIRMED') data={'range_id': 'DYNAMIC:2026-08-03T13:00:00+05:30:2026-08-03T13:18:00+05:30', 'frozen_low': 7492.5, 'frozen_high': 7532.0, 'candidate_low': 7492.5, 'candidate_high': 7532.0, 'rearm_required': False, 'containment_bars': 8, 'source_range_ids': ['DYNAMIC:2026-08-03T13:00:00+05:30:2026-08-03T13:18:00+05:30'], 'containment_ratio': 1.0, 'rearm_bars_elapsed': 0, 'failed_escape_count': 0, 'escape_attempt_count': 0, 'attempt_limit_reached': False, 'candidate_merge_count': 0, 'forming_bars_observed': 8, 'last_escape_direction': 'UNKNOWN', 'last_escape_failed_at': None, 'last_escape_started_at': None, 'meaningful_escape_bars': 0, 'candidate_last_valid_at': '2026-08-03T13:42:00+05:30', 'marginal_excursion_bars': 0, 'up_escape_attempt_count': 0, 'rearm_inside_close_count': 0, 'down_escape_attempt_count': 0, 'candidate_bar_expansion_count': 1}""]","[""setup_family=<SetupFamily.CONTINUATION: 'CONTINUATION'> result=<StructuralPermissionResult.BLOCK: 'BLOCK'> source_event_ids=() source_event_types=() balance_state=<BalanceEpisodeState.LOCKED: 'LOCKED'> reason_codes=('BALANCE_LOCKED_CONTINUATION_BLOCK',)"",""setup_family=<SetupFamily.REACCELERATION: 'REACCELERATION'> result=<StructuralPermissionResult.BLOCK: 'BLOCK'> source_event_ids=() source_event_types=() balance_state=<BalanceEpisodeState.LOCKED: 'LOCKED'> reason_codes=('BALANCE_LOCKED_REACCELERATION_BLOCK',)"",""setup_family=<SetupFamily.REVERSAL: 'REVERSAL'> result=<StructuralPermissionResult.BLOCK: 'BLOCK'> source_event_ids=() source_event_types=() balance_state=<BalanceEpisodeState.LOCKED: 'LOCKED'> reason_codes=('BALANCE_LOCKED_REVERSAL_BLOCK',)""]","{""accepted_range_breakout_eligible"":true,""accepted_range_established_at"":""2026-08-03T13:18:00+05:30"",""accepted_range_high"":7526.0,""accepted_range_id"":""DYNAMIC:2026-08-03T13:00:00+05:30:2026-08-03T13:18:00+05:30"",""accepted_range_inside"":true,""accepted_range_low"":7492.5,""accepted_range_outside_atr"":0.0,""accepted_range_position"":0.9402985074626866,""accepted_range_provisional"":false,""atr"":17.049750669251665,""close"":7524.0,""current_leg_mature"":false,""directional_bias"":""DOWN"",""directional_efficiency"":0.2708333333333333,""directional_efficiency_source"":""PRICE_ACTION"",""exhausted_side"":""DOWN"",""exhaustion_active"":true,""extension_mature"":true,""failed_extreme_observed"":false,""high"":7532.0,""low"":7502.5,""observation_state"":""ORDERLY_DOWNTREND"",""overlap_ratio"":0.9444444444444444,""range_width_atr"":1.9648381169828777,""rejection_observed"":true,""snapshot_time"":""2026-08-03T13:42:00+05:30"",""source_reason_codes"":[""ESTABLISHED_DIRECTIONAL_CONTEXT_RETAINED"",""OBSERVATION_PROPOSAL_MATCHED_CURRENT"",""OBSERVATION_STATE_ORDERLY_DOWNTREND"",""OBJECTIVE_REJECTION_OBSERVED"",""OBJECTIVE_ACCEPTED_RANGE_GEOMETRY_PRESENT"",""OBJECTIVE_TREND_PROTECTION_GEOMETRY_PRESENT""],""structural_failure_confirmed"":false,""symbol"":""ABB"",""trading_day"":""2026-08-03"",""trend_direction"":""UP"",""trend_protection_level"":7543.5,""trend_protection_source"":""INITIAL_DIRECTIONAL_ANCHOR"",""trend_protection_time"":""2026-08-03T12:57:00+05:30""}","{""continuation_failure_seen"":false,""continuation_failure_time"":null,""current_state"":""REVERSAL_LEG"",""direction"":""UP"",""episode_id"":""DIR:ABB:2026-08-03:006:UP:133300"",""extreme_price"":7532.0,""extreme_time"":""2026-08-03T13:42:00+05:30"",""first_adverse_bar_close"":null,""first_adverse_bar_level"":null,""first_adverse_bar_time"":null,""origin_event_id"":""DIR:ABB:2026-08-03:005:DOWN:124500:DIRECTIONAL_REVERSAL_CONFIRMED:133300"",""origin_price"":7518.5,""origin_source"":""REVERSAL_EVENT_HANDOFF"",""parent_episode_id"":""DIR:ABB:2026-08-03:005:DOWN:124500"",""previous_state"":""REVERSAL_LEG"",""protection_level"":null,""protection_source"":"""",""reason_codes"":[""REVERSAL_LEG_DIRECTIONAL_PROGRESS""],""rejection_seen"":false,""reversal_confirmation_breach_closes"":0,""reversal_confirmation_level"":7513.0,""reversal_confirmation_level_time"":""2026-08-03T13:24:00+05:30"",""reversal_confirmation_source"":""OBSERVATION_REJECTION_OR_FAILED_EXTREME:BAR_HIGH"",""reversal_leg_failure_closes"":0,""reversal_leg_progress_atr"":0.3225853624897262,""reversal_leg_progress_bars"":0,""started_at"":""2026-08-03T13:33:00+05:30"",""state_age_bars"":4,""state_started_at"":""2026-08-03T13:33:00+05:30""}","{""attempt_limit_reached"":false,""candidate_bar_expansion_count"":1,""candidate_high"":7532.0,""candidate_last_valid_at"":""2026-08-03T13:42:00+05:30"",""candidate_low"":7492.5,""candidate_merge_count"":0,""containment_bars"":8,""containment_ratio"":1.0,""current_state"":""LOCKED"",""down_escape_attempt_count"":0,""episode_id"":""BAL:ABB:2026-08-03:005:NEUTRAL:132100"",""escape_attempt_count"":0,""escape_direction"":""UNKNOWN"",""failed_escape_count"":0,""forming_bars_observed"":8,""forming_invalid_bars"":0,""frozen_high"":7532.0,""frozen_low"":7492.5,""last_escape_direction"":""UNKNOWN"",""last_escape_failed_at"":null,""last_escape_started_at"":null,""marginal_excursion_bars"":0,""meaningful_escape_bars"":0,""outside_close_count"":0,""previous_state"":""PROBABLE"",""range_id"":""DYNAMIC:2026-08-03T13:00:00+05:30:2026-08-03T13:18:00+05:30"",""rearm_bars_elapsed"":0,""rearm_inside_close_count"":0,""rearm_required"":false,""reason_codes"":[""BALANCE_SOURCE_RANGE_RETAINED"",""BALANCE_CANDIDATE_EXPANDED_FROM_BAR_GEOMETRY"",""BALANCE_CONTAINMENT_PROGRESS"",""BALANCE_LOCK_CONFIRMED""],""reentry_close_count"":0,""source_range_ids"":[""DYNAMIC:2026-08-03T13:00:00+05:30:2026-08-03T13:18:00+05:30""],""started_at"":""2026-08-03T13:21:00+05:30"",""state_age_bars"":1,""state_started_at"":""2026-08-03T13:42:00+05:30"",""up_escape_attempt_count"":0}","{""balance_attempt_limit_reached"":false,""balance_candidate_bar_expansion_count"":1,""balance_candidate_merge_count"":0,""balance_containment_ratio"":1.0,""balance_down_escape_attempt_count"":0,""balance_escape_attempt_count"":0,""balance_failed_escape_count"":0,""balance_forming_bars_observed"":8,""balance_forming_invalid_bars"":0,""balance_last_escape_direction"":""UNKNOWN"",""balance_last_escape_failed_at"":null,""balance_last_escape_started_at"":null,""balance_marginal_excursion_bars"":0,""balance_meaningful_escape_bars"":0,""balance_rearm_bars_elapsed"":0,""balance_rearm_inside_close_count"":0,""balance_rearm_required"":false,""balance_up_escape_attempt_count"":0,""directional_origin_event_id"":""DIR:ABB:2026-08-03:005:DOWN:124500:DIRECTIONAL_REVERSAL_CONFIRMED:133300"",""directional_origin_source"":""REVERSAL_EVENT_HANDOFF"",""directional_parent_episode_id"":""DIR:ABB:2026-08-03:005:DOWN:124500"",""directional_reversal_watch_age_bars"":0,""directional_start_candidate_bars"":0,""directional_start_candidate_side"":""UNKNOWN"",""observation_accepted_range_id"":""DYNAMIC:2026-08-03T13:00:00+05:30:2026-08-03T13:18:00+05:30"",""observation_current_leg_mature"":false,""observation_directional_bias"":""DOWN"",""observation_exhaustion_active"":true,""observation_state"":""ORDERLY_DOWNTREND""}","{""balance"":{""attempt_limit_reached"":false,""candidate_bar_expansion_count"":1,""candidate_high"":7532.0,""candidate_last_valid_at"":""2026-08-03T13:42:00+05:30"",""candidate_low"":7492.5,""candidate_merge_count"":0,""containment_bars"":8,""down_escape_attempt_count"":0,""emitted_event_ids"":[""BAL:ABB:2026-08-03:001:NEUTRAL:100600:BALANCE_COMPLETED:105400"",""BAL:ABB:2026-08-03:001:NEUTRAL:100600:BALANCE_ESCAPE_ACCEPTED:105100"",""BAL:ABB:2026-08-03:001:NEUTRAL:100600:BALANCE_ESCAPE_STARTED:104800"",""BAL:ABB:2026-08-03:001:NEUTRAL:100600:BALANCE_FORMING_STARTED:100600"",""BAL:ABB:2026-08-03:001:NEUTRAL:100600:BALANCE_LOCKED:102700"",""BAL:ABB:2026-08-03:001:NEUTRAL:100600:BALANCE_PROBABLE:101800"",""BAL:ABB:2026-08-03:002:NEUTRAL:112100:BALANCE_COMPLETED:113000"",""BAL:ABB:2026-08-03:002:NEUTRAL:112100:BALANCE_FORMING_STARTED:112100"",""BAL:ABB:2026-08-03:003:NEUTRAL:114800:BALANCE_COMPLETED:115400"",""BAL:ABB:2026-08-03:003:NEUTRAL:114800:BALANCE_FORMING_STARTED:114800"",""BAL:ABB:2026-08-03:004:NEUTRAL:122400:BALANCE_COMPLETED:125400"",""BAL:ABB:2026-08-03:004:NEUTRAL:122400:BALANCE_ESCAPE_ACCEPTED:125100"",""BAL:ABB:2026-08-03:004:NEUTRAL:122400:BALANCE_ESCAPE_STARTED:124800"",""BAL:ABB:2026-08-03:004:NEUTRAL:122400:BALANCE_FORMING_STARTED:122400"",""BAL:ABB:2026-08-03:004:NEUTRAL:122400:BALANCE_LOCKED:124500"",""BAL:ABB:2026-08-03:004:NEUTRAL:122400:BALANCE_PROBABLE:123600"",""BAL:ABB:2026-08-03:005:NEUTRAL:132100:BALANCE_FORMING_STARTED:132100"",""BAL:ABB:2026-08-03:005:NEUTRAL:132100:BALANCE_LOCKED:134200"",""BAL:ABB:2026-08-03:005:NEUTRAL:132100:BALANCE_PROBABLE:133300""],""episode_id"":""BAL:ABB:2026-08-03:005:NEUTRAL:132100"",""escape_attempt_count"":0,""escape_direction"":""UNKNOWN"",""failed_escape_count"":0,""forming_bars_observed"":8,""forming_invalid_bars"":0,""frozen_high"":7532.0,""frozen_low"":7492.5,""last_escape_direction"":""UNKNOWN"",""last_escape_failed_at"":null,""last_escape_started_at"":null,""last_reason_codes"":[""BALANCE_SOURCE_RANGE_RETAINED"",""BALANCE_CANDIDATE_EXPANDED_FROM_BAR_GEOMETRY"",""BALANCE_CONTAINMENT_PROGRESS"",""BALANCE_LOCK_CONFIRMED""],""marginal_excursion_bars"":0,""meaningful_escape_bars"":0,""outside_close_count"":0,""range_id"":""DYNAMIC:2026-08-03T13:00:00+05:30:2026-08-03T13:18:00+05:30"",""rearm_bars_elapsed"":0,""rearm_inside_close_count"":0,""rearm_required"":false,""reentry_close_count"":0,""sequence"":5,""source_range_ids"":[""DYNAMIC:2026-08-03T13:00:00+05:30:2026-08-03T13:18:00+05:30""],""started_at"":""2026-08-03T13:21:00+05:30"",""state"":""LOCKED"",""state_age_bars"":1,""state_started_at"":""2026-08-03T13:42:00+05:30"",""up_escape_attempt_count"":0},""directional"":{""continuation_failure_progress_bars"":0,""continuation_failure_seen"":false,""continuation_failure_seen_at"":null,""direction"":""UP"",""emitted_event_ids"":[""DIR:ABB:2026-08-03:001:DOWN:101500:DIRECTIONAL_COMPLETED:105100"",""DIR:ABB:2026-08-03:001:DOWN:101500:DIRECTIONAL_STARTED:101500"",""DIR:ABB:2026-08-03:002:UP:110000:DIRECTIONAL_COMPLETED:113900"",""DIR:ABB:2026-08-03:002:UP:110000:DIRECTIONAL_MATURED:110300"",""DIR:ABB:2026-08-03:002:UP:110000:DIRECTIONAL_REVERSAL_CONFIRMED:113900"",""DIR:ABB:2026-08-03:002:UP:110000:DIRECTIONAL_STARTED:110000"",""DIR:ABB:2026-08-03:002:UP:110000:REVERSAL_WATCH_STARTED:110600"",""DIR:ABB:2026-08-03:003:DOWN:113900:DIRECTIONAL_COMPLETED:115400"",""DIR:ABB:2026-08-03:003:DOWN:113900:DIRECTIONAL_REVERSAL_LEG_FAILED:115400"",""DIR:ABB:2026-08-03:003:DOWN:113900:DIRECTIONAL_REVERSAL_LEG_STARTED:113900"",""DIR:ABB:2026-08-03:004:UP:120000:DIRECTIONAL_COMPLETED:124500"",""DIR:ABB:2026-08-03:004:UP:120000:DIRECTIONAL_CONTINUATION_CONFIRMED:123300"",""DIR:ABB:2026-08-03:004:UP:120000:DIRECTIONAL_MATURED:120300"",""DIR:ABB:2026-08-03:004:UP:120000:DIRECTIONAL_MATURED:123900"",""DIR:ABB:2026-08-03:004:UP:120000:DIRECTIONAL_REVERSAL_CONFIRMED:124500"",""DIR:ABB:2026-08-03:004:UP:120000:DIRECTIONAL_STARTED:120000"",""DIR:ABB:2026-08-03:004:UP:120000:DIRECTIONAL_TREND_RESTORED:122100"",""DIR:ABB:2026-08-03:004:UP:120000:REVERSAL_WATCH_STARTED:120600"",""DIR:ABB:2026-08-03:004:UP:120000:REVERSAL_WATCH_STARTED:124200"",""DIR:ABB:2026-08-03:005:DOWN:124500:DIRECTIONAL_COMPLETED:133300"",""DIR:ABB:2026-08-03:005:DOWN:124500:DIRECTIONAL_MATURED:125700"",""DIR:ABB:2026-08-03:005:DOWN:124500:DIRECTIONAL_MATURED:131800"",""DIR:ABB:2026-08-03:005:DOWN:124500:DIRECTIONAL_REVERSAL_CONFIRMED:133300"",""DIR:ABB:2026-08-03:005:DOWN:124500:DIRECTIONAL_REVERSAL_LEG_ESTABLISHED:125100"",""DIR:ABB:2026-08-03:005:DOWN:124500:DIRECTIONAL_REVERSAL_LEG_STARTED:124500"",""DIR:ABB:2026-08-03:005:DOWN:124500:DIRECTIONAL_TREND_RESTORED:131500"",""DIR:ABB:2026-08-03:005:DOWN:124500:REVERSAL_WATCH_STARTED:130000"",""DIR:ABB:2026-08-03:005:DOWN:124500:REVERSAL_WATCH_STARTED:132100"",""DIR:ABB:2026-08-03:006:UP:133300:DIRECTIONAL_REVERSAL_LEG_STARTED:133300""],""episode_id"":""DIR:ABB:2026-08-03:006:UP:133300"",""extreme_price"":7532.0,""extreme_time"":""2026-08-03T13:42:00+05:30"",""first_adverse_bar_close"":null,""first_adverse_bar_level"":null,""first_adverse_bar_time"":null,""inactive_bars"":0,""last_close"":7524.0,""last_observation_state"":""ORDERLY_DOWNTREND"",""last_observation_state_time"":""2026-08-03T13:42:00+05:30"",""last_reason_codes"":[""REVERSAL_LEG_DIRECTIONAL_PROGRESS""],""opposite_control_bars"":0,""origin_event_id"":""DIR:ABB:2026-08-03:005:DOWN:124500:DIRECTIONAL_REVERSAL_CONFIRMED:133300"",""origin_price"":7518.5,""origin_source"":""REVERSAL_EVENT_HANDOFF"",""parent_episode_id"":""DIR:ABB:2026-08-03:005:DOWN:124500"",""protection_level"":null,""protection_source"":"""",""protection_time"":null,""rejection_seen"":false,""rejection_seen_at"":null,""reversal_confirmation_breach_closes"":0,""reversal_confirmation_level"":7513.0,""reversal_confirmation_level_time"":""2026-08-03T13:24:00+05:30"",""reversal_confirmation_source"":""OBSERVATION_REJECTION_OR_FAILED_EXTREME:BAR_HIGH"",""reversal_leg_failure_closes"":0,""reversal_leg_progress_atr"":0.3225853624897262,""reversal_leg_progress_bars"":0,""reversal_watch_age_bars"":0,""sequence"":6,""start_candidate_bars"":0,""start_candidate_side"":""UNKNOWN"",""started_at"":""2026-08-03T13:33:00+05:30"",""state"":""REVERSAL_LEG"",""state_age_bars"":4,""state_started_at"":""2026-08-03T13:33:00+05:30"",""trend_restore_bars"":0},""evidence_history"":[{""atr"":20.375585066513644,""bar"":{""body_fraction"":1.0,""close"":7503.5,""close_position"":0.0,""direction"":""DOWN"",""high"":7519.5,""low"":7503.5,""lower_wick_fraction"":0.0,""move_atr"":-0.7852535251267596,""move_points"":-16.0,""open"":7519.5,""snapshot_time"":""2026-08-03T13:09:00+05:30"",""upper_wick_fraction"":0.0,""volume"":4206.0},""close"":7503.5,""trend"":{""ema_ref"":7411.693801920043,""ema_slow"":7450.844952753208,""hma_order"":""SELL"",""hma_spread_atr"":6.675016813863992}},{""atr"":19.527328990334095,""bar"":{""body_fraction"":0.17647058823529413,""close"":7502.0,""close_position"":0.2352941176470588,""direction"":""DOWN"",""high"":7508.5,""low"":7500.0,""lower_wick_fraction"":0.2352941176470588,""move_atr"":-0.0768154211332482,""move_points"":-1.5,""open"":7503.5,""snapshot_time"":""2026-08-03T13:12:00+05:30"",""upper_wick_fraction"":0.5882352941176471,""volume"":2672.0},""close"":7502.0,""trend"":{""ema_ref"":7412.592371055168,""ema_slow"":7451.857923985817,""hma_order"":""SELL"",""hma_spread_atr"":6.606012375761779}},{""atr"":20.52537691959595,""bar"":{""body_fraction"":0.4626865671641791,""close"":7517.5,""close_position"":0.746268656716418,""direction"":""UP"",""high"":7526.0,""low"":7492.5,""lower_wick_fraction"":0.2835820895522388,""move_atr"":0.755162746132173,""move_points"":15.5,""open"":7502.0,""snapshot_time"":""2026-08-03T13:15:00+05:30"",""upper_wick_fraction"":0.2537313432835821,""volume"":10055.0},""close"":7517.5,""trend"":{""ema_ref"":7413.636228059594,""ema_slow"":7453.157767075207,""hma_order"":""SELL"",""hma_spread_atr"":5.940177061074319}},{""atr"":19.59499285391052,""bar"":{""body_fraction"":0.2,""close"":7519.0,""close_position"":0.5333333333333333,""direction"":""UP"",""high"":7522.5,""low"":7515.0,""lower_wick_fraction"":0.3333333333333333,""move_atr"":0.07655016825896156,""move_points"":1.5,""open"":7517.5,""snapshot_time"":""2026-08-03T13:18:00+05:30"",""upper_wick_fraction"":0.4666666666666667,""volume"":1867.0},""close"":7519.0,""trend"":{""ema_ref"":7414.684623800295,""ema_slow"":7454.461573667777,""hma_order"":""SELL"",""hma_spread_atr"":5.860919301696179}},{""atr"":18.94535050720263,""bar"":{""body_fraction"":0.7619047619047619,""close"":7511.0,""close_position"":0.1904761904761905,""direction"":""DOWN"",""high"":7519.5,""low"":7509.0,""lower_wick_fraction"":0.1904761904761905,""move_atr"":-0.4222671941043564,""move_points"":-8.0,""open"":7519.0,""snapshot_time"":""2026-08-03T13:21:00+05:30"",""upper_wick_fraction"":0.047619047619047616,""volume"":1875.0},""close"":7511.0,""trend"":{""ema_ref"":7415.642985752532,""ema_slow"":7455.581146466435,""hma_order"":""SELL"",""hma_spread_atr"":5.678418708406215}},{""atr"":18.449254042402444,""bar"":{""body_fraction"":0.3333333333333333,""close"":7507.0,""close_position"":0.5,""direction"":""DOWN"",""high"":7513.0,""low"":7501.0,""lower_wick_fraction"":0.5,""move_atr"":-0.21681093397091755,""move_points"":-4.0,""open"":7511.0,""snapshot_time"":""2026-08-03T13:24:00+05:30"",""upper_wick_fraction"":0.16666666666666666,""volume"":3365.0},""close"":7507.0,""trend"":{""ema_ref"":7416.55201076992,""ema_slow"":7456.599341585912,""hma_order"":""SELL"",""hma_spread_atr"":5.710404671364048}},{""atr"":17.56002161080227,""bar"":{""body_fraction"":0.3333333333333333,""close"":7505.0,""close_position"":0.4166666666666667,""direction"":""DOWN"",""high"":7508.5,""low"":7502.5,""lower_wick_fraction"":0.4166666666666667,""move_atr"":-0.11389507623212004,""move_points"":-2.0,""open"":7507.0,""snapshot_time"":""2026-08-03T13:27:00+05:30"",""upper_wick_fraction"":0.25,""volume"":2136.0},""close"":7505.0,""trend"":{""ema_ref"":7417.432090264747,""ema_slow"":7457.557770465399,""hma_order"":""SELL"",""hma_spread_atr"":5.941966312699527}},{""atr"":16.948591495744964,""bar"":{""body_fraction"":0.6666666666666666,""close"":7500.0,""close_position"":0.0,""direction"":""DOWN"",""high"":7509.0,""low"":7500.0,""lower_wick_fraction"":0.0,""move_atr"":-0.3540117184077705,""move_points"":-6.0,""open"":7506.0,""snapshot_time"":""2026-08-03T13:30:00+05:30"",""upper_wick_fraction"":0.3333333333333333,""volume"":1937.0},""close"":7500.0,""trend"":{""ema_ref"":7418.253661505894,""ema_slow"":7458.3982106542035,""hma_order"":""SELL"",""hma_spread_atr"":6.083903727168402}},{""atr"":17.059406388906037,""bar"":{""body_fraction"":1.0,""close"":7518.5,""close_position"":1.0,""direction"":""UP"",""high"":7518.5,""low"":7500.0,""lower_wick_fraction"":0.0,""move_atr"":1.0844457056859145,""move_points"":18.5,""open"":7500.0,""snapshot_time"":""2026-08-03T13:33:00+05:30"",""upper_wick_fraction"":0.0,""volume"":4046.0},""close"":7518.5,""trend"":{""ema_ref"":7419.251137510811,""ema_slow"":7459.588345096695,""hma_order"":""SELL"",""hma_spread_atr"":5.96660505957583}},{""atr"":16.483734503984177,""bar"":{""body_fraction"":0.6666666666666666,""close"":7512.0,""close_position"":0.0,""direction"":""DOWN"",""high"":7521.0,""low"":7512.0,""lower_wick_fraction"":0.0,""move_atr"":-0.36399518559036353,""move_points"":-6.0,""open"":7518.0,""snapshot_time"":""2026-08-03T13:36:00+05:30"",""upper_wick_fraction"":0.3333333333333333,""volume"":2656.0},""close"":7512.0,""trend"":{""ema_ref"":7420.174011764434,""ema_slow"":7460.626199649236,""hma_order"":""SELL"",""hma_spread_atr"":6.085804503715556}},{""atr"":16.092039182271023,""bar"":{""body_fraction"":0.7272727272727273,""close"":7520.0,""close_position"":0.7272727272727273,""direction"":""UP"",""high"":7523.0,""low"":7512.0,""lower_wick_fraction"":0.0,""move_atr"":0.4971402262563335,""move_points"":8.0,""open"":7512.0,""snapshot_time"":""2026-08-03T13:39:00+05:30"",""upper_wick_fraction"":0.2727272727272727,""volume"":3111.0},""close"":7520.0,""trend"":{""ema_ref"":7421.167305179713,""ema_slow"":7461.8019184680625,""hma_order"":""SELL"",""hma_spread_atr"":6.136861401517315}},{""atr"":17.049750669251665,""bar"":{""body_fraction"":0.06779661016949153,""close"":7524.0,""close_position"":0.7288135593220338,""direction"":""UP"",""high"":7532.0,""low"":7502.5,""lower_wick_fraction"":0.6610169491525424,""move_atr"":0.11730376817808225,""move_points"":2.0,""open"":7522.0,""snapshot_time"":""2026-08-03T13:42:00+05:30"",""upper_wick_fraction"":0.2711864406779661,""volume"":6714.0},""close"":7524.0,""trend"":{""ema_ref"":7422.190516073448,""ema_slow"":7463.033563646913,""hma_order"":""SELL"",""hma_spread_atr"":5.695452081036592}}],""last_observation_hash"":""6b68751b16db74fd33528540aa44854ac03b4938b2f1f2dd48def340b98b370d"",""last_snapshot_time"":""2026-08-03T13:42:00+05:30"",""observation"":{""compression_box_high"":null,""compression_box_low"":null,""compression_candidate_bars"":0,""current_state"":""ORDERLY_DOWNTREND"",""established_side"":""DOWN"",""exhaustion_active"":true,""exhaustion_age_bars"":2,""exhaustion_clear_bars"":0,""exhaustion_last_seen_at"":""2026-08-03T13:42:00+05:30"",""exhaustion_side"":""DOWN"",""exhaustion_started_at"":""2026-08-03T13:39:00+05:30"",""failure_breach_bars"":0,""last_close"":7524.0,""last_reason_codes"":[""ESTABLISHED_DIRECTIONAL_CONTEXT_RETAINED"",""OBSERVATION_PROPOSAL_MATCHED_CURRENT"",""OBSERVATION_STATE_ORDERLY_DOWNTREND""],""last_snapshot_time"":""2026-08-03T13:42:00+05:30"",""leg_age_bars"":16,""leg_anchor_price"":7543.5,""leg_anchor_time"":""2026-08-03T12:57:00+05:30"",""leg_extreme_price"":7492.5,""leg_maturity_consumed"":true,""leg_maturity_extreme_price"":7492.5,""leg_maturity_onset_time"":""2026-08-03T13:30:00+05:30"",""leg_no_progress_bars"":9,""observation_count"":90,""pending_bars"":0,""pending_state"":null,""protection_level"":7543.5,""protection_source"":""INITIAL_DIRECTIONAL_ANCHOR"",""protection_time"":""2026-08-03T12:57:00+05:30"",""pullback_age_bars"":0,""pullback_candidate_bars"":0,""pullback_extreme_price"":null,""reacceleration_age_bars"":2,""recompression_age_bars"":0,""reversal_confirmation_bars"":0,""reversal_side"":""DOWN"",""state_age_bars"":3,""trading_day"":""2026-08-03"",""trend_anchor_price"":7543.5,""trend_candidate_bars"":0,""trend_candidate_side"":""UNKNOWN"",""trend_extreme_price"":7492.5,""trend_failure_age_bars"":0,""trend_onset_time"":""2026-08-03T12:57:00+05:30""},""symbol"":""ABB"",""trading_day"":""2026-08-03""}"
restoration-v3-current-day,development,restoration-trend-control-v3,backtest-default,OK,,,,ABB,2026-08-03,2026-08-03T13:45:00+05:30,2026-08-03T13:42:00+05:30,SNAPSHOT_AUCTION_AUTHORITY_V3A,3m,True,True,7511.5,2026-08-03T13:45:00,7522.5,7522.5,7511.0,7511.5,2363.0,16.760482764305117,BALANCE_QUALIFIED,SELL,dynamic_balance_waiting_for_stable_historical_cutoff,RANGE_ACCEPTED,DYNAMIC:2026-08-03T13:00:00+05:30:2026-08-03T13:18:00+05:30,7492.5,7526.0,9,ok,DOWN_ACCELERATING,-0.25357264822056597,-0.10441226691435068,OK,INCREMENTAL_PREVIOUS_SNAPSHOT,AUTOTRADES_AUCTION_ENGINE,1.1.0,,,ORDERLY_DOWNTREND,DOWN,DOWN,False,False,True,DOWN,False,False,False,7543.5,INITIAL_DIRECTIONAL_ANCHOR,2026-08-03T12:57:00+05:30,DYNAMIC:2026-08-03T13:00:00+05:30:2026-08-03T13:18:00+05:30,7492.5,7526.0,True,0.5671641791044776,0.07964601769911504,PRICE_ACTION,0.9444444444444444,ESTABLISHED_DIRECTIONAL_CONTEXT_RETAINED|OBSERVATION_PROPOSAL_MATCHED_CURRENT|OBSERVATION_STATE_ORDERLY_DOWNTREND|OBJECTIVE_ACCEPTED_RANGE_GEOMETRY_PRESENT|OBJECTIVE_TREND_PROTECTION_GEOMETRY_PRESENT,DIR:ABB:2026-08-03:006:UP:133300,REVERSAL_LEG,REVERSAL_LEG,UP,REVERSAL_EVENT_HANDOFF,DIR:ABB:2026-08-03:005:DOWN:124500,DIR:ABB:2026-08-03:005:DOWN:124500:DIRECTIONAL_REVERSAL_CONFIRMED:133300,2026-08-03T13:33:00+05:30,2026-08-03T13:33:00+05:30,5,7518.5,7532.0,2026-08-03T13:42:00+05:30,,,7513.0,OBSERVATION_REJECTION_OR_FAILED_EXTREME:BAR_HIGH,2026-08-03T13:24:00+05:30,0,0.0,1,False,REVERSAL_LEG_FAILURE_PROGRESS,6,UNKNOWN,0,0,0,0,0,ORDERLY_DOWNTREND,2026-08-03T13:45:00+05:30,REVERSAL_LEG_FAILURE_PROGRESS,BAL:ABB:2026-08-03:005:NEUTRAL:132100,LOCKED,LOCKED,2,DYNAMIC:2026-08-03T13:00:00+05:30:2026-08-03T13:18:00+05:30,7492.5,7532.0,7492.5,7532.0,UNKNOWN,0,0,0,0,False,False,FROZEN_BALANCE_RETAINED,0,,,,,,3,CONTINUATION|REACCELERATION|REVERSAL,BLOCK|BLOCK|BLOCK,||,CONTINUATION:BALANCE_LOCKED_CONTINUATION_BLOCK|REACCELERATION:BALANCE_LOCKED_REACCELERATION_BLOCK|REVERSAL:BALANCE_LOCKED_REVERSAL_BLOCK,CONFLICT,CONFLICT,CONFLICT,MATCH,True,1,False,False,False,True,EPISODE_TREND_CONFLICT|EPISODE_RAW_STRUCTURE_CONFLICT|EPISODE_SLOPE_CONFLICT|FRESH_OPPOSITE_EVIDENCE,TRANSITIONAL_CONFLICT,[],"[""setup_family=<SetupFamily.CONTINUATION: 'CONTINUATION'> result=<StructuralPermissionResult.BLOCK: 'BLOCK'> source_event_ids=() source_event_types=() balance_state=<BalanceEpisodeState.LOCKED: 'LOCKED'> reason_codes=('BALANCE_LOCKED_CONTINUATION_BLOCK',)"",""setup_family=<SetupFamily.REACCELERATION: 'REACCELERATION'> result=<StructuralPermissionResult.BLOCK: 'BLOCK'> source_event_ids=() source_event_types=() balance_state=<BalanceEpisodeState.LOCKED: 'LOCKED'> reason_codes=('BALANCE_LOCKED_REACCELERATION_BLOCK',)"",""setup_family=<SetupFamily.REVERSAL: 'REVERSAL'> result=<StructuralPermissionResult.BLOCK: 'BLOCK'> source_event_ids=() source_event_types=() balance_state=<BalanceEpisodeState.LOCKED: 'LOCKED'> reason_codes=('BALANCE_LOCKED_REVERSAL_BLOCK',)""]","{""accepted_range_breakout_eligible"":true,""accepted_range_established_at"":""2026-08-03T13:18:00+05:30"",""accepted_range_high"":7526.0,""accepted_range_id"":""DYNAMIC:2026-08-03T13:00:00+05:30:2026-08-03T13:18:00+05:30"",""accepted_range_inside"":true,""accepted_range_low"":7492.5,""accepted_range_outside_atr"":0.0,""accepted_range_position"":0.5671641791044776,""accepted_range_provisional"":false,""atr"":16.760482764305117,""close"":7511.5,""current_leg_mature"":false,""directional_bias"":""DOWN"",""directional_efficiency"":0.07964601769911504,""directional_efficiency_source"":""PRICE_ACTION"",""exhausted_side"":""DOWN"",""exhaustion_active"":true,""extension_mature"":false,""failed_extreme_observed"":false,""high"":7522.5,""low"":7511.0,""observation_state"":""ORDERLY_DOWNTREND"",""overlap_ratio"":0.9444444444444444,""range_width_atr"":1.9987491095032843,""rejection_observed"":false,""snapshot_time"":""2026-08-03T13:45:00+05:30"",""source_reason_codes"":[""ESTABLISHED_DIRECTIONAL_CONTEXT_RETAINED"",""OBSERVATION_PROPOSAL_MATCHED_CURRENT"",""OBSERVATION_STATE_ORDERLY_DOWNTREND"",""OBJECTIVE_ACCEPTED_RANGE_GEOMETRY_PRESENT"",""OBJECTIVE_TREND_PROTECTION_GEOMETRY_PRESENT""],""structural_failure_confirmed"":false,""symbol"":""ABB"",""trading_day"":""2026-08-03"",""trend_direction"":""DOWN"",""trend_protection_level"":7543.5,""trend_protection_source"":""INITIAL_DIRECTIONAL_ANCHOR"",""trend_protection_time"":""2026-08-03T12:57:00+05:30""}","{""continuation_failure_seen"":false,""continuation_failure_time"":null,""current_state"":""REVERSAL_LEG"",""direction"":""UP"",""episode_id"":""DIR:ABB:2026-08-03:006:UP:133300"",""extreme_price"":7532.0,""extreme_time"":""2026-08-03T13:42:00+05:30"",""first_adverse_bar_close"":null,""first_adverse_bar_level"":null,""first_adverse_bar_time"":null,""origin_event_id"":""DIR:ABB:2026-08-03:005:DOWN:124500:DIRECTIONAL_REVERSAL_CONFIRMED:133300"",""origin_price"":7518.5,""origin_source"":""REVERSAL_EVENT_HANDOFF"",""parent_episode_id"":""DIR:ABB:2026-08-03:005:DOWN:124500"",""previous_state"":""REVERSAL_LEG"",""protection_level"":null,""protection_source"":"""",""reason_codes"":[""REVERSAL_LEG_FAILURE_PROGRESS""],""rejection_seen"":false,""reversal_confirmation_breach_closes"":0,""reversal_confirmation_level"":7513.0,""reversal_confirmation_level_time"":""2026-08-03T13:24:00+05:30"",""reversal_confirmation_source"":""OBSERVATION_REJECTION_OR_FAILED_EXTREME:BAR_HIGH"",""reversal_leg_failure_closes"":1,""reversal_leg_progress_atr"":0.0,""reversal_leg_progress_bars"":0,""started_at"":""2026-08-03T13:33:00+05:30"",""state_age_bars"":5,""state_started_at"":""2026-08-03T13:33:00+05:30""}","{""attempt_limit_reached"":false,""candidate_bar_expansion_count"":1,""candidate_high"":7532.0,""candidate_last_valid_at"":""2026-08-03T13:42:00+05:30"",""candidate_low"":7492.5,""candidate_merge_count"":0,""containment_bars"":9,""containment_ratio"":1.0,""current_state"":""LOCKED"",""down_escape_attempt_count"":0,""episode_id"":""BAL:ABB:2026-08-03:005:NEUTRAL:132100"",""escape_attempt_count"":0,""escape_direction"":""UNKNOWN"",""failed_escape_count"":0,""forming_bars_observed"":9,""forming_invalid_bars"":0,""frozen_high"":7532.0,""frozen_low"":7492.5,""last_escape_direction"":""UNKNOWN"",""last_escape_failed_at"":null,""last_escape_started_at"":null,""marginal_excursion_bars"":0,""meaningful_escape_bars"":0,""outside_close_count"":0,""previous_state"":""LOCKED"",""range_id"":""DYNAMIC:2026-08-03T13:00:00+05:30:2026-08-03T13:18:00+05:30"",""rearm_bars_elapsed"":0,""rearm_inside_close_count"":0,""rearm_required"":false,""reason_codes"":[""FROZEN_BALANCE_RETAINED""],""reentry_close_count"":0,""source_range_ids"":[""DYNAMIC:2026-08-03T13:00:00+05:30:2026-08-03T13:18:00+05:30""],""started_at"":""2026-08-03T13:21:00+05:30"",""state_age_bars"":2,""state_started_at"":""2026-08-03T13:42:00+05:30"",""up_escape_attempt_count"":0}","{""balance_attempt_limit_reached"":false,""balance_candidate_bar_expansion_count"":1,""balance_candidate_merge_count"":0,""balance_containment_ratio"":1.0,""balance_down_escape_attempt_count"":0,""balance_escape_attempt_count"":0,""balance_failed_escape_count"":0,""balance_forming_bars_observed"":9,""balance_forming_invalid_bars"":0,""balance_last_escape_direction"":""UNKNOWN"",""balance_last_escape_failed_at"":null,""balance_last_escape_started_at"":null,""balance_marginal_excursion_bars"":0,""balance_meaningful_escape_bars"":0,""balance_rearm_bars_elapsed"":0,""balance_rearm_inside_close_count"":0,""balance_rearm_required"":false,""balance_up_escape_attempt_count"":0,""directional_origin_event_id"":""DIR:ABB:2026-08-03:005:DOWN:124500:DIRECTIONAL_REVERSAL_CONFIRMED:133300"",""directional_origin_source"":""REVERSAL_EVENT_HANDOFF"",""directional_parent_episode_id"":""DIR:ABB:2026-08-03:005:DOWN:124500"",""directional_reversal_watch_age_bars"":0,""directional_start_candidate_bars"":0,""directional_start_candidate_side"":""UNKNOWN"",""observation_accepted_range_id"":""DYNAMIC:2026-08-03T13:00:00+05:30:2026-08-03T13:18:00+05:30"",""observation_current_leg_mature"":false,""observation_directional_bias"":""DOWN"",""observation_exhaustion_active"":true,""observation_state"":""ORDERLY_DOWNTREND""}","{""balance"":{""attempt_limit_reached"":false,""candidate_bar_expansion_count"":1,""candidate_high"":7532.0,""candidate_last_valid_at"":""2026-08-03T13:42:00+05:30"",""candidate_low"":7492.5,""candidate_merge_count"":0,""containment_bars"":9,""down_escape_attempt_count"":0,""emitted_event_ids"":[""BAL:ABB:2026-08-03:001:NEUTRAL:100600:BALANCE_COMPLETED:105400"",""BAL:ABB:2026-08-03:001:NEUTRAL:100600:BALANCE_ESCAPE_ACCEPTED:105100"",""BAL:ABB:2026-08-03:001:NEUTRAL:100600:BALANCE_ESCAPE_STARTED:104800"",""BAL:ABB:2026-08-03:001:NEUTRAL:100600:BALANCE_FORMING_STARTED:100600"",""BAL:ABB:2026-08-03:001:NEUTRAL:100600:BALANCE_LOCKED:102700"",""BAL:ABB:2026-08-03:001:NEUTRAL:100600:BALANCE_PROBABLE:101800"",""BAL:ABB:2026-08-03:002:NEUTRAL:112100:BALANCE_COMPLETED:113000"",""BAL:ABB:2026-08-03:002:NEUTRAL:112100:BALANCE_FORMING_STARTED:112100"",""BAL:ABB:2026-08-03:003:NEUTRAL:114800:BALANCE_COMPLETED:115400"",""BAL:ABB:2026-08-03:003:NEUTRAL:114800:BALANCE_FORMING_STARTED:114800"",""BAL:ABB:2026-08-03:004:NEUTRAL:122400:BALANCE_COMPLETED:125400"",""BAL:ABB:2026-08-03:004:NEUTRAL:122400:BALANCE_ESCAPE_ACCEPTED:125100"",""BAL:ABB:2026-08-03:004:NEUTRAL:122400:BALANCE_ESCAPE_STARTED:124800"",""BAL:ABB:2026-08-03:004:NEUTRAL:122400:BALANCE_FORMING_STARTED:122400"",""BAL:ABB:2026-08-03:004:NEUTRAL:122400:BALANCE_LOCKED:124500"",""BAL:ABB:2026-08-03:004:NEUTRAL:122400:BALANCE_PROBABLE:123600"",""BAL:ABB:2026-08-03:005:NEUTRAL:132100:BALANCE_FORMING_STARTED:132100"",""BAL:ABB:2026-08-03:005:NEUTRAL:132100:BALANCE_LOCKED:134200"",""BAL:ABB:2026-08-03:005:NEUTRAL:132100:BALANCE_PROBABLE:133300""],""episode_id"":""BAL:ABB:2026-08-03:005:NEUTRAL:132100"",""escape_attempt_count"":0,""escape_direction"":""UNKNOWN"",""failed_escape_count"":0,""forming_bars_observed"":9,""forming_invalid_bars"":0,""frozen_high"":7532.0,""frozen_low"":7492.5,""last_escape_direction"":""UNKNOWN"",""last_escape_failed_at"":null,""last_escape_started_at"":null,""last_reason_codes"":[""FROZEN_BALANCE_RETAINED""],""marginal_excursion_bars"":0,""meaningful_escape_bars"":0,""outside_close_count"":0,""range_id"":""DYNAMIC:2026-08-03T13:00:00+05:30:2026-08-03T13:18:00+05:30"",""rearm_bars_elapsed"":0,""rearm_inside_close_count"":0,""rearm_required"":false,""reentry_close_count"":0,""sequence"":5,""source_range_ids"":[""DYNAMIC:2026-08-03T13:00:00+05:30:2026-08-03T13:18:00+05:30""],""started_at"":""2026-08-03T13:21:00+05:30"",""state"":""LOCKED"",""state_age_bars"":2,""state_started_at"":""2026-08-03T13:42:00+05:30"",""up_escape_attempt_count"":0},""directional"":{""continuation_failure_progress_bars"":0,""continuation_failure_seen"":false,""continuation_failure_seen_at"":null,""direction"":""UP"",""emitted_event_ids"":[""DIR:ABB:2026-08-03:001:DOWN:101500:DIRECTIONAL_COMPLETED:105100"",""DIR:ABB:2026-08-03:001:DOWN:101500:DIRECTIONAL_STARTED:101500"",""DIR:ABB:2026-08-03:002:UP:110000:DIRECTIONAL_COMPLETED:113900"",""DIR:ABB:2026-08-03:002:UP:110000:DIRECTIONAL_MATURED:110300"",""DIR:ABB:2026-08-03:002:UP:110000:DIRECTIONAL_REVERSAL_CONFIRMED:113900"",""DIR:ABB:2026-08-03:002:UP:110000:DIRECTIONAL_STARTED:110000"",""DIR:ABB:2026-08-03:002:UP:110000:REVERSAL_WATCH_STARTED:110600"",""DIR:ABB:2026-08-03:003:DOWN:113900:DIRECTIONAL_COMPLETED:115400"",""DIR:ABB:2026-08-03:003:DOWN:113900:DIRECTIONAL_REVERSAL_LEG_FAILED:115400"",""DIR:ABB:2026-08-03:003:DOWN:113900:DIRECTIONAL_REVERSAL_LEG_STARTED:113900"",""DIR:ABB:2026-08-03:004:UP:120000:DIRECTIONAL_COMPLETED:124500"",""DIR:ABB:2026-08-03:004:UP:120000:DIRECTIONAL_CONTINUATION_CONFIRMED:123300"",""DIR:ABB:2026-08-03:004:UP:120000:DIRECTIONAL_MATURED:120300"",""DIR:ABB:2026-08-03:004:UP:120000:DIRECTIONAL_MATURED:123900"",""DIR:ABB:2026-08-03:004:UP:120000:DIRECTIONAL_REVERSAL_CONFIRMED:124500"",""DIR:ABB:2026-08-03:004:UP:120000:DIRECTIONAL_STARTED:120000"",""DIR:ABB:2026-08-03:004:UP:120000:DIRECTIONAL_TREND_RESTORED:122100"",""DIR:ABB:2026-08-03:004:UP:120000:REVERSAL_WATCH_STARTED:120600"",""DIR:ABB:2026-08-03:004:UP:120000:REVERSAL_WATCH_STARTED:124200"",""DIR:ABB:2026-08-03:005:DOWN:124500:DIRECTIONAL_COMPLETED:133300"",""DIR:ABB:2026-08-03:005:DOWN:124500:DIRECTIONAL_MATURED:125700"",""DIR:ABB:2026-08-03:005:DOWN:124500:DIRECTIONAL_MATURED:131800"",""DIR:ABB:2026-08-03:005:DOWN:124500:DIRECTIONAL_REVERSAL_CONFIRMED:133300"",""DIR:ABB:2026-08-03:005:DOWN:124500:DIRECTIONAL_REVERSAL_LEG_ESTABLISHED:125100"",""DIR:ABB:2026-08-03:005:DOWN:124500:DIRECTIONAL_REVERSAL_LEG_STARTED:124500"",""DIR:ABB:2026-08-03:005:DOWN:124500:DIRECTIONAL_TREND_RESTORED:131500"",""DIR:ABB:2026-08-03:005:DOWN:124500:REVERSAL_WATCH_STARTED:130000"",""DIR:ABB:2026-08-03:005:DOWN:124500:REVERSAL_WATCH_STARTED:132100"",""DIR:ABB:2026-08-03:006:UP:133300:DIRECTIONAL_REVERSAL_LEG_STARTED:133300""],""episode_id"":""DIR:ABB:2026-08-03:006:UP:133300"",""extreme_price"":7532.0,""extreme_time"":""2026-08-03T13:42:00+05:30"",""first_adverse_bar_close"":null,""first_adverse_bar_level"":null,""first_adverse_bar_time"":null,""inactive_bars"":0,""last_close"":7511.5,""last_observation_state"":""ORDERLY_DOWNTREND"",""last_observation_state_time"":""2026-08-03T13:45:00+05:30"",""last_reason_codes"":[""REVERSAL_LEG_FAILURE_PROGRESS""],""opposite_control_bars"":0,""origin_event_id"":""DIR:ABB:2026-08-03:005:DOWN:124500:DIRECTIONAL_REVERSAL_CONFIRMED:133300"",""origin_price"":7518.5,""origin_source"":""REVERSAL_EVENT_HANDOFF"",""parent_episode_id"":""DIR:ABB:2026-08-03:005:DOWN:124500"",""protection_level"":null,""protection_source"":"""",""protection_time"":null,""rejection_seen"":false,""rejection_seen_at"":null,""reversal_confirmation_breach_closes"":0,""reversal_confirmation_level"":7513.0,""reversal_confirmation_level_time"":""2026-08-03T13:24:00+05:30"",""reversal_confirmation_source"":""OBSERVATION_REJECTION_OR_FAILED_EXTREME:BAR_HIGH"",""reversal_leg_failure_closes"":1,""reversal_leg_progress_atr"":0.0,""reversal_leg_progress_bars"":0,""reversal_watch_age_bars"":0,""sequence"":6,""start_candidate_bars"":0,""start_candidate_side"":""UNKNOWN"",""started_at"":""2026-08-03T13:33:00+05:30"",""state"":""REVERSAL_LEG"",""state_age_bars"":5,""state_started_at"":""2026-08-03T13:33:00+05:30"",""trend_restore_bars"":0},""evidence_history"":[{""atr"":19.527328990334095,""bar"":{""body_fraction"":0.17647058823529413,""close"":7502.0,""close_position"":0.2352941176470588,""direction"":""DOWN"",""high"":7508.5,""low"":7500.0,""lower_wick_fraction"":0.2352941176470588,""move_atr"":-0.0768154211332482,""move_points"":-1.5,""open"":7503.5,""snapshot_time"":""2026-08-03T13:12:00+05:30"",""upper_wick_fraction"":0.5882352941176471,""volume"":2672.0},""close"":7502.0,""trend"":{""ema_ref"":7412.592371055168,""ema_slow"":7451.857923985817,""hma_order"":""SELL"",""hma_spread_atr"":6.606012375761779}},{""atr"":20.52537691959595,""bar"":{""body_fraction"":0.4626865671641791,""close"":7517.5,""close_position"":0.746268656716418,""direction"":""UP"",""high"":7526.0,""low"":7492.5,""lower_wick_fraction"":0.2835820895522388,""move_atr"":0.755162746132173,""move_points"":15.5,""open"":7502.0,""snapshot_time"":""2026-08-03T13:15:00+05:30"",""upper_wick_fraction"":0.2537313432835821,""volume"":10055.0},""close"":7517.5,""trend"":{""ema_ref"":7413.636228059594,""ema_slow"":7453.157767075207,""hma_order"":""SELL"",""hma_spread_atr"":5.940177061074319}},{""atr"":19.59499285391052,""bar"":{""body_fraction"":0.2,""close"":7519.0,""close_position"":0.5333333333333333,""direction"":""UP"",""high"":7522.5,""low"":7515.0,""lower_wick_fraction"":0.3333333333333333,""move_atr"":0.07655016825896156,""move_points"":1.5,""open"":7517.5,""snapshot_time"":""2026-08-03T13:18:00+05:30"",""upper_wick_fraction"":0.4666666666666667,""volume"":1867.0},""close"":7519.0,""trend"":{""ema_ref"":7414.684623800295,""ema_slow"":7454.461573667777,""hma_order"":""SELL"",""hma_spread_atr"":5.860919301696179}},{""atr"":18.94535050720263,""bar"":{""body_fraction"":0.7619047619047619,""close"":7511.0,""close_position"":0.1904761904761905,""direction"":""DOWN"",""high"":7519.5,""low"":7509.0,""lower_wick_fraction"":0.1904761904761905,""move_atr"":-0.4222671941043564,""move_points"":-8.0,""open"":7519.0,""snapshot_time"":""2026-08-03T13:21:00+05:30"",""upper_wick_fraction"":0.047619047619047616,""volume"":1875.0},""close"":7511.0,""trend"":{""ema_ref"":7415.642985752532,""ema_slow"":7455.581146466435,""hma_order"":""SELL"",""hma_spread_atr"":5.678418708406215}},{""atr"":18.449254042402444,""bar"":{""body_fraction"":0.3333333333333333,""close"":7507.0,""close_position"":0.5,""direction"":""DOWN"",""high"":7513.0,""low"":7501.0,""lower_wick_fraction"":0.5,""move_atr"":-0.21681093397091755,""move_points"":-4.0,""open"":7511.0,""snapshot_time"":""2026-08-03T13:24:00+05:30"",""upper_wick_fraction"":0.16666666666666666,""volume"":3365.0},""close"":7507.0,""trend"":{""ema_ref"":7416.55201076992,""ema_slow"":7456.599341585912,""hma_order"":""SELL"",""hma_spread_atr"":5.710404671364048}},{""atr"":17.56002161080227,""bar"":{""body_fraction"":0.3333333333333333,""close"":7505.0,""close_position"":0.4166666666666667,""direction"":""DOWN"",""high"":7508.5,""low"":7502.5,""lower_wick_fraction"":0.4166666666666667,""move_atr"":-0.11389507623212004,""move_points"":-2.0,""open"":7507.0,""snapshot_time"":""2026-08-03T13:27:00+05:30"",""upper_wick_fraction"":0.25,""volume"":2136.0},""close"":7505.0,""trend"":{""ema_ref"":7417.432090264747,""ema_slow"":7457.557770465399,""hma_order"":""SELL"",""hma_spread_atr"":5.941966312699527}},{""atr"":16.948591495744964,""bar"":{""body_fraction"":0.6666666666666666,""close"":7500.0,""close_position"":0.0,""direction"":""DOWN"",""high"":7509.0,""low"":7500.0,""lower_wick_fraction"":0.0,""move_atr"":-0.3540117184077705,""move_points"":-6.0,""open"":7506.0,""snapshot_time"":""2026-08-03T13:30:00+05:30"",""upper_wick_fraction"":0.3333333333333333,""volume"":1937.0},""close"":7500.0,""trend"":{""ema_ref"":7418.253661505894,""ema_slow"":7458.3982106542035,""hma_order"":""SELL"",""hma_spread_atr"":6.083903727168402}},{""atr"":17.059406388906037,""bar"":{""body_fraction"":1.0,""close"":7518.5,""close_position"":1.0,""direction"":""UP"",""high"":7518.5,""low"":7500.0,""lower_wick_fraction"":0.0,""move_atr"":1.0844457056859145,""move_points"":18.5,""open"":7500.0,""snapshot_time"":""2026-08-03T13:33:00+05:30"",""upper_wick_fraction"":0.0,""volume"":4046.0},""close"":7518.5,""trend"":{""ema_ref"":7419.251137510811,""ema_slow"":7459.588345096695,""hma_order"":""SELL"",""hma_spread_atr"":5.96660505957583}},{""atr"":16.483734503984177,""bar"":{""body_fraction"":0.6666666666666666,""close"":7512.0,""close_position"":0.0,""direction"":""DOWN"",""high"":7521.0,""low"":7512.0,""lower_wick_fraction"":0.0,""move_atr"":-0.36399518559036353,""move_points"":-6.0,""open"":7518.0,""snapshot_time"":""2026-08-03T13:36:00+05:30"",""upper_wick_fraction"":0.3333333333333333,""volume"":2656.0},""close"":7512.0,""trend"":{""ema_ref"":7420.174011764434,""ema_slow"":7460.626199649236,""hma_order"":""SELL"",""hma_spread_atr"":6.085804503715556}},{""atr"":16.092039182271023,""bar"":{""body_fraction"":0.7272727272727273,""close"":7520.0,""close_position"":0.7272727272727273,""direction"":""UP"",""high"":7523.0,""low"":7512.0,""lower_wick_fraction"":0.0,""move_atr"":0.4971402262563335,""move_points"":8.0,""open"":7512.0,""snapshot_time"":""2026-08-03T13:39:00+05:30"",""upper_wick_fraction"":0.2727272727272727,""volume"":3111.0},""close"":7520.0,""trend"":{""ema_ref"":7421.167305179713,""ema_slow"":7461.8019184680625,""hma_order"":""SELL"",""hma_spread_atr"":6.136861401517315}},{""atr"":17.049750669251665,""bar"":{""body_fraction"":0.06779661016949153,""close"":7524.0,""close_position"":0.7288135593220338,""direction"":""UP"",""high"":7532.0,""low"":7502.5,""lower_wick_fraction"":0.6610169491525424,""move_atr"":0.11730376817808225,""move_points"":2.0,""open"":7522.0,""snapshot_time"":""2026-08-03T13:42:00+05:30"",""upper_wick_fraction"":0.2711864406779661,""volume"":6714.0},""close"":7524.0,""trend"":{""ema_ref"":7422.190516073448,""ema_slow"":7463.033563646913,""hma_order"":""SELL"",""hma_spread_atr"":5.695452081036592}},{""atr"":16.760482764305117,""bar"":{""body_fraction"":0.9565217391304348,""close"":7511.5,""close_position"":0.043478260869565216,""direction"":""DOWN"",""high"":7522.5,""low"":7511.0,""lower_wick_fraction"":0.043478260869565216,""move_atr"":-0.6563056777473472,""move_points"":-11.0,""open"":7522.5,""snapshot_time"":""2026-08-03T13:45:00+05:30"",""upper_wick_fraction"":0.0,""volume"":2363.0},""close"":7511.5,""trend"":{""ema_ref"":7423.079167654807,""ema_slow"":7463.993295059845,""hma_order"":""SELL"",""hma_spread_atr"":5.684656087223569}}],""last_observation_hash"":""47804cd00e253026b314302c092732d98662af1650193c2a338d9b19f6da8026"",""last_snapshot_time"":""2026-08-03T13:45:00+05:30"",""observation"":{""compression_box_high"":null,""compression_box_low"":null,""compression_candidate_bars"":0,""current_state"":""ORDERLY_DOWNTREND"",""established_side"":""DOWN"",""exhaustion_active"":true,""exhaustion_age_bars"":3,""exhaustion_clear_bars"":0,""exhaustion_last_seen_at"":""2026-08-03T13:45:00+05:30"",""exhaustion_side"":""DOWN"",""exhaustion_started_at"":""2026-08-03T13:39:00+05:30"",""failure_breach_bars"":0,""last_close"":7511.5,""last_reason_codes"":[""ESTABLISHED_DIRECTIONAL_CONTEXT_RETAINED"",""OBSERVATION_PROPOSAL_MATCHED_CURRENT"",""OBSERVATION_STATE_ORDERLY_DOWNTREND""],""last_snapshot_time"":""2026-08-03T13:45:00+05:30"",""leg_age_bars"":17,""leg_anchor_price"":7543.5,""leg_anchor_time"":""2026-08-03T12:57:00+05:30"",""leg_extreme_price"":7492.5,""leg_maturity_consumed"":true,""leg_maturity_extreme_price"":7492.5,""leg_maturity_onset_time"":""2026-08-03T13:30:00+05:30"",""leg_no_progress_bars"":10,""observation_count"":91,""pending_bars"":0,""pending_state"":null,""protection_level"":7543.5,""protection_source"":""INITIAL_DIRECTIONAL_ANCHOR"",""protection_time"":""2026-08-03T12:57:00+05:30"",""pullback_age_bars"":0,""pullback_candidate_bars"":0,""pullback_extreme_price"":null,""reacceleration_age_bars"":2,""recompression_age_bars"":0,""reversal_confirmation_bars"":0,""reversal_side"":""DOWN"",""state_age_bars"":4,""trading_day"":""2026-08-03"",""trend_anchor_price"":7543.5,""trend_candidate_bars"":0,""trend_candidate_side"":""UNKNOWN"",""trend_extreme_price"":7492.5,""trend_failure_age_bars"":0,""trend_onset_time"":""2026-08-03T12:57:00+05:30""},""symbol"":""ABB"",""trading_day"":""2026-08-03""}"
restoration-v3-current-day,development,restoration-trend-control-v3,backtest-default,OK,,,,ABB,2026-08-03,2026-08-03T13:48:00+05:30,2026-08-03T13:45:00+05:30,SNAPSHOT_AUCTION_AUTHORITY_V3A,3m,True,True,7540.0,2026-08-03T13:48:00,7511.5,7546.5,7506.5,7540.0,9361.0,18.420448281140462,BALANCE_QUALIFIED,BUY,dynamic_balance_stable_across_historical_cutoffs,RANGE_ACCEPTED,DYNAMIC:2026-08-03T13:00:00+05:30:2026-08-03T13:18:00+05:30,7492.5,7526.0,10,ok,UP_ACCELERATING,0.4342999626230972,0.3800124672952101,OK,INCREMENTAL_PREVIOUS_SNAPSHOT,AUTOTRADES_AUCTION_ENGINE,1.1.0,,,ORDERLY_DOWNTREND,DOWN,UP,False,False,True,DOWN,False,False,False,7543.5,INITIAL_DIRECTIONAL_ANCHOR,2026-08-03T12:57:00+05:30,DYNAMIC:2026-08-03T13:00:00+05:30:2026-08-03T13:18:00+05:30,7492.5,7526.0,False,1.417910447761194,0.42168674698795183,PRICE_ACTION,0.9444444444444444,ESTABLISHED_DIRECTIONAL_CONTEXT_RETAINED|OBSERVATION_PROPOSAL_MATCHED_CURRENT|OBSERVATION_STATE_ORDERLY_DOWNTREND|OBJECTIVE_ACCEPTED_RANGE_GEOMETRY_PRESENT|OBJECTIVE_TREND_PROTECTION_GEOMETRY_PRESENT,DIR:ABB:2026-08-03:006:UP:133300,REVERSAL_LEG,REVERSAL_LEG,UP,REVERSAL_EVENT_HANDOFF,DIR:ABB:2026-08-03:005:DOWN:124500,DIR:ABB:2026-08-03:005:DOWN:124500:DIRECTIONAL_REVERSAL_CONFIRMED:133300,2026-08-03T13:33:00+05:30,2026-08-03T13:33:00+05:30,6,7518.5,7546.5,2026-08-03T13:48:00+05:30,,,7513.0,OBSERVATION_REJECTION_OR_FAILED_EXTREME:BAR_HIGH,2026-08-03T13:24:00+05:30,1,1.167181149549574,0,False,REVERSAL_LEG_DIRECTIONAL_PROGRESS,6,UNKNOWN,0,0,0,0,0,ORDERLY_DOWNTREND,2026-08-03T13:48:00+05:30,REVERSAL_LEG_DIRECTIONAL_PROGRESS,BAL:ABB:2026-08-03:005:NEUTRAL:132100,LOCKED,ESCAPE_WATCH,1,DYNAMIC:2026-08-03T13:00:00+05:30:2026-08-03T13:18:00+05:30,7492.5,7532.0,7492.5,7532.0,UP,1,0,1,0,False,False,BALANCE_ESCAPE_WATCH_STARTED|BALANCE_ESCAPE_ATTEMPT_RECORDED,1,BAL:ABB:2026-08-03:005:NEUTRAL:132100:BALANCE_ESCAPE_STARTED:134800,BALANCE_ESCAPE_STARTED,UP,BAL:ABB:2026-08-03:005:NEUTRAL:132100,"BALANCE_ESCAPE_STARTED:MEANINGFUL_CLOSE_OUTSIDE_FROZEN_BALANCE,BALANCE_ESCAPE_ATTEMPT_RECORDED",6,ACCEPTED_BREAKOUT|BREAKOUT_INITIATION|CONTINUATION|FAILED_BREAKOUT|REACCELERATION|REVERSAL,WAIT|PERMIT|BLOCK|WAIT|BLOCK|BLOCK,|BAL:ABB:2026-08-03:005:NEUTRAL:132100:BALANCE_ESCAPE_STARTED:134800||||,ACCEPTED_BREAKOUT:BALANCE_ESCAPE_WATCH_ACCEPTED_BREAKOUT_WAIT|BREAKOUT_INITIATION:EVENT_BALANCE_ESCAPE_STARTED_PERMIT|CONTINUATION:BALANCE_ESCAPE_WATCH_CONTINUATION_BLOCK|FAILED_BREAKOUT:BALANCE_ESCAPE_WATCH_FAILED_BREAKOUT_WAIT|REACCELERATION:BALANCE_ESCAPE_WATCH_REACCELERATION_BLOCK|REVERSAL:BALANCE_ESCAPE_WATCH_REVERSAL_BLOCK,MATCH,MATCH,MATCH,MATCH,False,0,False,False,False,True,,COHERENT,"[""event_id='BAL:ABB:2026-08-03:005:NEUTRAL:132100:BALANCE_ESCAPE_STARTED:134800' event_type=<AuctionEventType.BALANCE_ESCAPE_STARTED: 'BALANCE_ESCAPE_STARTED'> episode_id='BAL:ABB:2026-08-03:005:NEUTRAL:132100' symbol='ABB' trading_day=datetime.date(2026, 8, 3) event_time=datetime.datetime(2026, 8, 3, 13, 48, tzinfo=TzInfo(19800)) direction=<DirectionalBias.UP: 'UP'> reason_codes=('MEANINGFUL_CLOSE_OUTSIDE_FROZEN_BALANCE', 'BALANCE_ESCAPE_ATTEMPT_RECORDED') data={'range_id': 'DYNAMIC:2026-08-03T13:00:00+05:30:2026-08-03T13:18:00+05:30', 'frozen_low': 7492.5, 'frozen_high': 7532.0, 'candidate_low': 7492.5, 'candidate_high': 7532.0, 'rearm_required': False, 'containment_bars': 9, 'source_range_ids': ['DYNAMIC:2026-08-03T13:00:00+05:30:2026-08-03T13:18:00+05:30'], 'containment_ratio': 1.0, 'rearm_bars_elapsed': 0, 'failed_escape_count': 0, 'escape_attempt_count': 1, 'attempt_limit_reached': False, 'candidate_merge_count': 0, 'forming_bars_observed': 9, 'last_escape_direction': 'UP', 'last_escape_failed_at': None, 'last_escape_started_at': '2026-08-03T13:48:00+05:30', 'meaningful_escape_bars': 0, 'candidate_last_valid_at': '2026-08-03T13:42:00+05:30', 'marginal_excursion_bars': 0, 'up_escape_attempt_count': 1, 'rearm_inside_close_count': 0, 'down_escape_attempt_count': 0, 'candidate_bar_expansion_count': 1}""]","[""setup_family=<SetupFamily.ACCEPTED_BREAKOUT: 'ACCEPTED_BREAKOUT'> result=<StructuralPermissionResult.WAIT: 'WAIT'> source_event_ids=() source_event_types=() balance_state=<BalanceEpisodeState.ESCAPE_WATCH: 'ESCAPE_WATCH'> reason_codes=('BALANCE_ESCAPE_WATCH_ACCEPTED_BREAKOUT_WAIT',)"",""setup_family=<SetupFamily.BREAKOUT_INITIATION: 'BREAKOUT_INITIATION'> result=<StructuralPermissionResult.PERMIT: 'PERMIT'> source_event_ids=('BAL:ABB:2026-08-03:005:NEUTRAL:132100:BALANCE_ESCAPE_STARTED:134800',) source_event_types=(<AuctionEventType.BALANCE_ESCAPE_STARTED: 'BALANCE_ESCAPE_STARTED'>,) balance_state=<BalanceEpisodeState.ESCAPE_WATCH: 'ESCAPE_WATCH'> reason_codes=('EVENT_BALANCE_ESCAPE_STARTED_PERMIT',)"",""setup_family=<SetupFamily.CONTINUATION: 'CONTINUATION'> result=<StructuralPermissionResult.BLOCK: 'BLOCK'> source_event_ids=() source_event_types=() balance_state=<BalanceEpisodeState.ESCAPE_WATCH: 'ESCAPE_WATCH'> reason_codes=('BALANCE_ESCAPE_WATCH_CONTINUATION_BLOCK',)"",""setup_family=<SetupFamily.FAILED_BREAKOUT: 'FAILED_BREAKOUT'> result=<StructuralPermissionResult.WAIT: 'WAIT'> source_event_ids=() source_event_types=() balance_state=<BalanceEpisodeState.ESCAPE_WATCH: 'ESCAPE_WATCH'> reason_codes=('BALANCE_ESCAPE_WATCH_FAILED_BREAKOUT_WAIT',)"",""setup_family=<SetupFamily.REACCELERATION: 'REACCELERATION'> result=<StructuralPermissionResult.BLOCK: 'BLOCK'> source_event_ids=() source_event_types=() balance_state=<BalanceEpisodeState.ESCAPE_WATCH: 'ESCAPE_WATCH'> reason_codes=('BALANCE_ESCAPE_WATCH_REACCELERATION_BLOCK',)"",""setup_family=<SetupFamily.REVERSAL: 'REVERSAL'> result=<StructuralPermissionResult.BLOCK: 'BLOCK'> source_event_ids=() source_event_types=() balance_state=<BalanceEpisodeState.ESCAPE_WATCH: 'ESCAPE_WATCH'> reason_codes=('BALANCE_ESCAPE_WATCH_REVERSAL_BLOCK',)""]","{""accepted_range_breakout_eligible"":true,""accepted_range_established_at"":""2026-08-03T13:18:00+05:30"",""accepted_range_high"":7526.0,""accepted_range_id"":""DYNAMIC:2026-08-03T13:00:00+05:30:2026-08-03T13:18:00+05:30"",""accepted_range_inside"":false,""accepted_range_low"":7492.5,""accepted_range_outside_atr"":0.7600249345904202,""accepted_range_position"":1.417910447761194,""accepted_range_provisional"":false,""atr"":18.420448281140462,""close"":7540.0,""current_leg_mature"":false,""directional_bias"":""DOWN"",""directional_efficiency"":0.42168674698795183,""directional_efficiency_source"":""PRICE_ACTION"",""exhausted_side"":""DOWN"",""exhaustion_active"":true,""extension_mature"":false,""failed_extreme_observed"":false,""high"":7546.5,""low"":7506.5,""observation_state"":""ORDERLY_DOWNTREND"",""overlap_ratio"":0.9444444444444444,""range_width_atr"":1.8186310934842196,""rejection_observed"":false,""snapshot_time"":""2026-08-03T13:48:00+05:30"",""source_reason_codes"":[""ESTABLISHED_DIRECTIONAL_CONTEXT_RETAINED"",""OBSERVATION_PROPOSAL_MATCHED_CURRENT"",""OBSERVATION_STATE_ORDERLY_DOWNTREND"",""OBJECTIVE_ACCEPTED_RANGE_GEOMETRY_PRESENT"",""OBJECTIVE_TREND_PROTECTION_GEOMETRY_PRESENT""],""structural_failure_confirmed"":false,""symbol"":""ABB"",""trading_day"":""2026-08-03"",""trend_direction"":""UP"",""trend_protection_level"":7543.5,""trend_protection_source"":""INITIAL_DIRECTIONAL_ANCHOR"",""trend_protection_time"":""2026-08-03T12:57:00+05:30""}","{""continuation_failure_seen"":false,""continuation_failure_time"":null,""current_state"":""REVERSAL_LEG"",""direction"":""UP"",""episode_id"":""DIR:ABB:2026-08-03:006:UP:133300"",""extreme_price"":7546.5,""extreme_time"":""2026-08-03T13:48:00+05:30"",""first_adverse_bar_close"":null,""first_adverse_bar_level"":null,""first_adverse_bar_time"":null,""origin_event_id"":""DIR:ABB:2026-08-03:005:DOWN:124500:DIRECTIONAL_REVERSAL_CONFIRMED:133300"",""origin_price"":7518.5,""origin_source"":""REVERSAL_EVENT_HANDOFF"",""parent_episode_id"":""DIR:ABB:2026-08-03:005:DOWN:124500"",""previous_state"":""REVERSAL_LEG"",""protection_level"":null,""protection_source"":"""",""reason_codes"":[""REVERSAL_LEG_DIRECTIONAL_PROGRESS""],""rejection_seen"":false,""reversal_confirmation_breach_closes"":0,""reversal_confirmation_level"":7513.0,""reversal_confirmation_level_time"":""2026-08-03T13:24:00+05:30"",""reversal_confirmation_source"":""OBSERVATION_REJECTION_OR_FAILED_EXTREME:BAR_HIGH"",""reversal_leg_failure_closes"":0,""reversal_leg_progress_atr"":1.167181149549574,""reversal_leg_progress_bars"":1,""started_at"":""2026-08-03T13:33:00+05:30"",""state_age_bars"":6,""state_started_at"":""2026-08-03T13:33:00+05:30""}","{""attempt_limit_reached"":false,""candidate_bar_expansion_count"":1,""candidate_high"":7532.0,""candidate_last_valid_at"":""2026-08-03T13:42:00+05:30"",""candidate_low"":7492.5,""candidate_merge_count"":0,""containment_bars"":9,""containment_ratio"":1.0,""current_state"":""ESCAPE_WATCH"",""down_escape_attempt_count"":0,""episode_id"":""BAL:ABB:2026-08-03:005:NEUTRAL:132100"",""escape_attempt_count"":1,""escape_direction"":""UP"",""failed_escape_count"":0,""forming_bars_observed"":9,""forming_invalid_bars"":0,""frozen_high"":7532.0,""frozen_low"":7492.5,""last_escape_direction"":""UP"",""last_escape_failed_at"":null,""last_escape_started_at"":""2026-08-03T13:48:00+05:30"",""marginal_excursion_bars"":0,""meaningful_escape_bars"":0,""outside_close_count"":1,""previous_state"":""LOCKED"",""range_id"":""DYNAMIC:2026-08-03T13:00:00+05:30:2026-08-03T13:18:00+05:30"",""rearm_bars_elapsed"":0,""rearm_inside_close_count"":0,""rearm_required"":false,""reason_codes"":[""BALANCE_ESCAPE_WATCH_STARTED"",""BALANCE_ESCAPE_ATTEMPT_RECORDED""],""reentry_close_count"":0,""source_range_ids"":[""DYNAMIC:2026-08-03T13:00:00+05:30:2026-08-03T13:18:00+05:30""],""started_at"":""2026-08-03T13:21:00+05:30"",""state_age_bars"":1,""state_started_at"":""2026-08-03T13:48:00+05:30"",""up_escape_attempt_count"":1}","{""balance_attempt_limit_reached"":false,""balance_candidate_bar_expansion_count"":1,""balance_candidate_merge_count"":0,""balance_containment_ratio"":1.0,""balance_down_escape_attempt_count"":0,""balance_escape_attempt_count"":1,""balance_failed_escape_count"":0,""balance_forming_bars_observed"":9,""balance_forming_invalid_bars"":0,""balance_last_escape_direction"":""UP"",""balance_last_escape_failed_at"":null,""balance_last_escape_started_at"":""2026-08-03T13:48:00+05:30"",""balance_marginal_excursion_bars"":0,""balance_meaningful_escape_bars"":0,""balance_rearm_bars_elapsed"":0,""balance_rearm_inside_close_count"":0,""balance_rearm_required"":false,""balance_up_escape_attempt_count"":1,""directional_origin_event_id"":""DIR:ABB:2026-08-03:005:DOWN:124500:DIRECTIONAL_REVERSAL_CONFIRMED:133300"",""directional_origin_source"":""REVERSAL_EVENT_HANDOFF"",""directional_parent_episode_id"":""DIR:ABB:2026-08-03:005:DOWN:124500"",""directional_reversal_watch_age_bars"":0,""directional_start_candidate_bars"":0,""directional_start_candidate_side"":""UNKNOWN"",""observation_accepted_range_id"":""DYNAMIC:2026-08-03T13:00:00+05:30:2026-08-03T13:18:00+05:30"",""observation_current_leg_mature"":false,""observation_directional_bias"":""DOWN"",""observation_exhaustion_active"":true,""observation_state"":""ORDERLY_DOWNTREND""}","{""balance"":{""attempt_limit_reached"":false,""candidate_bar_expansion_count"":1,""candidate_high"":7532.0,""candidate_last_valid_at"":""2026-08-03T13:42:00+05:30"",""candidate_low"":7492.5,""candidate_merge_count"":0,""containment_bars"":9,""down_escape_attempt_count"":0,""emitted_event_ids"":[""BAL:ABB:2026-08-03:001:NEUTRAL:100600:BALANCE_COMPLETED:105400"",""BAL:ABB:2026-08-03:001:NEUTRAL:100600:BALANCE_ESCAPE_ACCEPTED:105100"",""BAL:ABB:2026-08-03:001:NEUTRAL:100600:BALANCE_ESCAPE_STARTED:104800"",""BAL:ABB:2026-08-03:001:NEUTRAL:100600:BALANCE_FORMING_STARTED:100600"",""BAL:ABB:2026-08-03:001:NEUTRAL:100600:BALANCE_LOCKED:102700"",""BAL:ABB:2026-08-03:001:NEUTRAL:100600:BALANCE_PROBABLE:101800"",""BAL:ABB:2026-08-03:002:NEUTRAL:112100:BALANCE_COMPLETED:113000"",""BAL:ABB:2026-08-03:002:NEUTRAL:112100:BALANCE_FORMING_STARTED:112100"",""BAL:ABB:2026-08-03:003:NEUTRAL:114800:BALANCE_COMPLETED:115400"",""BAL:ABB:2026-08-03:003:NEUTRAL:114800:BALANCE_FORMING_STARTED:114800"",""BAL:ABB:2026-08-03:004:NEUTRAL:122400:BALANCE_COMPLETED:125400"",""BAL:ABB:2026-08-03:004:NEUTRAL:122400:BALANCE_ESCAPE_ACCEPTED:125100"",""BAL:ABB:2026-08-03:004:NEUTRAL:122400:BALANCE_ESCAPE_STARTED:124800"",""BAL:ABB:2026-08-03:004:NEUTRAL:122400:BALANCE_FORMING_STARTED:122400"",""BAL:ABB:2026-08-03:004:NEUTRAL:122400:BALANCE_LOCKED:124500"",""BAL:ABB:2026-08-03:004:NEUTRAL:122400:BALANCE_PROBABLE:123600"",""BAL:ABB:2026-08-03:005:NEUTRAL:132100:BALANCE_ESCAPE_STARTED:134800"",""BAL:ABB:2026-08-03:005:NEUTRAL:132100:BALANCE_FORMING_STARTED:132100"",""BAL:ABB:2026-08-03:005:NEUTRAL:132100:BALANCE_LOCKED:134200"",""BAL:ABB:2026-08-03:005:NEUTRAL:132100:BALANCE_PROBABLE:133300""],""episode_id"":""BAL:ABB:2026-08-03:005:NEUTRAL:132100"",""escape_attempt_count"":1,""escape_direction"":""UP"",""failed_escape_count"":0,""forming_bars_observed"":9,""forming_invalid_bars"":0,""frozen_high"":7532.0,""frozen_low"":7492.5,""last_escape_direction"":""UP"",""last_escape_failed_at"":null,""last_escape_started_at"":""2026-08-03T13:48:00+05:30"",""last_reason_codes"":[""BALANCE_ESCAPE_WATCH_STARTED"",""BALANCE_ESCAPE_ATTEMPT_RECORDED""],""marginal_excursion_bars"":0,""meaningful_escape_bars"":0,""outside_close_count"":1,""range_id"":""DYNAMIC:2026-08-03T13:00:00+05:30:2026-08-03T13:18:00+05:30"",""rearm_bars_elapsed"":0,""rearm_inside_close_count"":0,""rearm_required"":false,""reentry_close_count"":0,""sequence"":5,""source_range_ids"":[""DYNAMIC:2026-08-03T13:00:00+05:30:2026-08-03T13:18:00+05:30""],""started_at"":""2026-08-03T13:21:00+05:30"",""state"":""ESCAPE_WATCH"",""state_age_bars"":1,""state_started_at"":""2026-08-03T13:48:00+05:30"",""up_escape_attempt_count"":1},""directional"":{""continuation_failure_progress_bars"":0,""continuation_failure_seen"":false,""continuation_failure_seen_at"":null,""direction"":""UP"",""emitted_event_ids"":[""DIR:ABB:2026-08-03:001:DOWN:101500:DIRECTIONAL_COMPLETED:105100"",""DIR:ABB:2026-08-03:001:DOWN:101500:DIRECTIONAL_STARTED:101500"",""DIR:ABB:2026-08-03:002:UP:110000:DIRECTIONAL_COMPLETED:113900"",""DIR:ABB:2026-08-03:002:UP:110000:DIRECTIONAL_MATURED:110300"",""DIR:ABB:2026-08-03:002:UP:110000:DIRECTIONAL_REVERSAL_CONFIRMED:113900"",""DIR:ABB:2026-08-03:002:UP:110000:DIRECTIONAL_STARTED:110000"",""DIR:ABB:2026-08-03:002:UP:110000:REVERSAL_WATCH_STARTED:110600"",""DIR:ABB:2026-08-03:003:DOWN:113900:DIRECTIONAL_COMPLETED:115400"",""DIR:ABB:2026-08-03:003:DOWN:113900:DIRECTIONAL_REVERSAL_LEG_FAILED:115400"",""DIR:ABB:2026-08-03:003:DOWN:113900:DIRECTIONAL_REVERSAL_LEG_STARTED:113900"",""DIR:ABB:2026-08-03:004:UP:120000:DIRECTIONAL_COMPLETED:124500"",""DIR:ABB:2026-08-03:004:UP:120000:DIRECTIONAL_CONTINUATION_CONFIRMED:123300"",""DIR:ABB:2026-08-03:004:UP:120000:DIRECTIONAL_MATURED:120300"",""DIR:ABB:2026-08-03:004:UP:120000:DIRECTIONAL_MATURED:123900"",""DIR:ABB:2026-08-03:004:UP:120000:DIRECTIONAL_REVERSAL_CONFIRMED:124500"",""DIR:ABB:2026-08-03:004:UP:120000:DIRECTIONAL_STARTED:120000"",""DIR:ABB:2026-08-03:004:UP:120000:DIRECTIONAL_TREND_RESTORED:122100"",""DIR:ABB:2026-08-03:004:UP:120000:REVERSAL_WATCH_STARTED:120600"",""DIR:ABB:2026-08-03:004:UP:120000:REVERSAL_WATCH_STARTED:124200"",""DIR:ABB:2026-08-03:005:DOWN:124500:DIRECTIONAL_COMPLETED:133300"",""DIR:ABB:2026-08-03:005:DOWN:124500:DIRECTIONAL_MATURED:125700"",""DIR:ABB:2026-08-03:005:DOWN:124500:DIRECTIONAL_MATURED:131800"",""DIR:ABB:2026-08-03:005:DOWN:124500:DIRECTIONAL_REVERSAL_CONFIRMED:133300"",""DIR:ABB:2026-08-03:005:DOWN:124500:DIRECTIONAL_REVERSAL_LEG_ESTABLISHED:125100"",""DIR:ABB:2026-08-03:005:DOWN:124500:DIRECTIONAL_REVERSAL_LEG_STARTED:124500"",""DIR:ABB:2026-08-03:005:DOWN:124500:DIRECTIONAL_TREND_RESTORED:131500"",""DIR:ABB:2026-08-03:005:DOWN:124500:REVERSAL_WATCH_STARTED:130000"",""DIR:ABB:2026-08-03:005:DOWN:124500:REVERSAL_WATCH_STARTED:132100"",""DIR:ABB:2026-08-03:006:UP:133300:DIRECTIONAL_REVERSAL_LEG_STARTED:133300""],""episode_id"":""DIR:ABB:2026-08-03:006:UP:133300"",""extreme_price"":7546.5,""extreme_time"":""2026-08-03T13:48:00+05:30"",""first_adverse_bar_close"":null,""first_adverse_bar_level"":null,""first_adverse_bar_time"":null,""inactive_bars"":0,""last_close"":7540.0,""last_observation_state"":""ORDERLY_DOWNTREND"",""last_observation_state_time"":""2026-08-03T13:48:00+05:30"",""last_reason_codes"":[""REVERSAL_LEG_DIRECTIONAL_PROGRESS""],""opposite_control_bars"":0,""origin_event_id"":""DIR:ABB:2026-08-03:005:DOWN:124500:DIRECTIONAL_REVERSAL_CONFIRMED:133300"",""origin_price"":7518.5,""origin_source"":""REVERSAL_EVENT_HANDOFF"",""parent_episode_id"":""DIR:ABB:2026-08-03:005:DOWN:124500"",""protection_level"":null,""protection_source"":"""",""protection_time"":null,""rejection_seen"":false,""rejection_seen_at"":null,""reversal_confirmation_breach_closes"":0,""reversal_confirmation_level"":7513.0,""reversal_confirmation_level_time"":""2026-08-03T13:24:00+05:30"",""reversal_confirmation_source"":""OBSERVATION_REJECTION_OR_FAILED_EXTREME:BAR_HIGH"",""reversal_leg_failure_closes"":0,""reversal_leg_progress_atr"":1.167181149549574,""reversal_leg_progress_bars"":1,""reversal_watch_age_bars"":0,""sequence"":6,""start_candidate_bars"":0,""start_candidate_side"":""UNKNOWN"",""started_at"":""2026-08-03T13:33:00+05:30"",""state"":""REVERSAL_LEG"",""state_age_bars"":6,""state_started_at"":""2026-08-03T13:33:00+05:30"",""trend_restore_bars"":0},""evidence_history"":[{""atr"":20.52537691959595,""bar"":{""body_fraction"":0.4626865671641791,""close"":7517.5,""close_position"":0.746268656716418,""direction"":""UP"",""high"":7526.0,""low"":7492.5,""lower_wick_fraction"":0.2835820895522388,""move_atr"":0.755162746132173,""move_points"":15.5,""open"":7502.0,""snapshot_time"":""2026-08-03T13:15:00+05:30"",""upper_wick_fraction"":0.2537313432835821,""volume"":10055.0},""close"":7517.5,""trend"":{""ema_ref"":7413.636228059594,""ema_slow"":7453.157767075207,""hma_order"":""SELL"",""hma_spread_atr"":5.940177061074319}},{""atr"":19.59499285391052,""bar"":{""body_fraction"":0.2,""close"":7519.0,""close_position"":0.5333333333333333,""direction"":""UP"",""high"":7522.5,""low"":7515.0,""lower_wick_fraction"":0.3333333333333333,""move_atr"":0.07655016825896156,""move_points"":1.5,""open"":7517.5,""snapshot_time"":""2026-08-03T13:18:00+05:30"",""upper_wick_fraction"":0.4666666666666667,""volume"":1867.0},""close"":7519.0,""trend"":{""ema_ref"":7414.684623800295,""ema_slow"":7454.461573667777,""hma_order"":""SELL"",""hma_spread_atr"":5.860919301696179}},{""atr"":18.94535050720263,""bar"":{""body_fraction"":0.7619047619047619,""close"":7511.0,""close_position"":0.1904761904761905,""direction"":""DOWN"",""high"":7519.5,""low"":7509.0,""lower_wick_fraction"":0.1904761904761905,""move_atr"":-0.4222671941043564,""move_points"":-8.0,""open"":7519.0,""snapshot_time"":""2026-08-03T13:21:00+05:30"",""upper_wick_fraction"":0.047619047619047616,""volume"":1875.0},""close"":7511.0,""trend"":{""ema_ref"":7415.642985752532,""ema_slow"":7455.581146466435,""hma_order"":""SELL"",""hma_spread_atr"":5.678418708406215}},{""atr"":18.449254042402444,""bar"":{""body_fraction"":0.3333333333333333,""close"":7507.0,""close_position"":0.5,""direction"":""DOWN"",""high"":7513.0,""low"":7501.0,""lower_wick_fraction"":0.5,""move_atr"":-0.21681093397091755,""move_points"":-4.0,""open"":7511.0,""snapshot_time"":""2026-08-03T13:24:00+05:30"",""upper_wick_fraction"":0.16666666666666666,""volume"":3365.0},""close"":7507.0,""trend"":{""ema_ref"":7416.55201076992,""ema_slow"":7456.599341585912,""hma_order"":""SELL"",""hma_spread_atr"":5.710404671364048}},{""atr"":17.56002161080227,""bar"":{""body_fraction"":0.3333333333333333,""close"":7505.0,""close_position"":0.4166666666666667,""direction"":""DOWN"",""high"":7508.5,""low"":7502.5,""lower_wick_fraction"":0.4166666666666667,""move_atr"":-0.11389507623212004,""move_points"":-2.0,""open"":7507.0,""snapshot_time"":""2026-08-03T13:27:00+05:30"",""upper_wick_fraction"":0.25,""volume"":2136.0},""close"":7505.0,""trend"":{""ema_ref"":7417.432090264747,""ema_slow"":7457.557770465399,""hma_order"":""SELL"",""hma_spread_atr"":5.941966312699527}},{""atr"":16.948591495744964,""bar"":{""body_fraction"":0.6666666666666666,""close"":7500.0,""close_position"":0.0,""direction"":""DOWN"",""high"":7509.0,""low"":7500.0,""lower_wick_fraction"":0.0,""move_atr"":-0.3540117184077705,""move_points"":-6.0,""open"":7506.0,""snapshot_time"":""2026-08-03T13:30:00+05:30"",""upper_wick_fraction"":0.3333333333333333,""volume"":1937.0},""close"":7500.0,""trend"":{""ema_ref"":7418.253661505894,""ema_slow"":7458.3982106542035,""hma_order"":""SELL"",""hma_spread_atr"":6.083903727168402}},{""atr"":17.059406388906037,""bar"":{""body_fraction"":1.0,""close"":7518.5,""close_position"":1.0,""direction"":""UP"",""high"":7518.5,""low"":7500.0,""lower_wick_fraction"":0.0,""move_atr"":1.0844457056859145,""move_points"":18.5,""open"":7500.0,""snapshot_time"":""2026-08-03T13:33:00+05:30"",""upper_wick_fraction"":0.0,""volume"":4046.0},""close"":7518.5,""trend"":{""ema_ref"":7419.251137510811,""ema_slow"":7459.588345096695,""hma_order"":""SELL"",""hma_spread_atr"":5.96660505957583}},{""atr"":16.483734503984177,""bar"":{""body_fraction"":0.6666666666666666,""close"":7512.0,""close_position"":0.0,""direction"":""DOWN"",""high"":7521.0,""low"":7512.0,""lower_wick_fraction"":0.0,""move_atr"":-0.36399518559036353,""move_points"":-6.0,""open"":7518.0,""snapshot_time"":""2026-08-03T13:36:00+05:30"",""upper_wick_fraction"":0.3333333333333333,""volume"":2656.0},""close"":7512.0,""trend"":{""ema_ref"":7420.174011764434,""ema_slow"":7460.626199649236,""hma_order"":""SELL"",""hma_spread_atr"":6.085804503715556}},{""atr"":16.092039182271023,""bar"":{""body_fraction"":0.7272727272727273,""close"":7520.0,""close_position"":0.7272727272727273,""direction"":""UP"",""high"":7523.0,""low"":7512.0,""lower_wick_fraction"":0.0,""move_atr"":0.4971402262563335,""move_points"":8.0,""open"":7512.0,""snapshot_time"":""2026-08-03T13:39:00+05:30"",""upper_wick_fraction"":0.2727272727272727,""volume"":3111.0},""close"":7520.0,""trend"":{""ema_ref"":7421.167305179713,""ema_slow"":7461.8019184680625,""hma_order"":""SELL"",""hma_spread_atr"":6.136861401517315}},{""atr"":17.049750669251665,""bar"":{""body_fraction"":0.06779661016949153,""close"":7524.0,""close_position"":0.7288135593220338,""direction"":""UP"",""high"":7532.0,""low"":7502.5,""lower_wick_fraction"":0.6610169491525424,""move_atr"":0.11730376817808225,""move_points"":2.0,""open"":7522.0,""snapshot_time"":""2026-08-03T13:42:00+05:30"",""upper_wick_fraction"":0.2711864406779661,""volume"":6714.0},""close"":7524.0,""trend"":{""ema_ref"":7422.190516073448,""ema_slow"":7463.033563646913,""hma_order"":""SELL"",""hma_spread_atr"":5.695452081036592}},{""atr"":16.760482764305117,""bar"":{""body_fraction"":0.9565217391304348,""close"":7511.5,""close_position"":0.043478260869565216,""direction"":""DOWN"",""high"":7522.5,""low"":7511.0,""lower_wick_fraction"":0.043478260869565216,""move_atr"":-0.6563056777473472,""move_points"":-11.0,""open"":7522.5,""snapshot_time"":""2026-08-03T13:45:00+05:30"",""upper_wick_fraction"":0.0,""volume"":2363.0},""close"":7511.5,""trend"":{""ema_ref"":7423.079167654807,""ema_slow"":7463.993295059845,""hma_order"":""SELL"",""hma_spread_atr"":5.684656087223569}},{""atr"":18.420448281140462,""bar"":{""body_fraction"":0.7125,""close"":7540.0,""close_position"":0.8375,""direction"":""UP"",""high"":7546.5,""low"":7506.5,""lower_wick_fraction"":0.125,""move_atr"":1.547193616844784,""move_points"":28.5,""open"":7511.5,""snapshot_time"":""2026-08-03T13:48:00+05:30"",""upper_wick_fraction"":0.1625,""volume"":9361.0},""close"":7540.0,""trend"":{""ema_ref"":7424.242559021426,""ema_slow"":7465.498378325987,""hma_order"":""SELL"",""hma_spread_atr"":5.072903938088871}}],""last_observation_hash"":""9f558b3279eacb43bbf981e90c9323c6fcc3f3c9942326f4ff2ca18db7737987"",""last_snapshot_time"":""2026-08-03T13:48:00+05:30"",""observation"":{""compression_box_high"":null,""compression_box_low"":null,""compression_candidate_bars"":0,""current_state"":""ORDERLY_DOWNTREND"",""established_side"":""DOWN"",""exhaustion_active"":true,""exhaustion_age_bars"":4,""exhaustion_clear_bars"":0,""exhaustion_last_seen_at"":""2026-08-03T13:48:00+05:30"",""exhaustion_side"":""DOWN"",""exhaustion_started_at"":""2026-08-03T13:39:00+05:30"",""failure_breach_bars"":0,""last_close"":7540.0,""last_reason_codes"":[""ESTABLISHED_DIRECTIONAL_CONTEXT_RETAINED"",""OBSERVATION_PROPOSAL_MATCHED_CURRENT"",""OBSERVATION_STATE_ORDERLY_DOWNTREND""],""last_snapshot_time"":""2026-08-03T13:48:00+05:30"",""leg_age_bars"":18,""leg_anchor_price"":7543.5,""leg_anchor_time"":""2026-08-03T12:57:00+05:30"",""leg_extreme_price"":7492.5,""leg_maturity_consumed"":true,""leg_maturity_extreme_price"":7492.5,""leg_maturity_onset_time"":""2026-08-03T13:30:00+05:30"",""leg_no_progress_bars"":11,""observation_count"":92,""pending_bars"":0,""pending_state"":null,""protection_level"":7543.5,""protection_source"":""INITIAL_DIRECTIONAL_ANCHOR"",""protection_time"":""2026-08-03T12:57:00+05:30"",""pullback_age_bars"":0,""pullback_candidate_bars"":0,""pullback_extreme_price"":null,""reacceleration_age_bars"":2,""recompression_age_bars"":0,""reversal_confirmation_bars"":0,""reversal_side"":""DOWN"",""state_age_bars"":5,""trading_day"":""2026-08-03"",""trend_anchor_price"":7543.5,""trend_candidate_bars"":0,""trend_candidate_side"":""UNKNOWN"",""trend_extreme_price"":7492.5,""trend_failure_age_bars"":0,""trend_onset_time"":""2026-08-03T12:57:00+05:30""},""symbol"":""ABB"",""trading_day"":""2026-08-03""}"
restoration-v3-current-day,development,restoration-trend-control-v3,backtest-default,OK,,,,ABB,2026-08-03,2026-08-03T13:51:00+05:30,2026-08-03T13:48:00+05:30,SNAPSHOT_AUCTION_AUTHORITY_V3A,3m,True,True,7545.0,2026-08-03T13:51:00,7540.0,7545.0,7528.5,7545.0,3032.0,18.283273403916144,BALANCE_QUALIFIED,BUY,dynamic_balance_waiting_for_stable_historical_cutoff,RANGE_ACCEPTED,DYNAMIC:2026-08-03T13:00:00+05:30:2026-08-03T13:18:00+05:30,7492.5,7526.0,11,ok,UP_ACCELERATING,0.916137916332437,0.3418425060941929,OK,INCREMENTAL_PREVIOUS_SNAPSHOT,AUTOTRADES_AUCTION_ENGINE,1.1.0,,,ORDERLY_DOWNTREND,DOWN,UP,False,True,True,DOWN,True,True,False,7543.5,INITIAL_DIRECTIONAL_ANCHOR,2026-08-03T12:57:00+05:30,DYNAMIC:2026-08-03T13:00:00+05:30:2026-08-03T13:18:00+05:30,7492.5,7526.0,False,1.5671641791044777,0.5421686746987951,PRICE_ACTION,1.0,ESTABLISHED_DIRECTIONAL_CONTEXT_RETAINED|OBSERVATION_PROPOSAL_MATCHED_CURRENT|OBSERVATION_STATE_ORDERLY_DOWNTREND|OBJECTIVE_REJECTION_OBSERVED|OBJECTIVE_FAILED_EXTREME_OBSERVED|OBJECTIVE_ACCEPTED_RANGE_GEOMETRY_PRESENT|OBJECTIVE_TREND_PROTECTION_GEOMETRY_PRESENT,DIR:ABB:2026-08-03:006:UP:133300,REVERSAL_LEG,DIRECTIONAL,UP,REVERSAL_EVENT_HANDOFF,DIR:ABB:2026-08-03:005:DOWN:124500,DIR:ABB:2026-08-03:005:DOWN:124500:DIRECTIONAL_REVERSAL_CONFIRMED:133300,2026-08-03T13:33:00+05:30,2026-08-03T13:51:00+05:30,1,7518.5,7546.5,2026-08-03T13:48:00+05:30,,,7513.0,OBSERVATION_REJECTION_OR_FAILED_EXTREME:BAR_HIGH,2026-08-03T13:24:00+05:30,2,1.449412225839378,0,False,REVERSAL_LEG_PROGRESS_CONFIRMED|REVERSAL_LEG_PROMOTED_TO_DIRECTIONAL,6,UNKNOWN,0,0,0,0,0,ORDERLY_DOWNTREND,2026-08-03T13:51:00+05:30,REVERSAL_LEG_PROGRESS_CONFIRMED|REVERSAL_LEG_PROMOTED_TO_DIRECTIONAL,BAL:ABB:2026-08-03:005:NEUTRAL:132100,ESCAPE_WATCH,ACCEPTED_OUTSIDE,1,DYNAMIC:2026-08-03T13:00:00+05:30:2026-08-03T13:18:00+05:30,7492.5,7532.0,7492.5,7532.0,UP,2,0,1,0,False,False,BALANCE_ESCAPE_ACCEPTANCE_PROGRESS|BALANCE_ESCAPE_ACCEPTED,2,BAL:ABB:2026-08-03:005:NEUTRAL:132100:BALANCE_ESCAPE_ACCEPTED:135100|DIR:ABB:2026-08-03:006:UP:133300:DIRECTIONAL_REVERSAL_LEG_ESTABLISHED:135100,BALANCE_ESCAPE_ACCEPTED|DIRECTIONAL_REVERSAL_LEG_ESTABLISHED,UP|UP,BAL:ABB:2026-08-03:005:NEUTRAL:132100|DIR:ABB:2026-08-03:006:UP:133300,"BALANCE_ESCAPE_ACCEPTED:OUTSIDE_ACCEPTANCE_CONFIRMED|DIRECTIONAL_REVERSAL_LEG_ESTABLISHED:REVERSAL_LEG_SUSTAINED_DIRECTIONAL_PROGRESS,OPPOSITE_DIRECTION_ESTABLISHED_AFTER_REVERSAL",2,ACCEPTED_BREAKOUT|REVERSAL,PERMIT|PERMIT,BAL:ABB:2026-08-03:005:NEUTRAL:132100:BALANCE_ESCAPE_ACCEPTED:135100|DIR:ABB:2026-08-03:006:UP:133300:DIRECTIONAL_REVERSAL_LEG_ESTABLISHED:135100,ACCEPTED_BREAKOUT:EVENT_BALANCE_ESCAPE_ACCEPTED_PERMIT|REVERSAL:EVENT_DIRECTIONAL_REVERSAL_LEG_ESTABLISHED_PERMIT,MATCH,MATCH,MATCH,MATCH,False,0,False,False,True,True,,COHERENT,"[""event_id='BAL:ABB:2026-08-03:005:NEUTRAL:132100:BALANCE_ESCAPE_ACCEPTED:135100' event_type=<AuctionEventType.BALANCE_ESCAPE_ACCEPTED: 'BALANCE_ESCAPE_ACCEPTED'> episode_id='BAL:ABB:2026-08-03:005:NEUTRAL:132100' symbol='ABB' trading_day=datetime.date(2026, 8, 3) event_time=datetime.datetime(2026, 8, 3, 13, 51, tzinfo=TzInfo(19800)) direction=<DirectionalBias.UP: 'UP'> reason_codes=('OUTSIDE_ACCEPTANCE_CONFIRMED',) data={'range_id': 'DYNAMIC:2026-08-03T13:00:00+05:30:2026-08-03T13:18:00+05:30', 'frozen_low': 7492.5, 'frozen_high': 7532.0, 'candidate_low': 7492.5, 'candidate_high': 7532.0, 'rearm_required': False, 'containment_bars': 9, 'source_range_ids': ['DYNAMIC:2026-08-03T13:00:00+05:30:2026-08-03T13:18:00+05:30'], 'containment_ratio': 1.0, 'rearm_bars_elapsed': 0, 'failed_escape_count': 0, 'escape_attempt_count': 1, 'attempt_limit_reached': False, 'candidate_merge_count': 0, 'forming_bars_observed': 9, 'last_escape_direction': 'UP', 'last_escape_failed_at': None, 'last_escape_started_at': '2026-08-03T13:48:00+05:30', 'meaningful_escape_bars': 0, 'candidate_last_valid_at': '2026-08-03T13:42:00+05:30', 'marginal_excursion_bars': 0, 'up_escape_attempt_count': 1, 'rearm_inside_close_count': 0, 'down_escape_attempt_count': 0, 'candidate_bar_expansion_count': 1}"",""event_id='DIR:ABB:2026-08-03:006:UP:133300:DIRECTIONAL_REVERSAL_LEG_ESTABLISHED:135100' event_type=<AuctionEventType.DIRECTIONAL_REVERSAL_LEG_ESTABLISHED: 'DIRECTIONAL_REVERSAL_LEG_ESTABLISHED'> episode_id='DIR:ABB:2026-08-03:006:UP:133300' symbol='ABB' trading_day=datetime.date(2026, 8, 3) event_time=datetime.datetime(2026, 8, 3, 13, 51, tzinfo=TzInfo(19800)) direction=<DirectionalBias.UP: 'UP'> reason_codes=('REVERSAL_LEG_SUSTAINED_DIRECTIONAL_PROGRESS', 'OPPOSITE_DIRECTION_ESTABLISHED_AFTER_REVERSAL') data={'origin_price': 7518.5, 'extreme_price': 7546.5, 'origin_source': 'REVERSAL_EVENT_HANDOFF', 'origin_event_id': 'DIR:ABB:2026-08-03:005:DOWN:124500:DIRECTIONAL_REVERSAL_CONFIRMED:133300', 'protection_level': None, 'parent_episode_id': 'DIR:ABB:2026-08-03:005:DOWN:124500', 'protection_source': '', 'first_adverse_bar_time': None, 'first_adverse_bar_close': None, 'first_adverse_bar_level': None, 'continuation_failure_time': None, 'reversal_leg_progress_atr': 1.449412225839378, 'reversal_leg_progress_bars': 2, 'reversal_confirmation_level': 7513.0, 'reversal_leg_failure_closes': 0, 'reversal_confirmation_source': 'OBSERVATION_REJECTION_OR_FAILED_EXTREME:BAR_HIGH', 'reversal_confirmation_level_time': '2026-08-03T13:24:00+05:30'}""]","[""setup_family=<SetupFamily.ACCEPTED_BREAKOUT: 'ACCEPTED_BREAKOUT'> result=<StructuralPermissionResult.PERMIT: 'PERMIT'> source_event_ids=('BAL:ABB:2026-08-03:005:NEUTRAL:132100:BALANCE_ESCAPE_ACCEPTED:135100',) source_event_types=(<AuctionEventType.BALANCE_ESCAPE_ACCEPTED: 'BALANCE_ESCAPE_ACCEPTED'>,) balance_state=<BalanceEpisodeState.ACCEPTED_OUTSIDE: 'ACCEPTED_OUTSIDE'> reason_codes=('EVENT_BALANCE_ESCAPE_ACCEPTED_PERMIT',)"",""setup_family=<SetupFamily.REVERSAL: 'REVERSAL'> result=<StructuralPermissionResult.PERMIT: 'PERMIT'> source_event_ids=('DIR:ABB:2026-08-03:006:UP:133300:DIRECTIONAL_REVERSAL_LEG_ESTABLISHED:135100',) source_event_types=(<AuctionEventType.DIRECTIONAL_REVERSAL_LEG_ESTABLISHED: 'DIRECTIONAL_REVERSAL_LEG_ESTABLISHED'>,) balance_state=<BalanceEpisodeState.ACCEPTED_OUTSIDE: 'ACCEPTED_OUTSIDE'> reason_codes=('EVENT_DIRECTIONAL_REVERSAL_LEG_ESTABLISHED_PERMIT',)""]","{""accepted_range_breakout_eligible"":true,""accepted_range_established_at"":""2026-08-03T13:18:00+05:30"",""accepted_range_high"":7526.0,""accepted_range_id"":""DYNAMIC:2026-08-03T13:00:00+05:30:2026-08-03T13:18:00+05:30"",""accepted_range_inside"":false,""accepted_range_low"":7492.5,""accepted_range_outside_atr"":1.0392012185263464,""accepted_range_position"":1.5671641791044777,""accepted_range_provisional"":false,""atr"":18.283273403916144,""close"":7545.0,""current_leg_mature"":false,""directional_bias"":""DOWN"",""directional_efficiency"":0.5421686746987951,""directional_efficiency_source"":""PRICE_ACTION"",""exhausted_side"":""DOWN"",""exhaustion_active"":true,""extension_mature"":true,""failed_extreme_observed"":true,""high"":7545.0,""low"":7528.5,""observation_state"":""ORDERLY_DOWNTREND"",""overlap_ratio"":1.0,""range_width_atr"":1.832275832664874,""rejection_observed"":true,""snapshot_time"":""2026-08-03T13:51:00+05:30"",""source_reason_codes"":[""ESTABLISHED_DIRECTIONAL_CONTEXT_RETAINED"",""OBSERVATION_PROPOSAL_MATCHED_CURRENT"",""OBSERVATION_STATE_ORDERLY_DOWNTREND"",""OBJECTIVE_REJECTION_OBSERVED"",""OBJECTIVE_FAILED_EXTREME_OBSERVED"",""OBJECTIVE_ACCEPTED_RANGE_GEOMETRY_PRESENT"",""OBJECTIVE_TREND_PROTECTION_GEOMETRY_PRESENT""],""structural_failure_confirmed"":false,""symbol"":""ABB"",""trading_day"":""2026-08-03"",""trend_direction"":""UP"",""trend_protection_level"":7543.5,""trend_protection_source"":""INITIAL_DIRECTIONAL_ANCHOR"",""trend_protection_time"":""2026-08-03T12:57:00+05:30""}","{""continuation_failure_seen"":false,""continuation_failure_time"":null,""current_state"":""DIRECTIONAL"",""direction"":""UP"",""episode_id"":""DIR:ABB:2026-08-03:006:UP:133300"",""extreme_price"":7546.5,""extreme_time"":""2026-08-03T13:48:00+05:30"",""first_adverse_bar_close"":null,""first_adverse_bar_level"":null,""first_adverse_bar_time"":null,""origin_event_id"":""DIR:ABB:2026-08-03:005:DOWN:124500:DIRECTIONAL_REVERSAL_CONFIRMED:133300"",""origin_price"":7518.5,""origin_source"":""REVERSAL_EVENT_HANDOFF"",""parent_episode_id"":""DIR:ABB:2026-08-03:005:DOWN:124500"",""previous_state"":""REVERSAL_LEG"",""protection_level"":null,""protection_source"":"""",""reason_codes"":[""REVERSAL_LEG_PROGRESS_CONFIRMED"",""REVERSAL_LEG_PROMOTED_TO_DIRECTIONAL""],""rejection_seen"":false,""reversal_confirmation_breach_closes"":0,""reversal_confirmation_level"":7513.0,""reversal_confirmation_level_time"":""2026-08-03T13:24:00+05:30"",""reversal_confirmation_source"":""OBSERVATION_REJECTION_OR_FAILED_EXTREME:BAR_HIGH"",""reversal_leg_failure_closes"":0,""reversal_leg_progress_atr"":1.449412225839378,""reversal_leg_progress_bars"":2,""started_at"":""2026-08-03T13:33:00+05:30"",""state_age_bars"":1,""state_started_at"":""2026-08-03T13:51:00+05:30""}","{""attempt_limit_reached"":false,""candidate_bar_expansion_count"":1,""candidate_high"":7532.0,""candidate_last_valid_at"":""2026-08-03T13:42:00+05:30"",""candidate_low"":7492.5,""candidate_merge_count"":0,""containment_bars"":9,""containment_ratio"":1.0,""current_state"":""ACCEPTED_OUTSIDE"",""down_escape_attempt_count"":0,""episode_id"":""BAL:ABB:2026-08-03:005:NEUTRAL:132100"",""escape_attempt_count"":1,""escape_direction"":""UP"",""failed_escape_count"":0,""forming_bars_observed"":9,""forming_invalid_bars"":0,""frozen_high"":7532.0,""frozen_low"":7492.5,""last_escape_direction"":""UP"",""last_escape_failed_at"":null,""last_escape_started_at"":""2026-08-03T13:48:00+05:30"",""marginal_excursion_bars"":0,""meaningful_escape_bars"":0,""outside_close_count"":2,""previous_state"":""ESCAPE_WATCH"",""range_id"":""DYNAMIC:2026-08-03T13:00:00+05:30:2026-08-03T13:18:00+05:30"",""rearm_bars_elapsed"":0,""rearm_inside_close_count"":0,""rearm_required"":false,""reason_codes"":[""BALANCE_ESCAPE_ACCEPTANCE_PROGRESS"",""BALANCE_ESCAPE_ACCEPTED""],""reentry_close_count"":0,""source_range_ids"":[""DYNAMIC:2026-08-03T13:00:00+05:30:2026-08-03T13:18:00+05:30""],""started_at"":""2026-08-03T13:21:00+05:30"",""state_age_bars"":1,""state_started_at"":""2026-08-03T13:51:00+05:30"",""up_escape_attempt_count"":1}","{""balance_attempt_limit_reached"":false,""balance_candidate_bar_expansion_count"":1,""balance_candidate_merge_count"":0,""balance_containment_ratio"":1.0,""balance_down_escape_attempt_count"":0,""balance_escape_attempt_count"":1,""balance_failed_escape_count"":0,""balance_forming_bars_observed"":9,""balance_forming_invalid_bars"":0,""balance_last_escape_direction"":""UP"",""balance_last_escape_failed_at"":null,""balance_last_escape_started_at"":""2026-08-03T13:48:00+05:30"",""balance_marginal_excursion_bars"":0,""balance_meaningful_escape_bars"":0,""balance_rearm_bars_elapsed"":0,""balance_rearm_inside_close_count"":0,""balance_rearm_required"":false,""balance_up_escape_attempt_count"":1,""directional_origin_event_id"":""DIR:ABB:2026-08-03:005:DOWN:124500:DIRECTIONAL_REVERSAL_CONFIRMED:133300"",""directional_origin_source"":""REVERSAL_EVENT_HANDOFF"",""directional_parent_episode_id"":""DIR:ABB:2026-08-03:005:DOWN:124500"",""directional_reversal_watch_age_bars"":0,""directional_start_candidate_bars"":0,""directional_start_candidate_side"":""UNKNOWN"",""observation_accepted_range_id"":""DYNAMIC:2026-08-03T13:00:00+05:30:2026-08-03T13:18:00+05:30"",""observation_current_leg_mature"":false,""observation_directional_bias"":""DOWN"",""observation_exhaustion_active"":true,""observation_state"":""ORDERLY_DOWNTREND""}","{""balance"":{""attempt_limit_reached"":false,""candidate_bar_expansion_count"":1,""candidate_high"":7532.0,""candidate_last_valid_at"":""2026-08-03T13:42:00+05:30"",""candidate_low"":7492.5,""candidate_merge_count"":0,""containment_bars"":9,""down_escape_attempt_count"":0,""emitted_event_ids"":[""BAL:ABB:2026-08-03:001:NEUTRAL:100600:BALANCE_COMPLETED:105400"",""BAL:ABB:2026-08-03:001:NEUTRAL:100600:BALANCE_ESCAPE_ACCEPTED:105100"",""BAL:ABB:2026-08-03:001:NEUTRAL:100600:BALANCE_ESCAPE_STARTED:104800"",""BAL:ABB:2026-08-03:001:NEUTRAL:100600:BALANCE_FORMING_STARTED:100600"",""BAL:ABB:2026-08-03:001:NEUTRAL:100600:BALANCE_LOCKED:102700"",""BAL:ABB:2026-08-03:001:NEUTRAL:100600:BALANCE_PROBABLE:101800"",""BAL:ABB:2026-08-03:002:NEUTRAL:112100:BALANCE_COMPLETED:113000"",""BAL:ABB:2026-08-03:002:NEUTRAL:112100:BALANCE_FORMING_STARTED:112100"",""BAL:ABB:2026-08-03:003:NEUTRAL:114800:BALANCE_COMPLETED:115400"",""BAL:ABB:2026-08-03:003:NEUTRAL:114800:BALANCE_FORMING_STARTED:114800"",""BAL:ABB:2026-08-03:004:NEUTRAL:122400:BALANCE_COMPLETED:125400"",""BAL:ABB:2026-08-03:004:NEUTRAL:122400:BALANCE_ESCAPE_ACCEPTED:125100"",""BAL:ABB:2026-08-03:004:NEUTRAL:122400:BALANCE_ESCAPE_STARTED:124800"",""BAL:ABB:2026-08-03:004:NEUTRAL:122400:BALANCE_FORMING_STARTED:122400"",""BAL:ABB:2026-08-03:004:NEUTRAL:122400:BALANCE_LOCKED:124500"",""BAL:ABB:2026-08-03:004:NEUTRAL:122400:BALANCE_PROBABLE:123600"",""BAL:ABB:2026-08-03:005:NEUTRAL:132100:BALANCE_ESCAPE_ACCEPTED:135100"",""BAL:ABB:2026-08-03:005:NEUTRAL:132100:BALANCE_ESCAPE_STARTED:134800"",""BAL:ABB:2026-08-03:005:NEUTRAL:132100:BALANCE_FORMING_STARTED:132100"",""BAL:ABB:2026-08-03:005:NEUTRAL:132100:BALANCE_LOCKED:134200"",""BAL:ABB:2026-08-03:005:NEUTRAL:132100:BALANCE_PROBABLE:133300""],""episode_id"":""BAL:ABB:2026-08-03:005:NEUTRAL:132100"",""escape_attempt_count"":1,""escape_direction"":""UP"",""failed_escape_count"":0,""forming_bars_observed"":9,""forming_invalid_bars"":0,""frozen_high"":7532.0,""frozen_low"":7492.5,""last_escape_direction"":""UP"",""last_escape_failed_at"":null,""last_escape_started_at"":""2026-08-03T13:48:00+05:30"",""last_reason_codes"":[""BALANCE_ESCAPE_ACCEPTANCE_PROGRESS"",""BALANCE_ESCAPE_ACCEPTED""],""marginal_excursion_bars"":0,""meaningful_escape_bars"":0,""outside_close_count"":2,""range_id"":""DYNAMIC:2026-08-03T13:00:00+05:30:2026-08-03T13:18:00+05:30"",""rearm_bars_elapsed"":0,""rearm_inside_close_count"":0,""rearm_required"":false,""reentry_close_count"":0,""sequence"":5,""source_range_ids"":[""DYNAMIC:2026-08-03T13:00:00+05:30:2026-08-03T13:18:00+05:30""],""started_at"":""2026-08-03T13:21:00+05:30"",""state"":""ACCEPTED_OUTSIDE"",""state_age_bars"":1,""state_started_at"":""2026-08-03T13:51:00+05:30"",""up_escape_attempt_count"":1},""directional"":{""continuation_failure_progress_bars"":0,""continuation_failure_seen"":false,""continuation_failure_seen_at"":null,""direction"":""UP"",""emitted_event_ids"":[""DIR:ABB:2026-08-03:001:DOWN:101500:DIRECTIONAL_COMPLETED:105100"",""DIR:ABB:2026-08-03:001:DOWN:101500:DIRECTIONAL_STARTED:101500"",""DIR:ABB:2026-08-03:002:UP:110000:DIRECTIONAL_COMPLETED:113900"",""DIR:ABB:2026-08-03:002:UP:110000:DIRECTIONAL_MATURED:110300"",""DIR:ABB:2026-08-03:002:UP:110000:DIRECTIONAL_REVERSAL_CONFIRMED:113900"",""DIR:ABB:2026-08-03:002:UP:110000:DIRECTIONAL_STARTED:110000"",""DIR:ABB:2026-08-03:002:UP:110000:REVERSAL_WATCH_STARTED:110600"",""DIR:ABB:2026-08-03:003:DOWN:113900:DIRECTIONAL_COMPLETED:115400"",""DIR:ABB:2026-08-03:003:DOWN:113900:DIRECTIONAL_REVERSAL_LEG_FAILED:115400"",""DIR:ABB:2026-08-03:003:DOWN:113900:DIRECTIONAL_REVERSAL_LEG_STARTED:113900"",""DIR:ABB:2026-08-03:004:UP:120000:DIRECTIONAL_COMPLETED:124500"",""DIR:ABB:2026-08-03:004:UP:120000:DIRECTIONAL_CONTINUATION_CONFIRMED:123300"",""DIR:ABB:2026-08-03:004:UP:120000:DIRECTIONAL_MATURED:120300"",""DIR:ABB:2026-08-03:004:UP:120000:DIRECTIONAL_MATURED:123900"",""DIR:ABB:2026-08-03:004:UP:120000:DIRECTIONAL_REVERSAL_CONFIRMED:124500"",""DIR:ABB:2026-08-03:004:UP:120000:DIRECTIONAL_STARTED:120000"",""DIR:ABB:2026-08-03:004:UP:120000:DIRECTIONAL_TREND_RESTORED:122100"",""DIR:ABB:2026-08-03:004:UP:120000:REVERSAL_WATCH_STARTED:120600"",""DIR:ABB:2026-08-03:004:UP:120000:REVERSAL_WATCH_STARTED:124200"",""DIR:ABB:2026-08-03:005:DOWN:124500:DIRECTIONAL_COMPLETED:133300"",""DIR:ABB:2026-08-03:005:DOWN:124500:DIRECTIONAL_MATURED:125700"",""DIR:ABB:2026-08-03:005:DOWN:124500:DIRECTIONAL_MATURED:131800"",""DIR:ABB:2026-08-03:005:DOWN:124500:DIRECTIONAL_REVERSAL_CONFIRMED:133300"",""DIR:ABB:2026-08-03:005:DOWN:124500:DIRECTIONAL_REVERSAL_LEG_ESTABLISHED:125100"",""DIR:ABB:2026-08-03:005:DOWN:124500:DIRECTIONAL_REVERSAL_LEG_STARTED:124500"",""DIR:ABB:2026-08-03:005:DOWN:124500:DIRECTIONAL_TREND_RESTORED:131500"",""DIR:ABB:2026-08-03:005:DOWN:124500:REVERSAL_WATCH_STARTED:130000"",""DIR:ABB:2026-08-03:005:DOWN:124500:REVERSAL_WATCH_STARTED:132100"",""DIR:ABB:2026-08-03:006:UP:133300:DIRECTIONAL_REVERSAL_LEG_ESTABLISHED:135100"",""DIR:ABB:2026-08-03:006:UP:133300:DIRECTIONAL_REVERSAL_LEG_STARTED:133300""],""episode_id"":""DIR:ABB:2026-08-03:006:UP:133300"",""extreme_price"":7546.5,""extreme_time"":""2026-08-03T13:48:00+05:30"",""first_adverse_bar_close"":null,""first_adverse_bar_level"":null,""first_adverse_bar_time"":null,""inactive_bars"":0,""last_close"":7545.0,""last_observation_state"":""ORDERLY_DOWNTREND"",""last_observation_state_time"":""2026-08-03T13:51:00+05:30"",""last_reason_codes"":[""REVERSAL_LEG_PROGRESS_CONFIRMED"",""REVERSAL_LEG_PROMOTED_TO_DIRECTIONAL""],""opposite_control_bars"":0,""origin_event_id"":""DIR:ABB:2026-08-03:005:DOWN:124500:DIRECTIONAL_REVERSAL_CONFIRMED:133300"",""origin_price"":7518.5,""origin_source"":""REVERSAL_EVENT_HANDOFF"",""parent_episode_id"":""DIR:ABB:2026-08-03:005:DOWN:124500"",""protection_level"":null,""protection_source"":"""",""protection_time"":null,""rejection_seen"":false,""rejection_seen_at"":null,""reversal_confirmation_breach_closes"":0,""reversal_confirmation_level"":7513.0,""reversal_confirmation_level_time"":""2026-08-03T13:24:00+05:30"",""reversal_confirmation_source"":""OBSERVATION_REJECTION_OR_FAILED_EXTREME:BAR_HIGH"",""reversal_leg_failure_closes"":0,""reversal_leg_progress_atr"":1.449412225839378,""reversal_leg_progress_bars"":2,""reversal_watch_age_bars"":0,""sequence"":6,""start_candidate_bars"":0,""start_candidate_side"":""UNKNOWN"",""started_at"":""2026-08-03T13:33:00+05:30"",""state"":""DIRECTIONAL"",""state_age_bars"":1,""state_started_at"":""2026-08-03T13:51:00+05:30"",""trend_restore_bars"":0},""evidence_history"":[{""atr"":19.59499285391052,""bar"":{""body_fraction"":0.2,""close"":7519.0,""close_position"":0.5333333333333333,""direction"":""UP"",""high"":7522.5,""low"":7515.0,""lower_wick_fraction"":0.3333333333333333,""move_atr"":0.07655016825896156,""move_points"":1.5,""open"":7517.5,""snapshot_time"":""2026-08-03T13:18:00+05:30"",""upper_wick_fraction"":0.4666666666666667,""volume"":1867.0},""close"":7519.0,""trend"":{""ema_ref"":7414.684623800295,""ema_slow"":7454.461573667777,""hma_order"":""SELL"",""hma_spread_atr"":5.860919301696179}},{""atr"":18.94535050720263,""bar"":{""body_fraction"":0.7619047619047619,""close"":7511.0,""close_position"":0.1904761904761905,""direction"":""DOWN"",""high"":7519.5,""low"":7509.0,""lower_wick_fraction"":0.1904761904761905,""move_atr"":-0.4222671941043564,""move_points"":-8.0,""open"":7519.0,""snapshot_time"":""2026-08-03T13:21:00+05:30"",""upper_wick_fraction"":0.047619047619047616,""volume"":1875.0},""close"":7511.0,""trend"":{""ema_ref"":7415.642985752532,""ema_slow"":7455.581146466435,""hma_order"":""SELL"",""hma_spread_atr"":5.678418708406215}},{""atr"":18.449254042402444,""bar"":{""body_fraction"":0.3333333333333333,""close"":7507.0,""close_position"":0.5,""direction"":""DOWN"",""high"":7513.0,""low"":7501.0,""lower_wick_fraction"":0.5,""move_atr"":-0.21681093397091755,""move_points"":-4.0,""open"":7511.0,""snapshot_time"":""2026-08-03T13:24:00+05:30"",""upper_wick_fraction"":0.16666666666666666,""volume"":3365.0},""close"":7507.0,""trend"":{""ema_ref"":7416.55201076992,""ema_slow"":7456.599341585912,""hma_order"":""SELL"",""hma_spread_atr"":5.710404671364048}},{""atr"":17.56002161080227,""bar"":{""body_fraction"":0.3333333333333333,""close"":7505.0,""close_position"":0.4166666666666667,""direction"":""DOWN"",""high"":7508.5,""low"":7502.5,""lower_wick_fraction"":0.4166666666666667,""move_atr"":-0.11389507623212004,""move_points"":-2.0,""open"":7507.0,""snapshot_time"":""2026-08-03T13:27:00+05:30"",""upper_wick_fraction"":0.25,""volume"":2136.0},""close"":7505.0,""trend"":{""ema_ref"":7417.432090264747,""ema_slow"":7457.557770465399,""hma_order"":""SELL"",""hma_spread_atr"":5.941966312699527}},{""atr"":16.948591495744964,""bar"":{""body_fraction"":0.6666666666666666,""close"":7500.0,""close_position"":0.0,""direction"":""DOWN"",""high"":7509.0,""low"":7500.0,""lower_wick_fraction"":0.0,""move_atr"":-0.3540117184077705,""move_points"":-6.0,""open"":7506.0,""snapshot_time"":""2026-08-03T13:30:00+05:30"",""upper_wick_fraction"":0.3333333333333333,""volume"":1937.0},""close"":7500.0,""trend"":{""ema_ref"":7418.253661505894,""ema_slow"":7458.3982106542035,""hma_order"":""SELL"",""hma_spread_atr"":6.083903727168402}},{""atr"":17.059406388906037,""bar"":{""body_fraction"":1.0,""close"":7518.5,""close_position"":1.0,""direction"":""UP"",""high"":7518.5,""low"":7500.0,""lower_wick_fraction"":0.0,""move_atr"":1.0844457056859145,""move_points"":18.5,""open"":7500.0,""snapshot_time"":""2026-08-03T13:33:00+05:30"",""upper_wick_fraction"":0.0,""volume"":4046.0},""close"":7518.5,""trend"":{""ema_ref"":7419.251137510811,""ema_slow"":7459.588345096695,""hma_order"":""SELL"",""hma_spread_atr"":5.96660505957583}},{""atr"":16.483734503984177,""bar"":{""body_fraction"":0.6666666666666666,""close"":7512.0,""close_position"":0.0,""direction"":""DOWN"",""high"":7521.0,""low"":7512.0,""lower_wick_fraction"":0.0,""move_atr"":-0.36399518559036353,""move_points"":-6.0,""open"":7518.0,""snapshot_time"":""2026-08-03T13:36:00+05:30"",""upper_wick_fraction"":0.3333333333333333,""volume"":2656.0},""close"":7512.0,""trend"":{""ema_ref"":7420.174011764434,""ema_slow"":7460.626199649236,""hma_order"":""SELL"",""hma_spread_atr"":6.085804503715556}},{""atr"":16.092039182271023,""bar"":{""body_fraction"":0.7272727272727273,""close"":7520.0,""close_position"":0.7272727272727273,""direction"":""UP"",""high"":7523.0,""low"":7512.0,""lower_wick_fraction"":0.0,""move_atr"":0.4971402262563335,""move_points"":8.0,""open"":7512.0,""snapshot_time"":""2026-08-03T13:39:00+05:30"",""upper_wick_fraction"":0.2727272727272727,""volume"":3111.0},""close"":7520.0,""trend"":{""ema_ref"":7421.167305179713,""ema_slow"":7461.8019184680625,""hma_order"":""SELL"",""hma_spread_atr"":6.136861401517315}},{""atr"":17.049750669251665,""bar"":{""body_fraction"":0.06779661016949153,""close"":7524.0,""close_position"":0.7288135593220338,""direction"":""UP"",""high"":7532.0,""low"":7502.5,""lower_wick_fraction"":0.6610169491525424,""move_atr"":0.11730376817808225,""move_points"":2.0,""open"":7522.0,""snapshot_time"":""2026-08-03T13:42:00+05:30"",""upper_wick_fraction"":0.2711864406779661,""volume"":6714.0},""close"":7524.0,""trend"":{""ema_ref"":7422.190516073448,""ema_slow"":7463.033563646913,""hma_order"":""SELL"",""hma_spread_atr"":5.695452081036592}},{""atr"":16.760482764305117,""bar"":{""body_fraction"":0.9565217391304348,""close"":7511.5,""close_position"":0.043478260869565216,""direction"":""DOWN"",""high"":7522.5,""low"":7511.0,""lower_wick_fraction"":0.043478260869565216,""move_atr"":-0.6563056777473472,""move_points"":-11.0,""open"":7522.5,""snapshot_time"":""2026-08-03T13:45:00+05:30"",""upper_wick_fraction"":0.0,""volume"":2363.0},""close"":7511.5,""trend"":{""ema_ref"":7423.079167654807,""ema_slow"":7463.993295059845,""hma_order"":""SELL"",""hma_spread_atr"":5.684656087223569}},{""atr"":18.420448281140462,""bar"":{""body_fraction"":0.7125,""close"":7540.0,""close_position"":0.8375,""direction"":""UP"",""high"":7546.5,""low"":7506.5,""lower_wick_fraction"":0.125,""move_atr"":1.547193616844784,""move_points"":28.5,""open"":7511.5,""snapshot_time"":""2026-08-03T13:48:00+05:30"",""upper_wick_fraction"":0.1625,""volume"":9361.0},""close"":7540.0,""trend"":{""ema_ref"":7424.242559021426,""ema_slow"":7465.498378325987,""hma_order"":""SELL"",""hma_spread_atr"":5.072903938088871}},{""atr"":18.283273403916144,""bar"":{""body_fraction"":0.30303030303030304,""close"":7545.0,""close_position"":1.0,""direction"":""UP"",""high"":7545.0,""low"":7528.5,""lower_wick_fraction"":0.696969696969697,""move_atr"":0.27347400487535434,""move_points"":5.0,""open"":7540.0,""snapshot_time"":""2026-08-03T13:51:00+05:30"",""upper_wick_fraction"":0.0,""volume"":3032.0},""close"":7545.0,""trend"":{""ema_ref"":7425.444125598327,""ema_slow"":7467.072667864086,""hma_order"":""BUY"",""hma_spread_atr"":5.0117307225871865}}],""last_observation_hash"":""cf42d6e85dd5c97ab4ff7e342c4bae2947508e4648d9e3b016f305b5ce586d68"",""last_snapshot_time"":""2026-08-03T13:51:00+05:30"",""observation"":{""compression_box_high"":null,""compression_box_low"":null,""compression_candidate_bars"":0,""current_state"":""ORDERLY_DOWNTREND"",""established_side"":""DOWN"",""exhaustion_active"":true,""exhaustion_age_bars"":5,""exhaustion_clear_bars"":0,""exhaustion_last_seen_at"":""2026-08-03T13:51:00+05:30"",""exhaustion_side"":""DOWN"",""exhaustion_started_at"":""2026-08-03T13:39:00+05:30"",""failure_breach_bars"":0,""last_close"":7545.0,""last_reason_codes"":[""ESTABLISHED_DIRECTIONAL_CONTEXT_RETAINED"",""OBSERVATION_PROPOSAL_MATCHED_CURRENT"",""OBSERVATION_STATE_ORDERLY_DOWNTREND""],""last_snapshot_time"":""2026-08-03T13:51:00+05:30"",""leg_age_bars"":19,""leg_anchor_price"":7543.5,""leg_anchor_time"":""2026-08-03T12:57:00+05:30"",""leg_extreme_price"":7492.5,""leg_maturity_consumed"":true,""leg_maturity_extreme_price"":7492.5,""leg_maturity_onset_time"":""2026-08-03T13:30:00+05:30"",""leg_no_progress_bars"":12,""observation_count"":93,""pending_bars"":0,""pending_state"":null,""protection_level"":7543.5,""protection_source"":""INITIAL_DIRECTIONAL_ANCHOR"",""protection_time"":""2026-08-03T12:57:00+05:30"",""pullback_age_bars"":0,""pullback_candidate_bars"":0,""pullback_extreme_price"":null,""reacceleration_age_bars"":2,""recompression_age_bars"":0,""reversal_confirmation_bars"":0,""reversal_side"":""DOWN"",""state_age_bars"":6,""trading_day"":""2026-08-03"",""trend_anchor_price"":7543.5,""trend_candidate_bars"":1,""trend_candidate_side"":""UP"",""trend_extreme_price"":7492.5,""trend_failure_age_bars"":0,""trend_onset_time"":""2026-08-03T12:57:00+05:30""},""symbol"":""ABB"",""trading_day"":""2026-08-03""}"
restoration-v3-current-day,development,restoration-trend-control-v3,backtest-default,OK,,,,ABB,2026-08-03,2026-08-03T13:54:00+05:30,2026-08-03T13:51:00+05:30,SNAPSHOT_AUCTION_AUTHORITY_V3A,3m,True,True,7540.0,2026-08-03T13:54:00,7545.0,7545.0,7537.0,7540.0,2998.0,17.548753875064993,BALANCE_QUALIFIED,BUY,dynamic_balance_stable_across_historical_cutoffs,RANGE_ACCEPTED,DYNAMIC:2026-08-03T13:00:00+05:30:2026-08-03T13:18:00+05:30,7492.5,7526.0,12,ok,DOWN_SLOWING,0.0,0.22793641237874993,OK,INCREMENTAL_PREVIOUS_SNAPSHOT,AUTOTRADES_AUCTION_ENGINE,1.1.0,,,ORDERLY_DOWNTREND,DOWN,UP,False,False,True,DOWN,False,False,False,7543.5,INITIAL_DIRECTIONAL_ANCHOR,2026-08-03T12:57:00+05:30,DYNAMIC:2026-08-03T13:00:00+05:30:2026-08-03T13:18:00+05:30,7492.5,7526.0,False,1.417910447761194,0.30935251798561153,PRICE_ACTION,1.0,ESTABLISHED_DIRECTIONAL_CONTEXT_RETAINED|OBSERVATION_PROPOSAL_MATCHED_CURRENT|OBSERVATION_STATE_ORDERLY_DOWNTREND|OBJECTIVE_ACCEPTED_RANGE_GEOMETRY_PRESENT|OBJECTIVE_TREND_PROTECTION_GEOMETRY_PRESENT,DIR:ABB:2026-08-03:006:UP:133300,DIRECTIONAL,DIRECTIONAL,UP,REVERSAL_EVENT_HANDOFF,DIR:ABB:2026-08-03:005:DOWN:124500,DIR:ABB:2026-08-03:005:DOWN:124500:DIRECTIONAL_REVERSAL_CONFIRMED:133300,2026-08-03T13:33:00+05:30,2026-08-03T13:51:00+05:30,2,7518.5,7546.5,2026-08-03T13:48:00+05:30,,,7513.0,OBSERVATION_REJECTION_OR_FAILED_EXTREME:BAR_HIGH,2026-08-03T13:24:00+05:30,2,1.449412225839378,0,False,DIRECTIONAL_EPISODE_RETAINED,6,UNKNOWN,0,0,0,0,0,ORDERLY_DOWNTREND,2026-08-03T13:54:00+05:30,DIRECTIONAL_EPISODE_RETAINED,BAL:ABB:2026-08-03:005:NEUTRAL:132100,ACCEPTED_OUTSIDE,COMPLETED,1,DYNAMIC:2026-08-03T13:00:00+05:30:2026-08-03T13:18:00+05:30,7492.5,7532.0,7492.5,7532.0,UP,2,0,1,0,False,False,ACCEPTED_BALANCE_EPISODE_COMPLETED,1,BAL:ABB:2026-08-03:005:NEUTRAL:132100:BALANCE_COMPLETED:135400,BALANCE_COMPLETED,UP,BAL:ABB:2026-08-03:005:NEUTRAL:132100,BALANCE_COMPLETED:ACCEPTED_ESCAPE_COMPLETED_BALANCE_EPISODE,0,,,,,MATCH,MATCH,CONFLICT,MATCH,False,0,False,False,False,True,EPISODE_SLOPE_CONFLICT,TRANSITIONAL_CONFLICT,"[""event_id='BAL:ABB:2026-08-03:005:NEUTRAL:132100:BALANCE_COMPLETED:135400' event_type=<AuctionEventType.BALANCE_COMPLETED: 'BALANCE_COMPLETED'> episode_id='BAL:ABB:2026-08-03:005:NEUTRAL:132100' symbol='ABB' trading_day=datetime.date(2026, 8, 3) event_time=datetime.datetime(2026, 8, 3, 13, 54, tzinfo=TzInfo(19800)) direction=<DirectionalBias.UP: 'UP'> reason_codes=('ACCEPTED_ESCAPE_COMPLETED_BALANCE_EPISODE',) data={'range_id': 'DYNAMIC:2026-08-03T13:00:00+05:30:2026-08-03T13:18:00+05:30', 'frozen_low': 7492.5, 'frozen_high': 7532.0, 'candidate_low': 7492.5, 'candidate_high': 7532.0, 'rearm_required': False, 'containment_bars': 9, 'source_range_ids': ['DYNAMIC:2026-08-03T13:00:00+05:30:2026-08-03T13:18:00+05:30'], 'containment_ratio': 1.0, 'rearm_bars_elapsed': 0, 'failed_escape_count': 0, 'escape_attempt_count': 1, 'attempt_limit_reached': False, 'candidate_merge_count': 0, 'forming_bars_observed': 9, 'last_escape_direction': 'UP', 'last_escape_failed_at': None, 'last_escape_started_at': '2026-08-03T13:48:00+05:30', 'meaningful_escape_bars': 0, 'candidate_last_valid_at': '2026-08-03T13:42:00+05:30', 'marginal_excursion_bars': 0, 'up_escape_attempt_count': 1, 'rearm_inside_close_count': 0, 'down_escape_attempt_count': 0, 'candidate_bar_expansion_count': 1}""]",[],"{""accepted_range_breakout_eligible"":true,""accepted_range_established_at"":""2026-08-03T13:18:00+05:30"",""accepted_range_high"":7526.0,""accepted_range_id"":""DYNAMIC:2026-08-03T13:00:00+05:30:2026-08-03T13:18:00+05:30"",""accepted_range_inside"":false,""accepted_range_low"":7492.5,""accepted_range_outside_atr"":0.7977774433256247,""accepted_range_position"":1.417910447761194,""accepted_range_provisional"":false,""atr"":17.548753875064993,""close"":7540.0,""current_leg_mature"":false,""directional_bias"":""DOWN"",""directional_efficiency"":0.30935251798561153,""directional_efficiency_source"":""PRICE_ACTION"",""exhausted_side"":""DOWN"",""exhaustion_active"":true,""extension_mature"":false,""failed_extreme_observed"":false,""high"":7545.0,""low"":7537.0,""observation_state"":""ORDERLY_DOWNTREND"",""overlap_ratio"":1.0,""range_width_atr"":1.9089674536720307,""rejection_observed"":false,""snapshot_time"":""2026-08-03T13:54:00+05:30"",""source_reason_codes"":[""ESTABLISHED_DIRECTIONAL_CONTEXT_RETAINED"",""OBSERVATION_PROPOSAL_MATCHED_CURRENT"",""OBSERVATION_STATE_ORDERLY_DOWNTREND"",""OBJECTIVE_ACCEPTED_RANGE_GEOMETRY_PRESENT"",""OBJECTIVE_TREND_PROTECTION_GEOMETRY_PRESENT""],""structural_failure_confirmed"":false,""symbol"":""ABB"",""trading_day"":""2026-08-03"",""trend_direction"":""UP"",""trend_protection_level"":7543.5,""trend_protection_source"":""INITIAL_DIRECTIONAL_ANCHOR"",""trend_protection_time"":""2026-08-03T12:57:00+05:30""}","{""continuation_failure_seen"":false,""continuation_failure_time"":null,""current_state"":""DIRECTIONAL"",""direction"":""UP"",""episode_id"":""DIR:ABB:2026-08-03:006:UP:133300"",""extreme_price"":7546.5,""extreme_time"":""2026-08-03T13:48:00+05:30"",""first_adverse_bar_close"":null,""first_adverse_bar_level"":null,""first_adverse_bar_time"":null,""origin_event_id"":""DIR:ABB:2026-08-03:005:DOWN:124500:DIRECTIONAL_REVERSAL_CONFIRMED:133300"",""origin_price"":7518.5,""origin_source"":""REVERSAL_EVENT_HANDOFF"",""parent_episode_id"":""DIR:ABB:2026-08-03:005:DOWN:124500"",""previous_state"":""DIRECTIONAL"",""protection_level"":null,""protection_source"":"""",""reason_codes"":[""DIRECTIONAL_EPISODE_RETAINED""],""rejection_seen"":false,""reversal_confirmation_breach_closes"":0,""reversal_confirmation_level"":7513.0,""reversal_confirmation_level_time"":""2026-08-03T13:24:00+05:30"",""reversal_confirmation_source"":""OBSERVATION_REJECTION_OR_FAILED_EXTREME:BAR_HIGH"",""reversal_leg_failure_closes"":0,""reversal_leg_progress_atr"":1.449412225839378,""reversal_leg_progress_bars"":2,""started_at"":""2026-08-03T13:33:00+05:30"",""state_age_bars"":2,""state_started_at"":""2026-08-03T13:51:00+05:30""}","{""attempt_limit_reached"":false,""candidate_bar_expansion_count"":1,""candidate_high"":7532.0,""candidate_last_valid_at"":""2026-08-03T13:42:00+05:30"",""candidate_low"":7492.5,""candidate_merge_count"":0,""containment_bars"":9,""containment_ratio"":1.0,""current_state"":""COMPLETED"",""down_escape_attempt_count"":0,""episode_id"":""BAL:ABB:2026-08-03:005:NEUTRAL:132100"",""escape_attempt_count"":1,""escape_direction"":""UP"",""failed_escape_count"":0,""forming_bars_observed"":9,""forming_invalid_bars"":0,""frozen_high"":7532.0,""frozen_low"":7492.5,""last_escape_direction"":""UP"",""last_escape_failed_at"":null,""last_escape_started_at"":""2026-08-03T13:48:00+05:30"",""marginal_excursion_bars"":0,""meaningful_escape_bars"":0,""outside_close_count"":2,""previous_state"":""ACCEPTED_OUTSIDE"",""range_id"":""DYNAMIC:2026-08-03T13:00:00+05:30:2026-08-03T13:18:00+05:30"",""rearm_bars_elapsed"":0,""rearm_inside_close_count"":0,""rearm_required"":false,""reason_codes"":[""ACCEPTED_BALANCE_EPISODE_COMPLETED""],""reentry_close_count"":0,""source_range_ids"":[""DYNAMIC:2026-08-03T13:00:00+05:30:2026-08-03T13:18:00+05:30""],""started_at"":""2026-08-03T13:21:00+05:30"",""state_age_bars"":1,""state_started_at"":""2026-08-03T13:54:00+05:30"",""up_escape_attempt_count"":1}","{""balance_attempt_limit_reached"":false,""balance_candidate_bar_expansion_count"":1,""balance_candidate_merge_count"":0,""balance_containment_ratio"":1.0,""balance_down_escape_attempt_count"":0,""balance_escape_attempt_count"":1,""balance_failed_escape_count"":0,""balance_forming_bars_observed"":9,""balance_forming_invalid_bars"":0,""balance_last_escape_direction"":""UP"",""balance_last_escape_failed_at"":null,""balance_last_escape_started_at"":""2026-08-03T13:48:00+05:30"",""balance_marginal_excursion_bars"":0,""balance_meaningful_escape_bars"":0,""balance_rearm_bars_elapsed"":0,""balance_rearm_inside_close_count"":0,""balance_rearm_required"":false,""balance_up_escape_attempt_count"":1,""directional_origin_event_id"":""DIR:ABB:2026-08-03:005:DOWN:124500:DIRECTIONAL_REVERSAL_CONFIRMED:133300"",""directional_origin_source"":""REVERSAL_EVENT_HANDOFF"",""directional_parent_episode_id"":""DIR:ABB:2026-08-03:005:DOWN:124500"",""directional_reversal_watch_age_bars"":0,""directional_start_candidate_bars"":0,""directional_start_candidate_side"":""UNKNOWN"",""observation_accepted_range_id"":""DYNAMIC:2026-08-03T13:00:00+05:30:2026-08-03T13:18:00+05:30"",""observation_current_leg_mature"":false,""observation_directional_bias"":""DOWN"",""observation_exhaustion_active"":true,""observation_state"":""ORDERLY_DOWNTREND""}","{""balance"":{""attempt_limit_reached"":false,""candidate_bar_expansion_count"":1,""candidate_high"":7532.0,""candidate_last_valid_at"":""2026-08-03T13:42:00+05:30"",""candidate_low"":7492.5,""candidate_merge_count"":0,""containment_bars"":9,""down_escape_attempt_count"":0,""emitted_event_ids"":[""BAL:ABB:2026-08-03:001:NEUTRAL:100600:BALANCE_COMPLETED:105400"",""BAL:ABB:2026-08-03:001:NEUTRAL:100600:BALANCE_ESCAPE_ACCEPTED:105100"",""BAL:ABB:2026-08-03:001:NEUTRAL:100600:BALANCE_ESCAPE_STARTED:104800"",""BAL:ABB:2026-08-03:001:NEUTRAL:100600:BALANCE_FORMING_STARTED:100600"",""BAL:ABB:2026-08-03:001:NEUTRAL:100600:BALANCE_LOCKED:102700"",""BAL:ABB:2026-08-03:001:NEUTRAL:100600:BALANCE_PROBABLE:101800"",""BAL:ABB:2026-08-03:002:NEUTRAL:112100:BALANCE_COMPLETED:113000"",""BAL:ABB:2026-08-03:002:NEUTRAL:112100:BALANCE_FORMING_STARTED:112100"",""BAL:ABB:2026-08-03:003:NEUTRAL:114800:BALANCE_COMPLETED:115400"",""BAL:ABB:2026-08-03:003:NEUTRAL:114800:BALANCE_FORMING_STARTED:114800"",""BAL:ABB:2026-08-03:004:NEUTRAL:122400:BALANCE_COMPLETED:125400"",""BAL:ABB:2026-08-03:004:NEUTRAL:122400:BALANCE_ESCAPE_ACCEPTED:125100"",""BAL:ABB:2026-08-03:004:NEUTRAL:122400:BALANCE_ESCAPE_STARTED:124800"",""BAL:ABB:2026-08-03:004:NEUTRAL:122400:BALANCE_FORMING_STARTED:122400"",""BAL:ABB:2026-08-03:004:NEUTRAL:122400:BALANCE_LOCKED:124500"",""BAL:ABB:2026-08-03:004:NEUTRAL:122400:BALANCE_PROBABLE:123600"",""BAL:ABB:2026-08-03:005:NEUTRAL:132100:BALANCE_COMPLETED:135400"",""BAL:ABB:2026-08-03:005:NEUTRAL:132100:BALANCE_ESCAPE_ACCEPTED:135100"",""BAL:ABB:2026-08-03:005:NEUTRAL:132100:BALANCE_ESCAPE_STARTED:134800"",""BAL:ABB:2026-08-03:005:NEUTRAL:132100:BALANCE_FORMING_STARTED:132100"",""BAL:ABB:2026-08-03:005:NEUTRAL:132100:BALANCE_LOCKED:134200"",""BAL:ABB:2026-08-03:005:NEUTRAL:132100:BALANCE_PROBABLE:133300""],""episode_id"":""BAL:ABB:2026-08-03:005:NEUTRAL:132100"",""escape_attempt_count"":1,""escape_direction"":""UP"",""failed_escape_count"":0,""forming_bars_observed"":9,""forming_invalid_bars"":0,""frozen_high"":7532.0,""frozen_low"":7492.5,""last_escape_direction"":""UP"",""last_escape_failed_at"":null,""last_escape_started_at"":""2026-08-03T13:48:00+05:30"",""last_reason_codes"":[""ACCEPTED_BALANCE_EPISODE_COMPLETED""],""marginal_excursion_bars"":0,""meaningful_escape_bars"":0,""outside_close_count"":2,""range_id"":""DYNAMIC:2026-08-03T13:00:00+05:30:2026-08-03T13:18:00+05:30"",""rearm_bars_elapsed"":0,""rearm_inside_close_count"":0,""rearm_required"":false,""reentry_close_count"":0,""sequence"":5,""source_range_ids"":[""DYNAMIC:2026-08-03T13:00:00+05:30:2026-08-03T13:18:00+05:30""],""started_at"":""2026-08-03T13:21:00+05:30"",""state"":""COMPLETED"",""state_age_bars"":1,""state_started_at"":""2026-08-03T13:54:00+05:30"",""up_escape_attempt_count"":1},""directional"":{""continuation_failure_progress_bars"":0,""continuation_failure_seen"":false,""continuation_failure_seen_at"":null,""direction"":""UP"",""emitted_event_ids"":[""DIR:ABB:2026-08-03:001:DOWN:101500:DIRECTIONAL_COMPLETED:105100"",""DIR:ABB:2026-08-03:001:DOWN:101500:DIRECTIONAL_STARTED:101500"",""DIR:ABB:2026-08-03:002:UP:110000:DIRECTIONAL_COMPLETED:113900"",""DIR:ABB:2026-08-03:002:UP:110000:DIRECTIONAL_MATURED:110300"",""DIR:ABB:2026-08-03:002:UP:110000:DIRECTIONAL_REVERSAL_CONFIRMED:113900"",""DIR:ABB:2026-08-03:002:UP:110000:DIRECTIONAL_STARTED:110000"",""DIR:ABB:2026-08-03:002:UP:110000:REVERSAL_WATCH_STARTED:110600"",""DIR:ABB:2026-08-03:003:DOWN:113900:DIRECTIONAL_COMPLETED:115400"",""DIR:ABB:2026-08-03:003:DOWN:113900:DIRECTIONAL_REVERSAL_LEG_FAILED:115400"",""DIR:ABB:2026-08-03:003:DOWN:113900:DIRECTIONAL_REVERSAL_LEG_STARTED:113900"",""DIR:ABB:2026-08-03:004:UP:120000:DIRECTIONAL_COMPLETED:124500"",""DIR:ABB:2026-08-03:004:UP:120000:DIRECTIONAL_CONTINUATION_CONFIRMED:123300"",""DIR:ABB:2026-08-03:004:UP:120000:DIRECTIONAL_MATURED:120300"",""DIR:ABB:2026-08-03:004:UP:120000:DIRECTIONAL_MATURED:123900"",""DIR:ABB:2026-08-03:004:UP:120000:DIRECTIONAL_REVERSAL_CONFIRMED:124500"",""DIR:ABB:2026-08-03:004:UP:120000:DIRECTIONAL_STARTED:120000"",""DIR:ABB:2026-08-03:004:UP:120000:DIRECTIONAL_TREND_RESTORED:122100"",""DIR:ABB:2026-08-03:004:UP:120000:REVERSAL_WATCH_STARTED:120600"",""DIR:ABB:2026-08-03:004:UP:120000:REVERSAL_WATCH_STARTED:124200"",""DIR:ABB:2026-08-03:005:DOWN:124500:DIRECTIONAL_COMPLETED:133300"",""DIR:ABB:2026-08-03:005:DOWN:124500:DIRECTIONAL_MATURED:125700"",""DIR:ABB:2026-08-03:005:DOWN:124500:DIRECTIONAL_MATURED:131800"",""DIR:ABB:2026-08-03:005:DOWN:124500:DIRECTIONAL_REVERSAL_CONFIRMED:133300"",""DIR:ABB:2026-08-03:005:DOWN:124500:DIRECTIONAL_REVERSAL_LEG_ESTABLISHED:125100"",""DIR:ABB:2026-08-03:005:DOWN:124500:DIRECTIONAL_REVERSAL_LEG_STARTED:124500"",""DIR:ABB:2026-08-03:005:DOWN:124500:DIRECTIONAL_TREND_RESTORED:131500"",""DIR:ABB:2026-08-03:005:DOWN:124500:REVERSAL_WATCH_STARTED:130000"",""DIR:ABB:2026-08-03:005:DOWN:124500:REVERSAL_WATCH_STARTED:132100"",""DIR:ABB:2026-08-03:006:UP:133300:DIRECTIONAL_REVERSAL_LEG_ESTABLISHED:135100"",""DIR:ABB:2026-08-03:006:UP:133300:DIRECTIONAL_REVERSAL_LEG_STARTED:133300""],""episode_id"":""DIR:ABB:2026-08-03:006:UP:133300"",""extreme_price"":7546.5,""extreme_time"":""2026-08-03T13:48:00+05:30"",""first_adverse_bar_close"":null,""first_adverse_bar_level"":null,""first_adverse_bar_time"":null,""inactive_bars"":0,""last_close"":7540.0,""last_observation_state"":""ORDERLY_DOWNTREND"",""last_observation_state_time"":""2026-08-03T13:54:00+05:30"",""last_reason_codes"":[""DIRECTIONAL_EPISODE_RETAINED""],""opposite_control_bars"":0,""origin_event_id"":""DIR:ABB:2026-08-03:005:DOWN:124500:DIRECTIONAL_REVERSAL_CONFIRMED:133300"",""origin_price"":7518.5,""origin_source"":""REVERSAL_EVENT_HANDOFF"",""parent_episode_id"":""DIR:ABB:2026-08-03:005:DOWN:124500"",""protection_level"":null,""protection_source"":"""",""protection_time"":null,""rejection_seen"":false,""rejection_seen_at"":null,""reversal_confirmation_breach_closes"":0,""reversal_confirmation_level"":7513.0,""reversal_confirmation_level_time"":""2026-08-03T13:24:00+05:30"",""reversal_confirmation_source"":""OBSERVATION_REJECTION_OR_FAILED_EXTREME:BAR_HIGH"",""reversal_leg_failure_closes"":0,""reversal_leg_progress_atr"":1.449412225839378,""reversal_leg_progress_bars"":2,""reversal_watch_age_bars"":0,""sequence"":6,""start_candidate_bars"":0,""start_candidate_side"":""UNKNOWN"",""started_at"":""2026-08-03T13:33:00+05:30"",""state"":""DIRECTIONAL"",""state_age_bars"":2,""state_started_at"":""2026-08-03T13:51:00+05:30"",""trend_restore_bars"":0},""evidence_history"":[{""atr"":18.94535050720263,""bar"":{""body_fraction"":0.7619047619047619,""close"":7511.0,""close_position"":0.1904761904761905,""direction"":""DOWN"",""high"":7519.5,""low"":7509.0,""lower_wick_fraction"":0.1904761904761905,""move_atr"":-0.4222671941043564,""move_points"":-8.0,""open"":7519.0,""snapshot_time"":""2026-08-03T13:21:00+05:30"",""upper_wick_fraction"":0.047619047619047616,""volume"":1875.0},""close"":7511.0,""trend"":{""ema_ref"":7415.642985752532,""ema_slow"":7455.581146466435,""hma_order"":""SELL"",""hma_spread_atr"":5.678418708406215}},{""atr"":18.449254042402444,""bar"":{""body_fraction"":0.3333333333333333,""close"":7507.0,""close_position"":0.5,""direction"":""DOWN"",""high"":7513.0,""low"":7501.0,""lower_wick_fraction"":0.5,""move_atr"":-0.21681093397091755,""move_points"":-4.0,""open"":7511.0,""snapshot_time"":""2026-08-03T13:24:00+05:30"",""upper_wick_fraction"":0.16666666666666666,""volume"":3365.0},""close"":7507.0,""trend"":{""ema_ref"":7416.55201076992,""ema_slow"":7456.599341585912,""hma_order"":""SELL"",""hma_spread_atr"":5.710404671364048}},{""atr"":17.56002161080227,""bar"":{""body_fraction"":0.3333333333333333,""close"":7505.0,""close_position"":0.4166666666666667,""direction"":""DOWN"",""high"":7508.5,""low"":7502.5,""lower_wick_fraction"":0.4166666666666667,""move_atr"":-0.11389507623212004,""move_points"":-2.0,""open"":7507.0,""snapshot_time"":""2026-08-03T13:27:00+05:30"",""upper_wick_fraction"":0.25,""volume"":2136.0},""close"":7505.0,""trend"":{""ema_ref"":7417.432090264747,""ema_slow"":7457.557770465399,""hma_order"":""SELL"",""hma_spread_atr"":5.941966312699527}},{""atr"":16.948591495744964,""bar"":{""body_fraction"":0.6666666666666666,""close"":7500.0,""close_position"":0.0,""direction"":""DOWN"",""high"":7509.0,""low"":7500.0,""lower_wick_fraction"":0.0,""move_atr"":-0.3540117184077705,""move_points"":-6.0,""open"":7506.0,""snapshot_time"":""2026-08-03T13:30:00+05:30"",""upper_wick_fraction"":0.3333333333333333,""volume"":1937.0},""close"":7500.0,""trend"":{""ema_ref"":7418.253661505894,""ema_slow"":7458.3982106542035,""hma_order"":""SELL"",""hma_spread_atr"":6.083903727168402}},{""atr"":17.059406388906037,""bar"":{""body_fraction"":1.0,""close"":7518.5,""close_position"":1.0,""direction"":""UP"",""high"":7518.5,""low"":7500.0,""lower_wick_fraction"":0.0,""move_atr"":1.0844457056859145,""move_points"":18.5,""open"":7500.0,""snapshot_time"":""2026-08-03T13:33:00+05:30"",""upper_wick_fraction"":0.0,""volume"":4046.0},""close"":7518.5,""trend"":{""ema_ref"":7419.251137510811,""ema_slow"":7459.588345096695,""hma_order"":""SELL"",""hma_spread_atr"":5.96660505957583}},{""atr"":16.483734503984177,""bar"":{""body_fraction"":0.6666666666666666,""close"":7512.0,""close_position"":0.0,""direction"":""DOWN"",""high"":7521.0,""low"":7512.0,""lower_wick_fraction"":0.0,""move_atr"":-0.36399518559036353,""move_points"":-6.0,""open"":7518.0,""snapshot_time"":""2026-08-03T13:36:00+05:30"",""upper_wick_fraction"":0.3333333333333333,""volume"":2656.0},""close"":7512.0,""trend"":{""ema_ref"":7420.174011764434,""ema_slow"":7460.626199649236,""hma_order"":""SELL"",""hma_spread_atr"":6.085804503715556}},{""atr"":16.092039182271023,""bar"":{""body_fraction"":0.7272727272727273,""close"":7520.0,""close_position"":0.7272727272727273,""direction"":""UP"",""high"":7523.0,""low"":7512.0,""lower_wick_fraction"":0.0,""move_atr"":0.4971402262563335,""move_points"":8.0,""open"":7512.0,""snapshot_time"":""2026-08-03T13:39:00+05:30"",""upper_wick_fraction"":0.2727272727272727,""volume"":3111.0},""close"":7520.0,""trend"":{""ema_ref"":7421.167305179713,""ema_slow"":7461.8019184680625,""hma_order"":""SELL"",""hma_spread_atr"":6.136861401517315}},{""atr"":17.049750669251665,""bar"":{""body_fraction"":0.06779661016949153,""close"":7524.0,""close_position"":0.7288135593220338,""direction"":""UP"",""high"":7532.0,""low"":7502.5,""lower_wick_fraction"":0.6610169491525424,""move_atr"":0.11730376817808225,""move_points"":2.0,""open"":7522.0,""snapshot_time"":""2026-08-03T13:42:00+05:30"",""upper_wick_fraction"":0.2711864406779661,""volume"":6714.0},""close"":7524.0,""trend"":{""ema_ref"":7422.190516073448,""ema_slow"":7463.033563646913,""hma_order"":""SELL"",""hma_spread_atr"":5.695452081036592}},{""atr"":16.760482764305117,""bar"":{""body_fraction"":0.9565217391304348,""close"":7511.5,""close_position"":0.043478260869565216,""direction"":""DOWN"",""high"":7522.5,""low"":7511.0,""lower_wick_fraction"":0.043478260869565216,""move_atr"":-0.6563056777473472,""move_points"":-11.0,""open"":7522.5,""snapshot_time"":""2026-08-03T13:45:00+05:30"",""upper_wick_fraction"":0.0,""volume"":2363.0},""close"":7511.5,""trend"":{""ema_ref"":7423.079167654807,""ema_slow"":7463.993295059845,""hma_order"":""SELL"",""hma_spread_atr"":5.684656087223569}},{""atr"":18.420448281140462,""bar"":{""body_fraction"":0.7125,""close"":7540.0,""close_position"":0.8375,""direction"":""UP"",""high"":7546.5,""low"":7506.5,""lower_wick_fraction"":0.125,""move_atr"":1.547193616844784,""move_points"":28.5,""open"":7511.5,""snapshot_time"":""2026-08-03T13:48:00+05:30"",""upper_wick_fraction"":0.1625,""volume"":9361.0},""close"":7540.0,""trend"":{""ema_ref"":7424.242559021426,""ema_slow"":7465.498378325987,""hma_order"":""SELL"",""hma_spread_atr"":5.072903938088871}},{""atr"":18.283273403916144,""bar"":{""body_fraction"":0.30303030303030304,""close"":7545.0,""close_position"":1.0,""direction"":""UP"",""high"":7545.0,""low"":7528.5,""lower_wick_fraction"":0.696969696969697,""move_atr"":0.27347400487535434,""move_points"":5.0,""open"":7540.0,""snapshot_time"":""2026-08-03T13:51:00+05:30"",""upper_wick_fraction"":0.0,""volume"":3032.0},""close"":7545.0,""trend"":{""ema_ref"":7425.444125598327,""ema_slow"":7467.072667864086,""hma_order"":""BUY"",""hma_spread_atr"":5.0117307225871865}},{""atr"":17.548753875064993,""bar"":{""body_fraction"":0.625,""close"":7540.0,""close_position"":0.375,""direction"":""DOWN"",""high"":7545.0,""low"":7537.0,""lower_wick_fraction"":0.375,""move_atr"":-0.28492051547343744,""move_points"":-5.0,""open"":7545.0,""snapshot_time"":""2026-08-03T13:54:00+05:30"",""upper_wick_fraction"":0.0,""volume"":2998.0},""close"":7540.0,""trend"":{""ema_ref"":7426.583985045111,""ema_slow"":7468.516773450935,""hma_order"":""BUY"",""hma_spread_atr"":5.116643964407775}}],""last_observation_hash"":""ca1a234524ddc29863aea899eb8ffea5fc93a96102c1ba8233b55abc8a255444"",""last_snapshot_time"":""2026-08-03T13:54:00+05:30"",""observation"":{""compression_box_high"":null,""compression_box_low"":null,""compression_candidate_bars"":0,""current_state"":""ORDERLY_DOWNTREND"",""established_side"":""DOWN"",""exhaustion_active"":true,""exhaustion_age_bars"":6,""exhaustion_clear_bars"":0,""exhaustion_last_seen_at"":""2026-08-03T13:54:00+05:30"",""exhaustion_side"":""DOWN"",""exhaustion_started_at"":""2026-08-03T13:39:00+05:30"",""failure_breach_bars"":0,""last_close"":7540.0,""last_reason_codes"":[""ESTABLISHED_DIRECTIONAL_CONTEXT_RETAINED"",""OBSERVATION_PROPOSAL_MATCHED_CURRENT"",""OBSERVATION_STATE_ORDERLY_DOWNTREND""],""last_snapshot_time"":""2026-08-03T13:54:00+05:30"",""leg_age_bars"":20,""leg_anchor_price"":7543.5,""leg_anchor_time"":""2026-08-03T12:57:00+05:30"",""leg_extreme_price"":7492.5,""leg_maturity_consumed"":true,""leg_maturity_extreme_price"":7492.5,""leg_maturity_onset_time"":""2026-08-03T13:30:00+05:30"",""leg_no_progress_bars"":13,""observation_count"":94,""pending_bars"":0,""pending_state"":null,""protection_level"":7543.5,""protection_source"":""INITIAL_DIRECTIONAL_ANCHOR"",""protection_time"":""2026-08-03T12:57:00+05:30"",""pullback_age_bars"":0,""pullback_candidate_bars"":0,""pullback_extreme_price"":null,""reacceleration_age_bars"":2,""recompression_age_bars"":0,""reversal_confirmation_bars"":0,""reversal_side"":""DOWN"",""state_age_bars"":7,""trading_day"":""2026-08-03"",""trend_anchor_price"":7543.5,""trend_candidate_bars"":0,""trend_candidate_side"":""UNKNOWN"",""trend_extreme_price"":7492.5,""trend_failure_age_bars"":0,""trend_onset_time"":""2026-08-03T12:57:00+05:30""},""symbol"":""ABB"",""trading_day"":""2026-08-03""}"
restoration-v3-current-day,development,restoration-trend-control-v3,backtest-default,OK,,,,ABB,2026-08-03,2026-08-03T13:57:00+05:30,2026-08-03T13:54:00+05:30,SNAPSHOT_AUCTION_AUTHORITY_V3A,3m,True,True,7550.5,2026-08-03T13:57:00,7540.0,7555.0,7538.0,7550.5,8140.0,17.50955716970321,BALANCE_QUALIFIED,BUY,dynamic_balance_stable_across_historical_cutoffs,RANGE_ACCEPTED,DYNAMIC:2026-08-03T13:00:00+05:30:2026-08-03T13:18:00+05:30,7492.5,7526.0,13,ok,UP_SLOWING,0.157057084502304,0.5568387541445323,OK,INCREMENTAL_PREVIOUS_SNAPSHOT,AUTOTRADES_AUCTION_ENGINE,1.1.0,,,ORDERLY_DOWNTREND,DOWN,UP,False,False,True,DOWN,False,False,False,7543.5,INITIAL_DIRECTIONAL_ANCHOR,2026-08-03T12:57:00+05:30,DYNAMIC:2026-08-03T13:00:00+05:30:2026-08-03T13:18:00+05:30,7492.5,7526.0,False,1.7313432835820894,0.5238095238095238,PRICE_ACTION,0.975,ESTABLISHED_DIRECTIONAL_CONTEXT_RETAINED|OBSERVATION_PROPOSAL_MATCHED_CURRENT|OBSERVATION_STATE_ORDERLY_DOWNTREND|OBJECTIVE_ACCEPTED_RANGE_GEOMETRY_PRESENT|OBJECTIVE_TREND_PROTECTION_GEOMETRY_PRESENT,DIR:ABB:2026-08-03:006:UP:133300,DIRECTIONAL,DIRECTIONAL,UP,REVERSAL_EVENT_HANDOFF,DIR:ABB:2026-08-03:005:DOWN:124500,DIR:ABB:2026-08-03:005:DOWN:124500:DIRECTIONAL_REVERSAL_CONFIRMED:133300,2026-08-03T13:33:00+05:30,2026-08-03T13:51:00+05:30,3,7518.5,7555.0,2026-08-03T13:57:00+05:30,,,7513.0,OBSERVATION_REJECTION_OR_FAILED_EXTREME:BAR_HIGH,2026-08-03T13:24:00+05:30,2,1.449412225839378,0,False,DIRECTIONAL_EPISODE_RETAINED,6,UNKNOWN,0,0,0,0,0,ORDERLY_DOWNTREND,2026-08-03T13:57:00+05:30,DIRECTIONAL_EPISODE_RETAINED,,COMPLETED,NONE,0,,,,,,UNKNOWN,0,0,0,0,False,False,NO_QUALIFIED_ACCEPTED_RANGE,0,,,,,,0,,,,,MATCH,MATCH,MATCH,MATCH,False,0,False,False,False,True,,COHERENT,[],[],"{""accepted_range_breakout_eligible"":true,""accepted_range_established_at"":""2026-08-03T13:18:00+05:30"",""accepted_range_high"":7526.0,""accepted_range_id"":""DYNAMIC:2026-08-03T13:00:00+05:30:2026-08-03T13:18:00+05:30"",""accepted_range_inside"":false,""accepted_range_low"":7492.5,""accepted_range_outside_atr"":1.3992358437477992,""accepted_range_position"":1.7313432835820894,""accepted_range_provisional"":false,""atr"":17.50955716970321,""close"":7550.5,""current_leg_mature"":false,""directional_bias"":""DOWN"",""directional_efficiency"":0.5238095238095238,""directional_efficiency_source"":""PRICE_ACTION"",""exhausted_side"":""DOWN"",""exhaustion_active"":true,""extension_mature"":false,""failed_extreme_observed"":false,""high"":7555.0,""low"":7538.0,""observation_state"":""ORDERLY_DOWNTREND"",""overlap_ratio"":0.975,""range_width_atr"":1.9132408475735216,""rejection_observed"":false,""snapshot_time"":""2026-08-03T13:57:00+05:30"",""source_reason_codes"":[""ESTABLISHED_DIRECTIONAL_CONTEXT_RETAINED"",""OBSERVATION_PROPOSAL_MATCHED_CURRENT"",""OBSERVATION_STATE_ORDERLY_DOWNTREND"",""OBJECTIVE_ACCEPTED_RANGE_GEOMETRY_PRESENT"",""OBJECTIVE_TREND_PROTECTION_GEOMETRY_PRESENT""],""structural_failure_confirmed"":false,""symbol"":""ABB"",""trading_day"":""2026-08-03"",""trend_direction"":""UP"",""trend_protection_level"":7543.5,""trend_protection_source"":""INITIAL_DIRECTIONAL_ANCHOR"",""trend_protection_time"":""2026-08-03T12:57:00+05:30""}","{""continuation_failure_seen"":false,""continuation_failure_time"":null,""current_state"":""DIRECTIONAL"",""direction"":""UP"",""episode_id"":""DIR:ABB:2026-08-03:006:UP:133300"",""extreme_price"":7555.0,""extreme_time"":""2026-08-03T13:57:00+05:30"",""first_adverse_bar_close"":null,""first_adverse_bar_level"":null,""first_adverse_bar_time"":null,""origin_event_id"":""DIR:ABB:2026-08-03:005:DOWN:124500:DIRECTIONAL_REVERSAL_CONFIRMED:133300"",""origin_price"":7518.5,""origin_source"":""REVERSAL_EVENT_HANDOFF"",""parent_episode_id"":""DIR:ABB:2026-08-03:005:DOWN:124500"",""previous_state"":""DIRECTIONAL"",""protection_level"":null,""protection_source"":"""",""reason_codes"":[""DIRECTIONAL_EPISODE_RETAINED""],""rejection_seen"":false,""reversal_confirmation_breach_closes"":0,""reversal_confirmation_level"":7513.0,""reversal_confirmation_level_time"":""2026-08-03T13:24:00+05:30"",""reversal_confirmation_source"":""OBSERVATION_REJECTION_OR_FAILED_EXTREME:BAR_HIGH"",""reversal_leg_failure_closes"":0,""reversal_leg_progress_atr"":1.449412225839378,""reversal_leg_progress_bars"":2,""started_at"":""2026-08-03T13:33:00+05:30"",""state_age_bars"":3,""state_started_at"":""2026-08-03T13:51:00+05:30""}","{""attempt_limit_reached"":false,""candidate_bar_expansion_count"":0,""candidate_high"":null,""candidate_last_valid_at"":null,""candidate_low"":null,""candidate_merge_count"":0,""containment_bars"":0,""containment_ratio"":0.0,""current_state"":""NONE"",""down_escape_attempt_count"":0,""episode_id"":null,""escape_attempt_count"":0,""escape_direction"":""UNKNOWN"",""failed_escape_count"":0,""forming_bars_observed"":0,""forming_invalid_bars"":0,""frozen_high"":null,""frozen_low"":null,""last_escape_direction"":""UNKNOWN"",""last_escape_failed_at"":null,""last_escape_started_at"":null,""marginal_excursion_bars"":0,""meaningful_escape_bars"":0,""outside_close_count"":0,""previous_state"":""COMPLETED"",""range_id"":null,""rearm_bars_elapsed"":0,""rearm_inside_close_count"":0,""rearm_required"":false,""reason_codes"":[""NO_QUALIFIED_ACCEPTED_RANGE""],""reentry_close_count"":0,""source_range_ids"":[],""started_at"":null,""state_age_bars"":0,""state_started_at"":null,""up_escape_attempt_count"":0}","{""balance_attempt_limit_reached"":false,""balance_candidate_bar_expansion_count"":0,""balance_candidate_merge_count"":0,""balance_containment_ratio"":0.0,""balance_down_escape_attempt_count"":0,""balance_escape_attempt_count"":0,""balance_failed_escape_count"":0,""balance_forming_bars_observed"":0,""balance_forming_invalid_bars"":0,""balance_last_escape_direction"":""UNKNOWN"",""balance_last_escape_failed_at"":null,""balance_last_escape_started_at"":null,""balance_marginal_excursion_bars"":0,""balance_meaningful_escape_bars"":0,""balance_rearm_bars_elapsed"":0,""balance_rearm_inside_close_count"":0,""balance_rearm_required"":false,""balance_up_escape_attempt_count"":0,""directional_origin_event_id"":""DIR:ABB:2026-08-03:005:DOWN:124500:DIRECTIONAL_REVERSAL_CONFIRMED:133300"",""directional_origin_source"":""REVERSAL_EVENT_HANDOFF"",""directional_parent_episode_id"":""DIR:ABB:2026-08-03:005:DOWN:124500"",""directional_reversal_watch_age_bars"":0,""directional_start_candidate_bars"":0,""directional_start_candidate_side"":""UNKNOWN"",""observation_accepted_range_id"":""DYNAMIC:2026-08-03T13:00:00+05:30:2026-08-03T13:18:00+05:30"",""observation_current_leg_mature"":false,""observation_directional_bias"":""DOWN"",""observation_exhaustion_active"":true,""observation_state"":""ORDERLY_DOWNTREND""}","{""balance"":{""attempt_limit_reached"":false,""candidate_bar_expansion_count"":0,""candidate_high"":null,""candidate_last_valid_at"":null,""candidate_low"":null,""candidate_merge_count"":0,""containment_bars"":0,""down_escape_attempt_count"":0,""emitted_event_ids"":[""BAL:ABB:2026-08-03:001:NEUTRAL:100600:BALANCE_COMPLETED:105400"",""BAL:ABB:2026-08-03:001:NEUTRAL:100600:BALANCE_ESCAPE_ACCEPTED:105100"",""BAL:ABB:2026-08-03:001:NEUTRAL:100600:BALANCE_ESCAPE_STARTED:104800"",""BAL:ABB:2026-08-03:001:NEUTRAL:100600:BALANCE_FORMING_STARTED:100600"",""BAL:ABB:2026-08-03:001:NEUTRAL:100600:BALANCE_LOCKED:102700"",""BAL:ABB:2026-08-03:001:NEUTRAL:100600:BALANCE_PROBABLE:101800"",""BAL:ABB:2026-08-03:002:NEUTRAL:112100:BALANCE_COMPLETED:113000"",""BAL:ABB:2026-08-03:002:NEUTRAL:112100:BALANCE_FORMING_STARTED:112100"",""BAL:ABB:2026-08-03:003:NEUTRAL:114800:BALANCE_COMPLETED:115400"",""BAL:ABB:2026-08-03:003:NEUTRAL:114800:BALANCE_FORMING_STARTED:114800"",""BAL:ABB:2026-08-03:004:NEUTRAL:122400:BALANCE_COMPLETED:125400"",""BAL:ABB:2026-08-03:004:NEUTRAL:122400:BALANCE_ESCAPE_ACCEPTED:125100"",""BAL:ABB:2026-08-03:004:NEUTRAL:122400:BALANCE_ESCAPE_STARTED:124800"",""BAL:ABB:2026-08-03:004:NEUTRAL:122400:BALANCE_FORMING_STARTED:122400"",""BAL:ABB:2026-08-03:004:NEUTRAL:122400:BALANCE_LOCKED:124500"",""BAL:ABB:2026-08-03:004:NEUTRAL:122400:BALANCE_PROBABLE:123600"",""BAL:ABB:2026-08-03:005:NEUTRAL:132100:BALANCE_COMPLETED:135400"",""BAL:ABB:2026-08-03:005:NEUTRAL:132100:BALANCE_ESCAPE_ACCEPTED:135100"",""BAL:ABB:2026-08-03:005:NEUTRAL:132100:BALANCE_ESCAPE_STARTED:134800"",""BAL:ABB:2026-08-03:005:NEUTRAL:132100:BALANCE_FORMING_STARTED:132100"",""BAL:ABB:2026-08-03:005:NEUTRAL:132100:BALANCE_LOCKED:134200"",""BAL:ABB:2026-08-03:005:NEUTRAL:132100:BALANCE_PROBABLE:133300""],""episode_id"":null,""escape_attempt_count"":0,""escape_direction"":""UNKNOWN"",""failed_escape_count"":0,""forming_bars_observed"":0,""forming_invalid_bars"":0,""frozen_high"":null,""frozen_low"":null,""last_escape_direction"":""UNKNOWN"",""last_escape_failed_at"":null,""last_escape_started_at"":null,""last_reason_codes"":[""NO_QUALIFIED_ACCEPTED_RANGE""],""marginal_excursion_bars"":0,""meaningful_escape_bars"":0,""outside_close_count"":0,""range_id"":null,""rearm_bars_elapsed"":0,""rearm_inside_close_count"":0,""rearm_required"":false,""reentry_close_count"":0,""sequence"":5,""source_range_ids"":[],""started_at"":null,""state"":""NONE"",""state_age_bars"":0,""state_started_at"":null,""up_escape_attempt_count"":0},""directional"":{""continuation_failure_progress_bars"":0,""continuation_failure_seen"":false,""continuation_failure_seen_at"":null,""direction"":""UP"",""emitted_event_ids"":[""DIR:ABB:2026-08-03:001:DOWN:101500:DIRECTIONAL_COMPLETED:105100"",""DIR:ABB:2026-08-03:001:DOWN:101500:DIRECTIONAL_STARTED:101500"",""DIR:ABB:2026-08-03:002:UP:110000:DIRECTIONAL_COMPLETED:113900"",""DIR:ABB:2026-08-03:002:UP:110000:DIRECTIONAL_MATURED:110300"",""DIR:ABB:2026-08-03:002:UP:110000:DIRECTIONAL_REVERSAL_CONFIRMED:113900"",""DIR:ABB:2026-08-03:002:UP:110000:DIRECTIONAL_STARTED:110000"",""DIR:ABB:2026-08-03:002:UP:110000:REVERSAL_WATCH_STARTED:110600"",""DIR:ABB:2026-08-03:003:DOWN:113900:DIRECTIONAL_COMPLETED:115400"",""DIR:ABB:2026-08-03:003:DOWN:113900:DIRECTIONAL_REVERSAL_LEG_FAILED:115400"",""DIR:ABB:2026-08-03:003:DOWN:113900:DIRECTIONAL_REVERSAL_LEG_STARTED:113900"",""DIR:ABB:2026-08-03:004:UP:120000:DIRECTIONAL_COMPLETED:124500"",""DIR:ABB:2026-08-03:004:UP:120000:DIRECTIONAL_CONTINUATION_CONFIRMED:123300"",""DIR:ABB:2026-08-03:004:UP:120000:DIRECTIONAL_MATURED:120300"",""DIR:ABB:2026-08-03:004:UP:120000:DIRECTIONAL_MATURED:123900"",""DIR:ABB:2026-08-03:004:UP:120000:DIRECTIONAL_REVERSAL_CONFIRMED:124500"",""DIR:ABB:2026-08-03:004:UP:120000:DIRECTIONAL_STARTED:120000"",""DIR:ABB:2026-08-03:004:UP:120000:DIRECTIONAL_TREND_RESTORED:122100"",""DIR:ABB:2026-08-03:004:UP:120000:REVERSAL_WATCH_STARTED:120600"",""DIR:ABB:2026-08-03:004:UP:120000:REVERSAL_WATCH_STARTED:124200"",""DIR:ABB:2026-08-03:005:DOWN:124500:DIRECTIONAL_COMPLETED:133300"",""DIR:ABB:2026-08-03:005:DOWN:124500:DIRECTIONAL_MATURED:125700"",""DIR:ABB:2026-08-03:005:DOWN:124500:DIRECTIONAL_MATURED:131800"",""DIR:ABB:2026-08-03:005:DOWN:124500:DIRECTIONAL_REVERSAL_CONFIRMED:133300"",""DIR:ABB:2026-08-03:005:DOWN:124500:DIRECTIONAL_REVERSAL_LEG_ESTABLISHED:125100"",""DIR:ABB:2026-08-03:005:DOWN:124500:DIRECTIONAL_REVERSAL_LEG_STARTED:124500"",""DIR:ABB:2026-08-03:005:DOWN:124500:DIRECTIONAL_TREND_RESTORED:131500"",""DIR:ABB:2026-08-03:005:DOWN:124500:REVERSAL_WATCH_STARTED:130000"",""DIR:ABB:2026-08-03:005:DOWN:124500:REVERSAL_WATCH_STARTED:132100"",""DIR:ABB:2026-08-03:006:UP:133300:DIRECTIONAL_REVERSAL_LEG_ESTABLISHED:135100"",""DIR:ABB:2026-08-03:006:UP:133300:DIRECTIONAL_REVERSAL_LEG_STARTED:133300""],""episode_id"":""DIR:ABB:2026-08-03:006:UP:133300"",""extreme_price"":7555.0,""extreme_time"":""2026-08-03T13:57:00+05:30"",""first_adverse_bar_close"":null,""first_adverse_bar_level"":null,""first_adverse_bar_time"":null,""inactive_bars"":0,""last_close"":7550.5,""last_observation_state"":""ORDERLY_DOWNTREND"",""last_observation_state_time"":""2026-08-03T13:57:00+05:30"",""last_reason_codes"":[""DIRECTIONAL_EPISODE_RETAINED""],""opposite_control_bars"":0,""origin_event_id"":""DIR:ABB:2026-08-03:005:DOWN:124500:DIRECTIONAL_REVERSAL_CONFIRMED:133300"",""origin_price"":7518.5,""origin_source"":""REVERSAL_EVENT_HANDOFF"",""parent_episode_id"":""DIR:ABB:2026-08-03:005:DOWN:124500"",""protection_level"":null,""protection_source"":"""",""protection_time"":null,""rejection_seen"":false,""rejection_seen_at"":null,""reversal_confirmation_breach_closes"":0,""reversal_confirmation_level"":7513.0,""reversal_confirmation_level_time"":""2026-08-03T13:24:00+05:30"",""reversal_confirmation_source"":""OBSERVATION_REJECTION_OR_FAILED_EXTREME:BAR_HIGH"",""reversal_leg_failure_closes"":0,""reversal_leg_progress_atr"":1.449412225839378,""reversal_leg_progress_bars"":2,""reversal_watch_age_bars"":0,""sequence"":6,""start_candidate_bars"":0,""start_candidate_side"":""UNKNOWN"",""started_at"":""2026-08-03T13:33:00+05:30"",""state"":""DIRECTIONAL"",""state_age_bars"":3,""state_started_at"":""2026-08-03T13:51:00+05:30"",""trend_restore_bars"":0},""evidence_history"":[{""atr"":18.449254042402444,""bar"":{""body_fraction"":0.3333333333333333,""close"":7507.0,""close_position"":0.5,""direction"":""DOWN"",""high"":7513.0,""low"":7501.0,""lower_wick_fraction"":0.5,""move_atr"":-0.21681093397091755,""move_points"":-4.0,""open"":7511.0,""snapshot_time"":""2026-08-03T13:24:00+05:30"",""upper_wick_fraction"":0.16666666666666666,""volume"":3365.0},""close"":7507.0,""trend"":{""ema_ref"":7416.55201076992,""ema_slow"":7456.599341585912,""hma_order"":""SELL"",""hma_spread_atr"":5.710404671364048}},{""atr"":17.56002161080227,""bar"":{""body_fraction"":0.3333333333333333,""close"":7505.0,""close_position"":0.4166666666666667,""direction"":""DOWN"",""high"":7508.5,""low"":7502.5,""lower_wick_fraction"":0.4166666666666667,""move_atr"":-0.11389507623212004,""move_points"":-2.0,""open"":7507.0,""snapshot_time"":""2026-08-03T13:27:00+05:30"",""upper_wick_fraction"":0.25,""volume"":2136.0},""close"":7505.0,""trend"":{""ema_ref"":7417.432090264747,""ema_slow"":7457.557770465399,""hma_order"":""SELL"",""hma_spread_atr"":5.941966312699527}},{""atr"":16.948591495744964,""bar"":{""body_fraction"":0.6666666666666666,""close"":7500.0,""close_position"":0.0,""direction"":""DOWN"",""high"":7509.0,""low"":7500.0,""lower_wick_fraction"":0.0,""move_atr"":-0.3540117184077705,""move_points"":-6.0,""open"":7506.0,""snapshot_time"":""2026-08-03T13:30:00+05:30"",""upper_wick_fraction"":0.3333333333333333,""volume"":1937.0},""close"":7500.0,""trend"":{""ema_ref"":7418.253661505894,""ema_slow"":7458.3982106542035,""hma_order"":""SELL"",""hma_spread_atr"":6.083903727168402}},{""atr"":17.059406388906037,""bar"":{""body_fraction"":1.0,""close"":7518.5,""close_position"":1.0,""direction"":""UP"",""high"":7518.5,""low"":7500.0,""lower_wick_fraction"":0.0,""move_atr"":1.0844457056859145,""move_points"":18.5,""open"":7500.0,""snapshot_time"":""2026-08-03T13:33:00+05:30"",""upper_wick_fraction"":0.0,""volume"":4046.0},""close"":7518.5,""trend"":{""ema_ref"":7419.251137510811,""ema_slow"":7459.588345096695,""hma_order"":""SELL"",""hma_spread_atr"":5.96660505957583}},{""atr"":16.483734503984177,""bar"":{""body_fraction"":0.6666666666666666,""close"":7512.0,""close_position"":0.0,""direction"":""DOWN"",""high"":7521.0,""low"":7512.0,""lower_wick_fraction"":0.0,""move_atr"":-0.36399518559036353,""move_points"":-6.0,""open"":7518.0,""snapshot_time"":""2026-08-03T13:36:00+05:30"",""upper_wick_fraction"":0.3333333333333333,""volume"":2656.0},""close"":7512.0,""trend"":{""ema_ref"":7420.174011764434,""ema_slow"":7460.626199649236,""hma_order"":""SELL"",""hma_spread_atr"":6.085804503715556}},{""atr"":16.092039182271023,""bar"":{""body_fraction"":0.7272727272727273,""close"":7520.0,""close_position"":0.7272727272727273,""direction"":""UP"",""high"":7523.0,""low"":7512.0,""lower_wick_fraction"":0.0,""move_atr"":0.4971402262563335,""move_points"":8.0,""open"":7512.0,""snapshot_time"":""2026-08-03T13:39:00+05:30"",""upper_wick_fraction"":0.2727272727272727,""volume"":3111.0},""close"":7520.0,""trend"":{""ema_ref"":7421.167305179713,""ema_slow"":7461.8019184680625,""hma_order"":""SELL"",""hma_spread_atr"":6.136861401517315}},{""atr"":17.049750669251665,""bar"":{""body_fraction"":0.06779661016949153,""close"":7524.0,""close_position"":0.7288135593220338,""direction"":""UP"",""high"":7532.0,""low"":7502.5,""lower_wick_fraction"":0.6610169491525424,""move_atr"":0.11730376817808225,""move_points"":2.0,""open"":7522.0,""snapshot_time"":""2026-08-03T13:42:00+05:30"",""upper_wick_fraction"":0.2711864406779661,""volume"":6714.0},""close"":7524.0,""trend"":{""ema_ref"":7422.190516073448,""ema_slow"":7463.033563646913,""hma_order"":""SELL"",""hma_spread_atr"":5.695452081036592}},{""atr"":16.760482764305117,""bar"":{""body_fraction"":0.9565217391304348,""close"":7511.5,""close_position"":0.043478260869565216,""direction"":""DOWN"",""high"":7522.5,""low"":7511.0,""lower_wick_fraction"":0.043478260869565216,""move_atr"":-0.6563056777473472,""move_points"":-11.0,""open"":7522.5,""snapshot_time"":""2026-08-03T13:45:00+05:30"",""upper_wick_fraction"":0.0,""volume"":2363.0},""close"":7511.5,""trend"":{""ema_ref"":7423.079167654807,""ema_slow"":7463.993295059845,""hma_order"":""SELL"",""hma_spread_atr"":5.684656087223569}},{""atr"":18.420448281140462,""bar"":{""body_fraction"":0.7125,""close"":7540.0,""close_position"":0.8375,""direction"":""UP"",""high"":7546.5,""low"":7506.5,""lower_wick_fraction"":0.125,""move_atr"":1.547193616844784,""move_points"":28.5,""open"":7511.5,""snapshot_time"":""2026-08-03T13:48:00+05:30"",""upper_wick_fraction"":0.1625,""volume"":9361.0},""close"":7540.0,""trend"":{""ema_ref"":7424.242559021426,""ema_slow"":7465.498378325987,""hma_order"":""SELL"",""hma_spread_atr"":5.072903938088871}},{""atr"":18.283273403916144,""bar"":{""body_fraction"":0.30303030303030304,""close"":7545.0,""close_position"":1.0,""direction"":""UP"",""high"":7545.0,""low"":7528.5,""lower_wick_fraction"":0.696969696969697,""move_atr"":0.27347400487535434,""move_points"":5.0,""open"":7540.0,""snapshot_time"":""2026-08-03T13:51:00+05:30"",""upper_wick_fraction"":0.0,""volume"":3032.0},""close"":7545.0,""trend"":{""ema_ref"":7425.444125598327,""ema_slow"":7467.072667864086,""hma_order"":""BUY"",""hma_spread_atr"":5.0117307225871865}},{""atr"":17.548753875064993,""bar"":{""body_fraction"":0.625,""close"":7540.0,""close_position"":0.375,""direction"":""DOWN"",""high"":7545.0,""low"":7537.0,""lower_wick_fraction"":0.375,""move_atr"":-0.28492051547343744,""move_points"":-5.0,""open"":7545.0,""snapshot_time"":""2026-08-03T13:54:00+05:30"",""upper_wick_fraction"":0.0,""volume"":2998.0},""close"":7540.0,""trend"":{""ema_ref"":7426.583985045111,""ema_slow"":7468.516773450935,""hma_order"":""BUY"",""hma_spread_atr"":5.116643964407775}},{""atr"":17.50955716970321,""bar"":{""body_fraction"":0.6176470588235294,""close"":7550.5,""close_position"":0.7352941176470589,""direction"":""UP"",""high"":7555.0,""low"":7538.0,""lower_wick_fraction"":0.1176470588235294,""move_atr"":0.5996725044633425,""move_points"":10.5,""open"":7540.0,""snapshot_time"":""2026-08-03T13:57:00+05:30"",""upper_wick_fraction"":0.2647058823529412,""volume"":8140.0},""close"":7550.5,""trend"":{""ema_ref"":7427.816980218791,""ema_slow"":7470.14020367963,""hma_order"":""BUY"",""hma_spread_atr"":5.02435371070645}}],""last_observation_hash"":""5dd75330d55165c8bc3f4e7964cce8f2ea0339fa6661fc64a3efc5cf07235fb3"",""last_snapshot_time"":""2026-08-03T13:57:00+05:30"",""observation"":{""compression_box_high"":null,""compression_box_low"":null,""compression_candidate_bars"":0,""current_state"":""ORDERLY_DOWNTREND"",""established_side"":""DOWN"",""exhaustion_active"":true,""exhaustion_age_bars"":7,""exhaustion_clear_bars"":0,""exhaustion_last_seen_at"":""2026-08-03T13:57:00+05:30"",""exhaustion_side"":""DOWN"",""exhaustion_started_at"":""2026-08-03T13:39:00+05:30"",""failure_breach_bars"":1,""last_close"":7550.5,""last_reason_codes"":[""ESTABLISHED_DIRECTIONAL_CONTEXT_RETAINED"",""OBSERVATION_PROPOSAL_MATCHED_CURRENT"",""OBSERVATION_STATE_ORDERLY_DOWNTREND""],""last_snapshot_time"":""2026-08-03T13:57:00+05:30"",""leg_age_bars"":21,""leg_anchor_price"":7543.5,""leg_anchor_time"":""2026-08-03T12:57:00+05:30"",""leg_extreme_price"":7492.5,""leg_maturity_consumed"":true,""leg_maturity_extreme_price"":7492.5,""leg_maturity_onset_time"":""2026-08-03T13:30:00+05:30"",""leg_no_progress_bars"":14,""observation_count"":95,""pending_bars"":0,""pending_state"":null,""protection_level"":7543.5,""protection_source"":""INITIAL_DIRECTIONAL_ANCHOR"",""protection_time"":""2026-08-03T12:57:00+05:30"",""pullback_age_bars"":0,""pullback_candidate_bars"":0,""pullback_extreme_price"":null,""reacceleration_age_bars"":2,""recompression_age_bars"":0,""reversal_confirmation_bars"":0,""reversal_side"":""DOWN"",""state_age_bars"":8,""trading_day"":""2026-08-03"",""trend_anchor_price"":7543.5,""trend_candidate_bars"":1,""trend_candidate_side"":""UP"",""trend_extreme_price"":7492.5,""trend_failure_age_bars"":0,""trend_onset_time"":""2026-08-03T12:57:00+05:30""},""symbol"":""ABB"",""trading_day"":""2026-08-03""}"
restoration-v3-current-day,development,restoration-trend-control-v3,backtest-default,OK,,,,ABB,2026-08-03,2026-08-03T14:00:00+05:30,2026-08-03T13:57:00+05:30,SNAPSHOT_AUCTION_AUTHORITY_V3A,3m,True,True,7551.0,2026-08-03T14:00:00,7550.0,7559.0,7535.5,7551.0,12400.0,17.937445943295838,TRENDING_UP,BUY,candidate_has_directional_efficiency_or_displacement,RANGE_ACCEPTED,DYNAMIC:2026-08-03T13:00:00+05:30:2026-08-03T13:18:00+05:30,7492.5,7526.0,14,ok,UP_ACCELERATING,0.30662113309702477,0.15331056654851238,OK,INCREMENTAL_PREVIOUS_SNAPSHOT,AUTOTRADES_AUCTION_ENGINE,1.1.0,,,TREND_FAILURE,DOWN,UP,False,True,True,DOWN,True,False,True,7543.5,INITIAL_DIRECTIONAL_ANCHOR,2026-08-03T12:57:00+05:30,DYNAMIC:2026-08-03T13:00:00+05:30:2026-08-03T13:18:00+05:30,7492.5,7526.0,False,1.7462686567164178,0.4696969696969697,PRICE_ACTION,0.975,FROZEN_TREND_PROTECTION_BREACH_CONFIRMED|OBSERVATION_TRANSITION_CONFIRMED|OBSERVATION_STATE_TREND_FAILURE|OBJECTIVE_REJECTION_OBSERVED|OBJECTIVE_STRUCTURAL_FAILURE_OBSERVED|OBJECTIVE_ACCEPTED_RANGE_GEOMETRY_PRESENT|OBJECTIVE_TREND_PROTECTION_GEOMETRY_PRESENT,DIR:ABB:2026-08-03:006:UP:133300,DIRECTIONAL,DIRECTIONAL,UP,REVERSAL_EVENT_HANDOFF,DIR:ABB:2026-08-03:005:DOWN:124500,DIR:ABB:2026-08-03:005:DOWN:124500:DIRECTIONAL_REVERSAL_CONFIRMED:133300,2026-08-03T13:33:00+05:30,2026-08-03T13:51:00+05:30,4,7518.5,7559.0,2026-08-03T14:00:00+05:30,,,7513.0,OBSERVATION_REJECTION_OR_FAILED_EXTREME:BAR_HIGH,2026-08-03T13:24:00+05:30,2,1.449412225839378,0,False,DIRECTIONAL_EPISODE_RETAINED,6,UNKNOWN,0,0,0,0,0,TREND_FAILURE,2026-08-03T14:00:00+05:30,DIRECTIONAL_EPISODE_RETAINED,,NONE,NONE,0,,,,,,UNKNOWN,0,0,0,0,False,False,NO_QUALIFIED_ACCEPTED_RANGE,0,,,,,,0,,,,,MATCH,MATCH,MATCH,MATCH,False,0,False,False,False,True,,COHERENT,[],[],"{""accepted_range_breakout_eligible"":true,""accepted_range_established_at"":""2026-08-03T13:18:00+05:30"",""accepted_range_high"":7526.0,""accepted_range_id"":""DYNAMIC:2026-08-03T13:00:00+05:30:2026-08-03T13:18:00+05:30"",""accepted_range_inside"":false,""accepted_range_low"":7492.5,""accepted_range_outside_atr"":1.3937324231682944,""accepted_range_position"":1.7462686567164178,""accepted_range_provisional"":false,""atr"":17.937445943295838,""close"":7551.0,""current_leg_mature"":false,""directional_bias"":""DOWN"",""directional_efficiency"":0.4696969696969697,""directional_efficiency_source"":""PRICE_ACTION"",""exhausted_side"":""DOWN"",""exhaustion_active"":true,""extension_mature"":true,""failed_extreme_observed"":false,""high"":7559.0,""low"":7535.5,""observation_state"":""TREND_FAILURE"",""overlap_ratio"":0.975,""range_width_atr"":1.8676014470455145,""rejection_observed"":true,""snapshot_time"":""2026-08-03T14:00:00+05:30"",""source_reason_codes"":[""FROZEN_TREND_PROTECTION_BREACH_CONFIRMED"",""OBSERVATION_TRANSITION_CONFIRMED"",""OBSERVATION_STATE_TREND_FAILURE"",""OBJECTIVE_REJECTION_OBSERVED"",""OBJECTIVE_STRUCTURAL_FAILURE_OBSERVED"",""OBJECTIVE_ACCEPTED_RANGE_GEOMETRY_PRESENT"",""OBJECTIVE_TREND_PROTECTION_GEOMETRY_PRESENT""],""structural_failure_confirmed"":true,""symbol"":""ABB"",""trading_day"":""2026-08-03"",""trend_direction"":""UP"",""trend_protection_level"":7543.5,""trend_protection_source"":""INITIAL_DIRECTIONAL_ANCHOR"",""trend_protection_time"":""2026-08-03T12:57:00+05:30""}","{""continuation_failure_seen"":false,""continuation_failure_time"":null,""current_state"":""DIRECTIONAL"",""direction"":""UP"",""episode_id"":""DIR:ABB:2026-08-03:006:UP:133300"",""extreme_price"":7559.0,""extreme_time"":""2026-08-03T14:00:00+05:30"",""first_adverse_bar_close"":null,""first_adverse_bar_level"":null,""first_adverse_bar_time"":null,""origin_event_id"":""DIR:ABB:2026-08-03:005:DOWN:124500:DIRECTIONAL_REVERSAL_CONFIRMED:133300"",""origin_price"":7518.5,""origin_source"":""REVERSAL_EVENT_HANDOFF"",""parent_episode_id"":""DIR:ABB:2026-08-03:005:DOWN:124500"",""previous_state"":""DIRECTIONAL"",""protection_level"":null,""protection_source"":"""",""reason_codes"":[""DIRECTIONAL_EPISODE_RETAINED""],""rejection_seen"":false,""reversal_confirmation_breach_closes"":0,""reversal_confirmation_level"":7513.0,""reversal_confirmation_level_time"":""2026-08-03T13:24:00+05:30"",""reversal_confirmation_source"":""OBSERVATION_REJECTION_OR_FAILED_EXTREME:BAR_HIGH"",""reversal_leg_failure_closes"":0,""reversal_leg_progress_atr"":1.449412225839378,""reversal_leg_progress_bars"":2,""started_at"":""2026-08-03T13:33:00+05:30"",""state_age_bars"":4,""state_started_at"":""2026-08-03T13:51:00+05:30""}","{""attempt_limit_reached"":false,""candidate_bar_expansion_count"":0,""candidate_high"":null,""candidate_last_valid_at"":null,""candidate_low"":null,""candidate_merge_count"":0,""containment_bars"":0,""containment_ratio"":0.0,""current_state"":""NONE"",""down_escape_attempt_count"":0,""episode_id"":null,""escape_attempt_count"":0,""escape_direction"":""UNKNOWN"",""failed_escape_count"":0,""forming_bars_observed"":0,""forming_invalid_bars"":0,""frozen_high"":null,""frozen_low"":null,""last_escape_direction"":""UNKNOWN"",""last_escape_failed_at"":null,""last_escape_started_at"":null,""marginal_excursion_bars"":0,""meaningful_escape_bars"":0,""outside_close_count"":0,""previous_state"":""NONE"",""range_id"":null,""rearm_bars_elapsed"":0,""rearm_inside_close_count"":0,""rearm_required"":false,""reason_codes"":[""NO_QUALIFIED_ACCEPTED_RANGE""],""reentry_close_count"":0,""source_range_ids"":[],""started_at"":null,""state_age_bars"":0,""state_started_at"":null,""up_escape_attempt_count"":0}","{""balance_attempt_limit_reached"":false,""balance_candidate_bar_expansion_count"":0,""balance_candidate_merge_count"":0,""balance_containment_ratio"":0.0,""balance_down_escape_attempt_count"":0,""balance_escape_attempt_count"":0,""balance_failed_escape_count"":0,""balance_forming_bars_observed"":0,""balance_forming_invalid_bars"":0,""balance_last_escape_direction"":""UNKNOWN"",""balance_last_escape_failed_at"":null,""balance_last_escape_started_at"":null,""balance_marginal_excursion_bars"":0,""balance_meaningful_escape_bars"":0,""balance_rearm_bars_elapsed"":0,""balance_rearm_inside_close_count"":0,""balance_rearm_required"":false,""balance_up_escape_attempt_count"":0,""directional_origin_event_id"":""DIR:ABB:2026-08-03:005:DOWN:124500:DIRECTIONAL_REVERSAL_CONFIRMED:133300"",""directional_origin_source"":""REVERSAL_EVENT_HANDOFF"",""directional_parent_episode_id"":""DIR:ABB:2026-08-03:005:DOWN:124500"",""directional_reversal_watch_age_bars"":0,""directional_start_candidate_bars"":0,""directional_start_candidate_side"":""UNKNOWN"",""observation_accepted_range_id"":""DYNAMIC:2026-08-03T13:00:00+05:30:2026-08-03T13:18:00+05:30"",""observation_current_leg_mature"":false,""observation_directional_bias"":""DOWN"",""observation_exhaustion_active"":true,""observation_state"":""TREND_FAILURE""}","{""balance"":{""attempt_limit_reached"":false,""candidate_bar_expansion_count"":0,""candidate_high"":null,""candidate_last_valid_at"":null,""candidate_low"":null,""candidate_merge_count"":0,""containment_bars"":0,""down_escape_attempt_count"":0,""emitted_event_ids"":[""BAL:ABB:2026-08-03:001:NEUTRAL:100600:BALANCE_COMPLETED:105400"",""BAL:ABB:2026-08-03:001:NEUTRAL:100600:BALANCE_ESCAPE_ACCEPTED:105100"",""BAL:ABB:2026-08-03:001:NEUTRAL:100600:BALANCE_ESCAPE_STARTED:104800"",""BAL:ABB:2026-08-03:001:NEUTRAL:100600:BALANCE_FORMING_STARTED:100600"",""BAL:ABB:2026-08-03:001:NEUTRAL:100600:BALANCE_LOCKED:102700"",""BAL:ABB:2026-08-03:001:NEUTRAL:100600:BALANCE_PROBABLE:101800"",""BAL:ABB:2026-08-03:002:NEUTRAL:112100:BALANCE_COMPLETED:113000"",""BAL:ABB:2026-08-03:002:NEUTRAL:112100:BALANCE_FORMING_STARTED:112100"",""BAL:ABB:2026-08-03:003:NEUTRAL:114800:BALANCE_COMPLETED:115400"",""BAL:ABB:2026-08-03:003:NEUTRAL:114800:BALANCE_FORMING_STARTED:114800"",""BAL:ABB:2026-08-03:004:NEUTRAL:122400:BALANCE_COMPLETED:125400"",""BAL:ABB:2026-08-03:004:NEUTRAL:122400:BALANCE_ESCAPE_ACCEPTED:125100"",""BAL:ABB:2026-08-03:004:NEUTRAL:122400:BALANCE_ESCAPE_STARTED:124800"",""BAL:ABB:2026-08-03:004:NEUTRAL:122400:BALANCE_FORMING_STARTED:122400"",""BAL:ABB:2026-08-03:004:NEUTRAL:122400:BALANCE_LOCKED:124500"",""BAL:ABB:2026-08-03:004:NEUTRAL:122400:BALANCE_PROBABLE:123600"",""BAL:ABB:2026-08-03:005:NEUTRAL:132100:BALANCE_COMPLETED:135400"",""BAL:ABB:2026-08-03:005:NEUTRAL:132100:BALANCE_ESCAPE_ACCEPTED:135100"",""BAL:ABB:2026-08-03:005:NEUTRAL:132100:BALANCE_ESCAPE_STARTED:134800"",""BAL:ABB:2026-08-03:005:NEUTRAL:132100:BALANCE_FORMING_STARTED:132100"",""BAL:ABB:2026-08-03:005:NEUTRAL:132100:BALANCE_LOCKED:134200"",""BAL:ABB:2026-08-03:005:NEUTRAL:132100:BALANCE_PROBABLE:133300""],""episode_id"":null,""escape_attempt_count"":0,""escape_direction"":""UNKNOWN"",""failed_escape_count"":0,""forming_bars_observed"":0,""forming_invalid_bars"":0,""frozen_high"":null,""frozen_low"":null,""last_escape_direction"":""UNKNOWN"",""last_escape_failed_at"":null,""last_escape_started_at"":null,""last_reason_codes"":[""NO_QUALIFIED_ACCEPTED_RANGE""],""marginal_excursion_bars"":0,""meaningful_escape_bars"":0,""outside_close_count"":0,""range_id"":null,""rearm_bars_elapsed"":0,""rearm_inside_close_count"":0,""rearm_required"":false,""reentry_close_count"":0,""sequence"":5,""source_range_ids"":[],""started_at"":null,""state"":""NONE"",""state_age_bars"":0,""state_started_at"":null,""up_escape_attempt_count"":0},""directional"":{""continuation_failure_progress_bars"":0,""continuation_failure_seen"":false,""continuation_failure_seen_at"":null,""direction"":""UP"",""emitted_event_ids"":[""DIR:ABB:2026-08-03:001:DOWN:101500:DIRECTIONAL_COMPLETED:105100"",""DIR:ABB:2026-08-03:001:DOWN:101500:DIRECTIONAL_STARTED:101500"",""DIR:ABB:2026-08-03:002:UP:110000:DIRECTIONAL_COMPLETED:113900"",""DIR:ABB:2026-08-03:002:UP:110000:DIRECTIONAL_MATURED:110300"",""DIR:ABB:2026-08-03:002:UP:110000:DIRECTIONAL_REVERSAL_CONFIRMED:113900"",""DIR:ABB:2026-08-03:002:UP:110000:DIRECTIONAL_STARTED:110000"",""DIR:ABB:2026-08-03:002:UP:110000:REVERSAL_WATCH_STARTED:110600"",""DIR:ABB:2026-08-03:003:DOWN:113900:DIRECTIONAL_COMPLETED:115400"",""DIR:ABB:2026-08-03:003:DOWN:113900:DIRECTIONAL_REVERSAL_LEG_FAILED:115400"",""DIR:ABB:2026-08-03:003:DOWN:113900:DIRECTIONAL_REVERSAL_LEG_STARTED:113900"",""DIR:ABB:2026-08-03:004:UP:120000:DIRECTIONAL_COMPLETED:124500"",""DIR:ABB:2026-08-03:004:UP:120000:DIRECTIONAL_CONTINUATION_CONFIRMED:123300"",""DIR:ABB:2026-08-03:004:UP:120000:DIRECTIONAL_MATURED:120300"",""DIR:ABB:2026-08-03:004:UP:120000:DIRECTIONAL_MATURED:123900"",""DIR:ABB:2026-08-03:004:UP:120000:DIRECTIONAL_REVERSAL_CONFIRMED:124500"",""DIR:ABB:2026-08-03:004:UP:120000:DIRECTIONAL_STARTED:120000"",""DIR:ABB:2026-08-03:004:UP:120000:DIRECTIONAL_TREND_RESTORED:122100"",""DIR:ABB:2026-08-03:004:UP:120000:REVERSAL_WATCH_STARTED:120600"",""DIR:ABB:2026-08-03:004:UP:120000:REVERSAL_WATCH_STARTED:124200"",""DIR:ABB:2026-08-03:005:DOWN:124500:DIRECTIONAL_COMPLETED:133300"",""DIR:ABB:2026-08-03:005:DOWN:124500:DIRECTIONAL_MATURED:125700"",""DIR:ABB:2026-08-03:005:DOWN:124500:DIRECTIONAL_MATURED:131800"",""DIR:ABB:2026-08-03:005:DOWN:124500:DIRECTIONAL_REVERSAL_CONFIRMED:133300"",""DIR:ABB:2026-08-03:005:DOWN:124500:DIRECTIONAL_REVERSAL_LEG_ESTABLISHED:125100"",""DIR:ABB:2026-08-03:005:DOWN:124500:DIRECTIONAL_REVERSAL_LEG_STARTED:124500"",""DIR:ABB:2026-08-03:005:DOWN:124500:DIRECTIONAL_TREND_RESTORED:131500"",""DIR:ABB:2026-08-03:005:DOWN:124500:REVERSAL_WATCH_STARTED:130000"",""DIR:ABB:2026-08-03:005:DOWN:124500:REVERSAL_WATCH_STARTED:132100"",""DIR:ABB:2026-08-03:006:UP:133300:DIRECTIONAL_REVERSAL_LEG_ESTABLISHED:135100"",""DIR:ABB:2026-08-03:006:UP:133300:DIRECTIONAL_REVERSAL_LEG_STARTED:133300""],""episode_id"":""DIR:ABB:2026-08-03:006:UP:133300"",""extreme_price"":7559.0,""extreme_time"":""2026-08-03T14:00:00+05:30"",""first_adverse_bar_close"":null,""first_adverse_bar_level"":null,""first_adverse_bar_time"":null,""inactive_bars"":0,""last_close"":7551.0,""last_observation_state"":""TREND_FAILURE"",""last_observation_state_time"":""2026-08-03T14:00:00+05:30"",""last_reason_codes"":[""DIRECTIONAL_EPISODE_RETAINED""],""opposite_control_bars"":0,""origin_event_id"":""DIR:ABB:2026-08-03:005:DOWN:124500:DIRECTIONAL_REVERSAL_CONFIRMED:133300"",""origin_price"":7518.5,""origin_source"":""REVERSAL_EVENT_HANDOFF"",""parent_episode_id"":""DIR:ABB:2026-08-03:005:DOWN:124500"",""protection_level"":null,""protection_source"":"""",""protection_time"":null,""rejection_seen"":false,""rejection_seen_at"":null,""reversal_confirmation_breach_closes"":0,""reversal_confirmation_level"":7513.0,""reversal_confirmation_level_time"":""2026-08-03T13:24:00+05:30"",""reversal_confirmation_source"":""OBSERVATION_REJECTION_OR_FAILED_EXTREME:BAR_HIGH"",""reversal_leg_failure_closes"":0,""reversal_leg_progress_atr"":1.449412225839378,""reversal_leg_progress_bars"":2,""reversal_watch_age_bars"":0,""sequence"":6,""start_candidate_bars"":0,""start_candidate_side"":""UNKNOWN"",""started_at"":""2026-08-03T13:33:00+05:30"",""state"":""DIRECTIONAL"",""state_age_bars"":4,""state_started_at"":""2026-08-03T13:51:00+05:30"",""trend_restore_bars"":0},""evidence_history"":[{""atr"":17.56002161080227,""bar"":{""body_fraction"":0.3333333333333333,""close"":7505.0,""close_position"":0.4166666666666667,""direction"":""DOWN"",""high"":7508.5,""low"":7502.5,""lower_wick_fraction"":0.4166666666666667,""move_atr"":-0.11389507623212004,""move_points"":-2.0,""open"":7507.0,""snapshot_time"":""2026-08-03T13:27:00+05:30"",""upper_wick_fraction"":0.25,""volume"":2136.0},""close"":7505.0,""trend"":{""ema_ref"":7417.432090264747,""ema_slow"":7457.557770465399,""hma_order"":""SELL"",""hma_spread_atr"":5.941966312699527}},{""atr"":16.948591495744964,""bar"":{""body_fraction"":0.6666666666666666,""close"":7500.0,""close_position"":0.0,""direction"":""DOWN"",""high"":7509.0,""low"":7500.0,""lower_wick_fraction"":0.0,""move_atr"":-0.3540117184077705,""move_points"":-6.0,""open"":7506.0,""snapshot_time"":""2026-08-03T13:30:00+05:30"",""upper_wick_fraction"":0.3333333333333333,""volume"":1937.0},""close"":7500.0,""trend"":{""ema_ref"":7418.253661505894,""ema_slow"":7458.3982106542035,""hma_order"":""SELL"",""hma_spread_atr"":6.083903727168402}},{""atr"":17.059406388906037,""bar"":{""body_fraction"":1.0,""close"":7518.5,""close_position"":1.0,""direction"":""UP"",""high"":7518.5,""low"":7500.0,""lower_wick_fraction"":0.0,""move_atr"":1.0844457056859145,""move_points"":18.5,""open"":7500.0,""snapshot_time"":""2026-08-03T13:33:00+05:30"",""upper_wick_fraction"":0.0,""volume"":4046.0},""close"":7518.5,""trend"":{""ema_ref"":7419.251137510811,""ema_slow"":7459.588345096695,""hma_order"":""SELL"",""hma_spread_atr"":5.96660505957583}},{""atr"":16.483734503984177,""bar"":{""body_fraction"":0.6666666666666666,""close"":7512.0,""close_position"":0.0,""direction"":""DOWN"",""high"":7521.0,""low"":7512.0,""lower_wick_fraction"":0.0,""move_atr"":-0.36399518559036353,""move_points"":-6.0,""open"":7518.0,""snapshot_time"":""2026-08-03T13:36:00+05:30"",""upper_wick_fraction"":0.3333333333333333,""volume"":2656.0},""close"":7512.0,""trend"":{""ema_ref"":7420.174011764434,""ema_slow"":7460.626199649236,""hma_order"":""SELL"",""hma_spread_atr"":6.085804503715556}},{""atr"":16.092039182271023,""bar"":{""body_fraction"":0.7272727272727273,""close"":7520.0,""close_position"":0.7272727272727273,""direction"":""UP"",""high"":7523.0,""low"":7512.0,""lower_wick_fraction"":0.0,""move_atr"":0.4971402262563335,""move_points"":8.0,""open"":7512.0,""snapshot_time"":""2026-08-03T13:39:00+05:30"",""upper_wick_fraction"":0.2727272727272727,""volume"":3111.0},""close"":7520.0,""trend"":{""ema_ref"":7421.167305179713,""ema_slow"":7461.8019184680625,""hma_order"":""SELL"",""hma_spread_atr"":6.136861401517315}},{""atr"":17.049750669251665,""bar"":{""body_fraction"":0.06779661016949153,""close"":7524.0,""close_position"":0.7288135593220338,""direction"":""UP"",""high"":7532.0,""low"":7502.5,""lower_wick_fraction"":0.6610169491525424,""move_atr"":0.11730376817808225,""move_points"":2.0,""open"":7522.0,""snapshot_time"":""2026-08-03T13:42:00+05:30"",""upper_wick_fraction"":0.2711864406779661,""volume"":6714.0},""close"":7524.0,""trend"":{""ema_ref"":7422.190516073448,""ema_slow"":7463.033563646913,""hma_order"":""SELL"",""hma_spread_atr"":5.695452081036592}},{""atr"":16.760482764305117,""bar"":{""body_fraction"":0.9565217391304348,""close"":7511.5,""close_position"":0.043478260869565216,""direction"":""DOWN"",""high"":7522.5,""low"":7511.0,""lower_wick_fraction"":0.043478260869565216,""move_atr"":-0.6563056777473472,""move_points"":-11.0,""open"":7522.5,""snapshot_time"":""2026-08-03T13:45:00+05:30"",""upper_wick_fraction"":0.0,""volume"":2363.0},""close"":7511.5,""trend"":{""ema_ref"":7423.079167654807,""ema_slow"":7463.993295059845,""hma_order"":""SELL"",""hma_spread_atr"":5.684656087223569}},{""atr"":18.420448281140462,""bar"":{""body_fraction"":0.7125,""close"":7540.0,""close_position"":0.8375,""direction"":""UP"",""high"":7546.5,""low"":7506.5,""lower_wick_fraction"":0.125,""move_atr"":1.547193616844784,""move_points"":28.5,""open"":7511.5,""snapshot_time"":""2026-08-03T13:48:00+05:30"",""upper_wick_fraction"":0.1625,""volume"":9361.0},""close"":7540.0,""trend"":{""ema_ref"":7424.242559021426,""ema_slow"":7465.498378325987,""hma_order"":""SELL"",""hma_spread_atr"":5.072903938088871}},{""atr"":18.283273403916144,""bar"":{""body_fraction"":0.30303030303030304,""close"":7545.0,""close_position"":1.0,""direction"":""UP"",""high"":7545.0,""low"":7528.5,""lower_wick_fraction"":0.696969696969697,""move_atr"":0.27347400487535434,""move_points"":5.0,""open"":7540.0,""snapshot_time"":""2026-08-03T13:51:00+05:30"",""upper_wick_fraction"":0.0,""volume"":3032.0},""close"":7545.0,""trend"":{""ema_ref"":7425.444125598327,""ema_slow"":7467.072667864086,""hma_order"":""BUY"",""hma_spread_atr"":5.0117307225871865}},{""atr"":17.548753875064993,""bar"":{""body_fraction"":0.625,""close"":7540.0,""close_position"":0.375,""direction"":""DOWN"",""high"":7545.0,""low"":7537.0,""lower_wick_fraction"":0.375,""move_atr"":-0.28492051547343744,""move_points"":-5.0,""open"":7545.0,""snapshot_time"":""2026-08-03T13:54:00+05:30"",""upper_wick_fraction"":0.0,""volume"":2998.0},""close"":7540.0,""trend"":{""ema_ref"":7426.583985045111,""ema_slow"":7468.516773450935,""hma_order"":""BUY"",""hma_spread_atr"":5.116643964407775}},{""atr"":17.50955716970321,""bar"":{""body_fraction"":0.6176470588235294,""close"":7550.5,""close_position"":0.7352941176470589,""direction"":""UP"",""high"":7555.0,""low"":7538.0,""lower_wick_fraction"":0.1176470588235294,""move_atr"":0.5996725044633425,""move_points"":10.5,""open"":7540.0,""snapshot_time"":""2026-08-03T13:57:00+05:30"",""upper_wick_fraction"":0.2647058823529412,""volume"":8140.0},""close"":7550.5,""trend"":{""ema_ref"":7427.816980218791,""ema_slow"":7470.14020367963,""hma_order"":""BUY"",""hma_spread_atr"":5.02435371070645}},{""atr"":17.937445943295838,""bar"":{""body_fraction"":0.0425531914893617,""close"":7551.0,""close_position"":0.6595744680851063,""direction"":""UP"",""high"":7559.0,""low"":7535.5,""lower_wick_fraction"":0.6170212765957447,""move_atr"":0.05574929692673177,""move_points"":1.0,""open"":7550.0,""snapshot_time"":""2026-08-03T14:00:00+05:30"",""upper_wick_fraction"":0.3404255319148936,""volume"":12400.0},""close"":7551.0,""trend"":{""ema_ref"":7429.042681908157,""ema_slow"":7471.741387765182,""hma_order"":""BUY"",""hma_spread_atr"":4.803388277328059}}],""last_observation_hash"":""30f39e6d810058460d51a17ee87a3a32e1e37461b1ab30f73dcb3e8a8b7d0142"",""last_snapshot_time"":""2026-08-03T14:00:00+05:30"",""observation"":{""compression_box_high"":null,""compression_box_low"":null,""compression_candidate_bars"":0,""current_state"":""TREND_FAILURE"",""established_side"":""DOWN"",""exhaustion_active"":true,""exhaustion_age_bars"":1,""exhaustion_clear_bars"":0,""exhaustion_last_seen_at"":""2026-08-03T14:00:00+05:30"",""exhaustion_side"":""DOWN"",""exhaustion_started_at"":""2026-08-03T14:00:00+05:30"",""failure_breach_bars"":2,""last_close"":7551.0,""last_reason_codes"":[""FROZEN_TREND_PROTECTION_BREACH_CONFIRMED"",""OBSERVATION_TRANSITION_CONFIRMED"",""OBSERVATION_STATE_TREND_FAILURE""],""last_snapshot_time"":""2026-08-03T14:00:00+05:30"",""leg_age_bars"":22,""leg_anchor_price"":7543.5,""leg_anchor_time"":""2026-08-03T12:57:00+05:30"",""leg_extreme_price"":7492.5,""leg_maturity_consumed"":true,""leg_maturity_extreme_price"":7492.5,""leg_maturity_onset_time"":""2026-08-03T13:30:00+05:30"",""leg_no_progress_bars"":15,""observation_count"":96,""pending_bars"":0,""pending_state"":null,""protection_level"":7543.5,""protection_source"":""INITIAL_DIRECTIONAL_ANCHOR"",""protection_time"":""2026-08-03T12:57:00+05:30"",""pullback_age_bars"":0,""pullback_candidate_bars"":0,""pullback_extreme_price"":null,""reacceleration_age_bars"":2,""recompression_age_bars"":0,""reversal_confirmation_bars"":0,""reversal_side"":""DOWN"",""state_age_bars"":1,""trading_day"":""2026-08-03"",""trend_anchor_price"":7543.5,""trend_candidate_bars"":2,""trend_candidate_side"":""UP"",""trend_extreme_price"":7492.5,""trend_failure_age_bars"":1,""trend_onset_time"":""2026-08-03T12:57:00+05:30""},""symbol"":""ABB"",""trading_day"":""2026-08-03""}"
restoration-v3-current-day,development,restoration-trend-control-v3,backtest-default,OK,,,,ABB,2026-08-03,2026-08-03T14:03:00+05:30,2026-08-03T14:00:00+05:30,SNAPSHOT_AUCTION_AUTHORITY_V3A,3m,True,True,7567.5,2026-08-03T14:03:00,7551.0,7570.5,7550.0,7567.5,8060.0,18.120485518774707,TRENDING_UP,BUY,candidate_has_directional_efficiency_or_displacement,RANGE_ACCEPTED,DYNAMIC:2026-08-03T13:00:00+05:30:2026-08-03T13:18:00+05:30,7492.5,7526.0,15,ok,UP_ACCELERATING,0.4690823538471481,0.3104221459282598,OK,INCREMENTAL_PREVIOUS_SNAPSHOT,AUTOTRADES_AUCTION_ENGINE,1.1.0,,,TREND_FAILURE,DOWN,UP,False,False,True,DOWN,False,False,True,7543.5,INITIAL_DIRECTIONAL_ANCHOR,2026-08-03T12:57:00+05:30,DYNAMIC:2026-08-03T13:00:00+05:30:2026-08-03T13:18:00+05:30,7492.5,7526.0,False,2.2388059701492535,0.554140127388535,PRICE_ACTION,0.8628048780487806,TREND_FAILURE_OBSERVATION_REMAINS_UNRESOLVED|OBSERVATION_PROPOSAL_MATCHED_CURRENT|OBSERVATION_STATE_TREND_FAILURE|OBJECTIVE_STRUCTURAL_FAILURE_OBSERVED|OBJECTIVE_ACCEPTED_RANGE_GEOMETRY_PRESENT|OBJECTIVE_TREND_PROTECTION_GEOMETRY_PRESENT,DIR:ABB:2026-08-03:006:UP:133300,DIRECTIONAL,DIRECTIONAL,UP,REVERSAL_EVENT_HANDOFF,DIR:ABB:2026-08-03:005:DOWN:124500,DIR:ABB:2026-08-03:005:DOWN:124500:DIRECTIONAL_REVERSAL_CONFIRMED:133300,2026-08-03T13:33:00+05:30,2026-08-03T13:51:00+05:30,5,7518.5,7570.5,2026-08-03T14:03:00+05:30,,,7513.0,OBSERVATION_REJECTION_OR_FAILED_EXTREME:BAR_HIGH,2026-08-03T13:24:00+05:30,2,1.449412225839378,0,False,DIRECTIONAL_EPISODE_RETAINED,6,UNKNOWN,0,0,0,0,0,TREND_FAILURE,2026-08-03T14:03:00+05:30,DIRECTIONAL_EPISODE_RETAINED,,NONE,NONE,0,,,,,,UNKNOWN,0,0,0,0,False,False,NO_QUALIFIED_ACCEPTED_RANGE,0,,,,,,0,,,,,MATCH,MATCH,MATCH,MATCH,False,0,False,False,False,True,,COHERENT,[],[],"{""accepted_range_breakout_eligible"":true,""accepted_range_established_at"":""2026-08-03T13:18:00+05:30"",""accepted_range_high"":7526.0,""accepted_range_id"":""DYNAMIC:2026-08-03T13:00:00+05:30:2026-08-03T13:18:00+05:30"",""accepted_range_inside"":false,""accepted_range_low"":7492.5,""accepted_range_outside_atr"":2.2902256099596054,""accepted_range_position"":2.2388059701492535,""accepted_range_provisional"":false,""atr"":18.120485518774707,""close"":7567.5,""current_leg_mature"":false,""directional_bias"":""DOWN"",""directional_efficiency"":0.554140127388535,""directional_efficiency_source"":""PRICE_ACTION"",""exhausted_side"":""DOWN"",""exhaustion_active"":true,""extension_mature"":false,""failed_extreme_observed"":false,""high"":7570.5,""low"":7550.0,""observation_state"":""TREND_FAILURE"",""overlap_ratio"":0.8628048780487806,""range_width_atr"":1.8487363357505249,""rejection_observed"":false,""snapshot_time"":""2026-08-03T14:03:00+05:30"",""source_reason_codes"":[""TREND_FAILURE_OBSERVATION_REMAINS_UNRESOLVED"",""OBSERVATION_PROPOSAL_MATCHED_CURRENT"",""OBSERVATION_STATE_TREND_FAILURE"",""OBJECTIVE_STRUCTURAL_FAILURE_OBSERVED"",""OBJECTIVE_ACCEPTED_RANGE_GEOMETRY_PRESENT"",""OBJECTIVE_TREND_PROTECTION_GEOMETRY_PRESENT""],""structural_failure_confirmed"":true,""symbol"":""ABB"",""trading_day"":""2026-08-03"",""trend_direction"":""UP"",""trend_protection_level"":7543.5,""trend_protection_source"":""INITIAL_DIRECTIONAL_ANCHOR"",""trend_protection_time"":""2026-08-03T12:57:00+05:30""}","{""continuation_failure_seen"":false,""continuation_failure_time"":null,""current_state"":""DIRECTIONAL"",""direction"":""UP"",""episode_id"":""DIR:ABB:2026-08-03:006:UP:133300"",""extreme_price"":7570.5,""extreme_time"":""2026-08-03T14:03:00+05:30"",""first_adverse_bar_close"":null,""first_adverse_bar_level"":null,""first_adverse_bar_time"":null,""origin_event_id"":""DIR:ABB:2026-08-03:005:DOWN:124500:DIRECTIONAL_REVERSAL_CONFIRMED:133300"",""origin_price"":7518.5,""origin_source"":""REVERSAL_EVENT_HANDOFF"",""parent_episode_id"":""DIR:ABB:2026-08-03:005:DOWN:124500"",""previous_state"":""DIRECTIONAL"",""protection_level"":null,""protection_source"":"""",""reason_codes"":[""DIRECTIONAL_EPISODE_RETAINED""],""rejection_seen"":false,""reversal_confirmation_breach_closes"":0,""reversal_confirmation_level"":7513.0,""reversal_confirmation_level_time"":""2026-08-03T13:24:00+05:30"",""reversal_confirmation_source"":""OBSERVATION_REJECTION_OR_FAILED_EXTREME:BAR_HIGH"",""reversal_leg_failure_closes"":0,""reversal_leg_progress_atr"":1.449412225839378,""reversal_leg_progress_bars"":2,""started_at"":""2026-08-03T13:33:00+05:30"",""state_age_bars"":5,""state_started_at"":""2026-08-03T13:51:00+05:30""}","{""attempt_limit_reached"":false,""candidate_bar_expansion_count"":0,""candidate_high"":null,""candidate_last_valid_at"":null,""candidate_low"":null,""candidate_merge_count"":0,""containment_bars"":0,""containment_ratio"":0.0,""current_state"":""NONE"",""down_escape_attempt_count"":0,""episode_id"":null,""escape_attempt_count"":0,""escape_direction"":""UNKNOWN"",""failed_escape_count"":0,""forming_bars_observed"":0,""forming_invalid_bars"":0,""frozen_high"":null,""frozen_low"":null,""last_escape_direction"":""UNKNOWN"",""last_escape_failed_at"":null,""last_escape_started_at"":null,""marginal_excursion_bars"":0,""meaningful_escape_bars"":0,""outside_close_count"":0,""previous_state"":""NONE"",""range_id"":null,""rearm_bars_elapsed"":0,""rearm_inside_close_count"":0,""rearm_required"":false,""reason_codes"":[""NO_QUALIFIED_ACCEPTED_RANGE""],""reentry_close_count"":0,""source_range_ids"":[],""started_at"":null,""state_age_bars"":0,""state_started_at"":null,""up_escape_attempt_count"":0}","{""balance_attempt_limit_reached"":false,""balance_candidate_bar_expansion_count"":0,""balance_candidate_merge_count"":0,""balance_containment_ratio"":0.0,""balance_down_escape_attempt_count"":0,""balance_escape_attempt_count"":0,""balance_failed_escape_count"":0,""balance_forming_bars_observed"":0,""balance_forming_invalid_bars"":0,""balance_last_escape_direction"":""UNKNOWN"",""balance_last_escape_failed_at"":null,""balance_last_escape_started_at"":null,""balance_marginal_excursion_bars"":0,""balance_meaningful_escape_bars"":0,""balance_rearm_bars_elapsed"":0,""balance_rearm_inside_close_count"":0,""balance_rearm_required"":false,""balance_up_escape_attempt_count"":0,""directional_origin_event_id"":""DIR:ABB:2026-08-03:005:DOWN:124500:DIRECTIONAL_REVERSAL_CONFIRMED:133300"",""directional_origin_source"":""REVERSAL_EVENT_HANDOFF"",""directional_parent_episode_id"":""DIR:ABB:2026-08-03:005:DOWN:124500"",""directional_reversal_watch_age_bars"":0,""directional_start_candidate_bars"":0,""directional_start_candidate_side"":""UNKNOWN"",""observation_accepted_range_id"":""DYNAMIC:2026-08-03T13:00:00+05:30:2026-08-03T13:18:00+05:30"",""observation_current_leg_mature"":false,""observation_directional_bias"":""DOWN"",""observation_exhaustion_active"":true,""observation_state"":""TREND_FAILURE""}","{""balance"":{""attempt_limit_reached"":false,""candidate_bar_expansion_count"":0,""candidate_high"":null,""candidate_last_valid_at"":null,""candidate_low"":null,""candidate_merge_count"":0,""containment_bars"":0,""down_escape_attempt_count"":0,""emitted_event_ids"":[""BAL:ABB:2026-08-03:001:NEUTRAL:100600:BALANCE_COMPLETED:105400"",""BAL:ABB:2026-08-03:001:NEUTRAL:100600:BALANCE_ESCAPE_ACCEPTED:105100"",""BAL:ABB:2026-08-03:001:NEUTRAL:100600:BALANCE_ESCAPE_STARTED:104800"",""BAL:ABB:2026-08-03:001:NEUTRAL:100600:BALANCE_FORMING_STARTED:100600"",""BAL:ABB:2026-08-03:001:NEUTRAL:100600:BALANCE_LOCKED:102700"",""BAL:ABB:2026-08-03:001:NEUTRAL:100600:BALANCE_PROBABLE:101800"",""BAL:ABB:2026-08-03:002:NEUTRAL:112100:BALANCE_COMPLETED:113000"",""BAL:ABB:2026-08-03:002:NEUTRAL:112100:BALANCE_FORMING_STARTED:112100"",""BAL:ABB:2026-08-03:003:NEUTRAL:114800:BALANCE_COMPLETED:115400"",""BAL:ABB:2026-08-03:003:NEUTRAL:114800:BALANCE_FORMING_STARTED:114800"",""BAL:ABB:2026-08-03:004:NEUTRAL:122400:BALANCE_COMPLETED:125400"",""BAL:ABB:2026-08-03:004:NEUTRAL:122400:BALANCE_ESCAPE_ACCEPTED:125100"",""BAL:ABB:2026-08-03:004:NEUTRAL:122400:BALANCE_ESCAPE_STARTED:124800"",""BAL:ABB:2026-08-03:004:NEUTRAL:122400:BALANCE_FORMING_STARTED:122400"",""BAL:ABB:2026-08-03:004:NEUTRAL:122400:BALANCE_LOCKED:124500"",""BAL:ABB:2026-08-03:004:NEUTRAL:122400:BALANCE_PROBABLE:123600"",""BAL:ABB:2026-08-03:005:NEUTRAL:132100:BALANCE_COMPLETED:135400"",""BAL:ABB:2026-08-03:005:NEUTRAL:132100:BALANCE_ESCAPE_ACCEPTED:135100"",""BAL:ABB:2026-08-03:005:NEUTRAL:132100:BALANCE_ESCAPE_STARTED:134800"",""BAL:ABB:2026-08-03:005:NEUTRAL:132100:BALANCE_FORMING_STARTED:132100"",""BAL:ABB:2026-08-03:005:NEUTRAL:132100:BALANCE_LOCKED:134200"",""BAL:ABB:2026-08-03:005:NEUTRAL:132100:BALANCE_PROBABLE:133300""],""episode_id"":null,""escape_attempt_count"":0,""escape_direction"":""UNKNOWN"",""failed_escape_count"":0,""forming_bars_observed"":0,""forming_invalid_bars"":0,""frozen_high"":null,""frozen_low"":null,""last_escape_direction"":""UNKNOWN"",""last_escape_failed_at"":null,""last_escape_started_at"":null,""last_reason_codes"":[""NO_QUALIFIED_ACCEPTED_RANGE""],""marginal_excursion_bars"":0,""meaningful_escape_bars"":0,""outside_close_count"":0,""range_id"":null,""rearm_bars_elapsed"":0,""rearm_inside_close_count"":0,""rearm_required"":false,""reentry_close_count"":0,""sequence"":5,""source_range_ids"":[],""started_at"":null,""state"":""NONE"",""state_age_bars"":0,""state_started_at"":null,""up_escape_attempt_count"":0},""directional"":{""continuation_failure_progress_bars"":0,""continuation_failure_seen"":false,""continuation_failure_seen_at"":null,""direction"":""UP"",""emitted_event_ids"":[""DIR:ABB:2026-08-03:001:DOWN:101500:DIRECTIONAL_COMPLETED:105100"",""DIR:ABB:2026-08-03:001:DOWN:101500:DIRECTIONAL_STARTED:101500"",""DIR:ABB:2026-08-03:002:UP:110000:DIRECTIONAL_COMPLETED:113900"",""DIR:ABB:2026-08-03:002:UP:110000:DIRECTIONAL_MATURED:110300"",""DIR:ABB:2026-08-03:002:UP:110000:DIRECTIONAL_REVERSAL_CONFIRMED:113900"",""DIR:ABB:2026-08-03:002:UP:110000:DIRECTIONAL_STARTED:110000"",""DIR:ABB:2026-08-03:002:UP:110000:REVERSAL_WATCH_STARTED:110600"",""DIR:ABB:2026-08-03:003:DOWN:113900:DIRECTIONAL_COMPLETED:115400"",""DIR:ABB:2026-08-03:003:DOWN:113900:DIRECTIONAL_REVERSAL_LEG_FAILED:115400"",""DIR:ABB:2026-08-03:003:DOWN:113900:DIRECTIONAL_REVERSAL_LEG_STARTED:113900"",""DIR:ABB:2026-08-03:004:UP:120000:DIRECTIONAL_COMPLETED:124500"",""DIR:ABB:2026-08-03:004:UP:120000:DIRECTIONAL_CONTINUATION_CONFIRMED:123300"",""DIR:ABB:2026-08-03:004:UP:120000:DIRECTIONAL_MATURED:120300"",""DIR:ABB:2026-08-03:004:UP:120000:DIRECTIONAL_MATURED:123900"",""DIR:ABB:2026-08-03:004:UP:120000:DIRECTIONAL_REVERSAL_CONFIRMED:124500"",""DIR:ABB:2026-08-03:004:UP:120000:DIRECTIONAL_STARTED:120000"",""DIR:ABB:2026-08-03:004:UP:120000:DIRECTIONAL_TREND_RESTORED:122100"",""DIR:ABB:2026-08-03:004:UP:120000:REVERSAL_WATCH_STARTED:120600"",""DIR:ABB:2026-08-03:004:UP:120000:REVERSAL_WATCH_STARTED:124200"",""DIR:ABB:2026-08-03:005:DOWN:124500:DIRECTIONAL_COMPLETED:133300"",""DIR:ABB:2026-08-03:005:DOWN:124500:DIRECTIONAL_MATURED:125700"",""DIR:ABB:2026-08-03:005:DOWN:124500:DIRECTIONAL_MATURED:131800"",""DIR:ABB:2026-08-03:005:DOWN:124500:DIRECTIONAL_REVERSAL_CONFIRMED:133300"",""DIR:ABB:2026-08-03:005:DOWN:124500:DIRECTIONAL_REVERSAL_LEG_ESTABLISHED:125100"",""DIR:ABB:2026-08-03:005:DOWN:124500:DIRECTIONAL_REVERSAL_LEG_STARTED:124500"",""DIR:ABB:2026-08-03:005:DOWN:124500:DIRECTIONAL_TREND_RESTORED:131500"",""DIR:ABB:2026-08-03:005:DOWN:124500:REVERSAL_WATCH_STARTED:130000"",""DIR:ABB:2026-08-03:005:DOWN:124500:REVERSAL_WATCH_STARTED:132100"",""DIR:ABB:2026-08-03:006:UP:133300:DIRECTIONAL_REVERSAL_LEG_ESTABLISHED:135100"",""DIR:ABB:2026-08-03:006:UP:133300:DIRECTIONAL_REVERSAL_LEG_STARTED:133300""],""episode_id"":""DIR:ABB:2026-08-03:006:UP:133300"",""extreme_price"":7570.5,""extreme_time"":""2026-08-03T14:03:00+05:30"",""first_adverse_bar_close"":null,""first_adverse_bar_level"":null,""first_adverse_bar_time"":null,""inactive_bars"":0,""last_close"":7567.5,""last_observation_state"":""TREND_FAILURE"",""last_observation_state_time"":""2026-08-03T14:03:00+05:30"",""last_reason_codes"":[""DIRECTIONAL_EPISODE_RETAINED""],""opposite_control_bars"":0,""origin_event_id"":""DIR:ABB:2026-08-03:005:DOWN:124500:DIRECTIONAL_REVERSAL_CONFIRMED:133300"",""origin_price"":7518.5,""origin_source"":""REVERSAL_EVENT_HANDOFF"",""parent_episode_id"":""DIR:ABB:2026-08-03:005:DOWN:124500"",""protection_level"":null,""protection_source"":"""",""protection_time"":null,""rejection_seen"":false,""rejection_seen_at"":null,""reversal_confirmation_breach_closes"":0,""reversal_confirmation_level"":7513.0,""reversal_confirmation_level_time"":""2026-08-03T13:24:00+05:30"",""reversal_confirmation_source"":""OBSERVATION_REJECTION_OR_FAILED_EXTREME:BAR_HIGH"",""reversal_leg_failure_closes"":0,""reversal_leg_progress_atr"":1.449412225839378,""reversal_leg_progress_bars"":2,""reversal_watch_age_bars"":0,""sequence"":6,""start_candidate_bars"":0,""start_candidate_side"":""UNKNOWN"",""started_at"":""2026-08-03T13:33:00+05:30"",""state"":""DIRECTIONAL"",""state_age_bars"":5,""state_started_at"":""2026-08-03T13:51:00+05:30"",""trend_restore_bars"":0},""evidence_history"":[{""atr"":16.948591495744964,""bar"":{""body_fraction"":0.6666666666666666,""close"":7500.0,""close_position"":0.0,""direction"":""DOWN"",""high"":7509.0,""low"":7500.0,""lower_wick_fraction"":0.0,""move_atr"":-0.3540117184077705,""move_points"":-6.0,""open"":7506.0,""snapshot_time"":""2026-08-03T13:30:00+05:30"",""upper_wick_fraction"":0.3333333333333333,""volume"":1937.0},""close"":7500.0,""trend"":{""ema_ref"":7418.253661505894,""ema_slow"":7458.3982106542035,""hma_order"":""SELL"",""hma_spread_atr"":6.083903727168402}},{""atr"":17.059406388906037,""bar"":{""body_fraction"":1.0,""close"":7518.5,""close_position"":1.0,""direction"":""UP"",""high"":7518.5,""low"":7500.0,""lower_wick_fraction"":0.0,""move_atr"":1.0844457056859145,""move_points"":18.5,""open"":7500.0,""snapshot_time"":""2026-08-03T13:33:00+05:30"",""upper_wick_fraction"":0.0,""volume"":4046.0},""close"":7518.5,""trend"":{""ema_ref"":7419.251137510811,""ema_slow"":7459.588345096695,""hma_order"":""SELL"",""hma_spread_atr"":5.96660505957583}},{""atr"":16.483734503984177,""bar"":{""body_fraction"":0.6666666666666666,""close"":7512.0,""close_position"":0.0,""direction"":""DOWN"",""high"":7521.0,""low"":7512.0,""lower_wick_fraction"":0.0,""move_atr"":-0.36399518559036353,""move_points"":-6.0,""open"":7518.0,""snapshot_time"":""2026-08-03T13:36:00+05:30"",""upper_wick_fraction"":0.3333333333333333,""volume"":2656.0},""close"":7512.0,""trend"":{""ema_ref"":7420.174011764434,""ema_slow"":7460.626199649236,""hma_order"":""SELL"",""hma_spread_atr"":6.085804503715556}},{""atr"":16.092039182271023,""bar"":{""body_fraction"":0.7272727272727273,""close"":7520.0,""close_position"":0.7272727272727273,""direction"":""UP"",""high"":7523.0,""low"":7512.0,""lower_wick_fraction"":0.0,""move_atr"":0.4971402262563335,""move_points"":8.0,""open"":7512.0,""snapshot_time"":""2026-08-03T13:39:00+05:30"",""upper_wick_fraction"":0.2727272727272727,""volume"":3111.0},""close"":7520.0,""trend"":{""ema_ref"":7421.167305179713,""ema_slow"":7461.8019184680625,""hma_order"":""SELL"",""hma_spread_atr"":6.136861401517315}},{""atr"":17.049750669251665,""bar"":{""body_fraction"":0.06779661016949153,""close"":7524.0,""close_position"":0.7288135593220338,""direction"":""UP"",""high"":7532.0,""low"":7502.5,""lower_wick_fraction"":0.6610169491525424,""move_atr"":0.11730376817808225,""move_points"":2.0,""open"":7522.0,""snapshot_time"":""2026-08-03T13:42:00+05:30"",""upper_wick_fraction"":0.2711864406779661,""volume"":6714.0},""close"":7524.0,""trend"":{""ema_ref"":7422.190516073448,""ema_slow"":7463.033563646913,""hma_order"":""SELL"",""hma_spread_atr"":5.695452081036592}},{""atr"":16.760482764305117,""bar"":{""body_fraction"":0.9565217391304348,""close"":7511.5,""close_position"":0.043478260869565216,""direction"":""DOWN"",""high"":7522.5,""low"":7511.0,""lower_wick_fraction"":0.043478260869565216,""move_atr"":-0.6563056777473472,""move_points"":-11.0,""open"":7522.5,""snapshot_time"":""2026-08-03T13:45:00+05:30"",""upper_wick_fraction"":0.0,""volume"":2363.0},""close"":7511.5,""trend"":{""ema_ref"":7423.079167654807,""ema_slow"":7463.993295059845,""hma_order"":""SELL"",""hma_spread_atr"":5.684656087223569}},{""atr"":18.420448281140462,""bar"":{""body_fraction"":0.7125,""close"":7540.0,""close_position"":0.8375,""direction"":""UP"",""high"":7546.5,""low"":7506.5,""lower_wick_fraction"":0.125,""move_atr"":1.547193616844784,""move_points"":28.5,""open"":7511.5,""snapshot_time"":""2026-08-03T13:48:00+05:30"",""upper_wick_fraction"":0.1625,""volume"":9361.0},""close"":7540.0,""trend"":{""ema_ref"":7424.242559021426,""ema_slow"":7465.498378325987,""hma_order"":""SELL"",""hma_spread_atr"":5.072903938088871}},{""atr"":18.283273403916144,""bar"":{""body_fraction"":0.30303030303030304,""close"":7545.0,""close_position"":1.0,""direction"":""UP"",""high"":7545.0,""low"":7528.5,""lower_wick_fraction"":0.696969696969697,""move_atr"":0.27347400487535434,""move_points"":5.0,""open"":7540.0,""snapshot_time"":""2026-08-03T13:51:00+05:30"",""upper_wick_fraction"":0.0,""volume"":3032.0},""close"":7545.0,""trend"":{""ema_ref"":7425.444125598327,""ema_slow"":7467.072667864086,""hma_order"":""BUY"",""hma_spread_atr"":5.0117307225871865}},{""atr"":17.548753875064993,""bar"":{""body_fraction"":0.625,""close"":7540.0,""close_position"":0.375,""direction"":""DOWN"",""high"":7545.0,""low"":7537.0,""lower_wick_fraction"":0.375,""move_atr"":-0.28492051547343744,""move_points"":-5.0,""open"":7545.0,""snapshot_time"":""2026-08-03T13:54:00+05:30"",""upper_wick_fraction"":0.0,""volume"":2998.0},""close"":7540.0,""trend"":{""ema_ref"":7426.583985045111,""ema_slow"":7468.516773450935,""hma_order"":""BUY"",""hma_spread_atr"":5.116643964407775}},{""atr"":17.50955716970321,""bar"":{""body_fraction"":0.6176470588235294,""close"":7550.5,""close_position"":0.7352941176470589,""direction"":""UP"",""high"":7555.0,""low"":7538.0,""lower_wick_fraction"":0.1176470588235294,""move_atr"":0.5996725044633425,""move_points"":10.5,""open"":7540.0,""snapshot_time"":""2026-08-03T13:57:00+05:30"",""upper_wick_fraction"":0.2647058823529412,""volume"":8140.0},""close"":7550.5,""trend"":{""ema_ref"":7427.816980218791,""ema_slow"":7470.14020367963,""hma_order"":""BUY"",""hma_spread_atr"":5.02435371070645}},{""atr"":17.937445943295838,""bar"":{""body_fraction"":0.0425531914893617,""close"":7551.0,""close_position"":0.6595744680851063,""direction"":""UP"",""high"":7559.0,""low"":7535.5,""lower_wick_fraction"":0.6170212765957447,""move_atr"":0.05574929692673177,""move_points"":1.0,""open"":7550.0,""snapshot_time"":""2026-08-03T14:00:00+05:30"",""upper_wick_fraction"":0.3404255319148936,""volume"":12400.0},""close"":7551.0,""trend"":{""ema_ref"":7429.042681908157,""ema_slow"":7471.741387765182,""hma_order"":""BUY"",""hma_spread_atr"":4.803388277328059}},{""atr"":18.120485518774707,""bar"":{""body_fraction"":0.8048780487804879,""close"":7567.5,""close_position"":0.8536585365853658,""direction"":""UP"",""high"":7570.5,""low"":7550.0,""lower_wick_fraction"":0.04878048780487805,""move_atr"":0.9105716280562286,""move_points"":16.5,""open"":7551.0,""snapshot_time"":""2026-08-03T14:03:00+05:30"",""upper_wick_fraction"":0.14634146341463414,""volume"":8060.0},""close"":7567.5,""trend"":{""ema_ref"":7430.42036666529,""ema_slow"":7473.637597908445,""hma_order"":""BUY"",""hma_spread_atr"":4.658388266263794}}],""last_observation_hash"":""97888620205c9c7042cc8a6c3bc35880a3eba9b71fa91bb321e49e0b4f5d764b"",""last_snapshot_time"":""2026-08-03T14:03:00+05:30"",""observation"":{""compression_box_high"":null,""compression_box_low"":null,""compression_candidate_bars"":0,""current_state"":""TREND_FAILURE"",""established_side"":""DOWN"",""exhaustion_active"":true,""exhaustion_age_bars"":2,""exhaustion_clear_bars"":0,""exhaustion_last_seen_at"":""2026-08-03T14:03:00+05:30"",""exhaustion_side"":""DOWN"",""exhaustion_started_at"":""2026-08-03T14:00:00+05:30"",""failure_breach_bars"":3,""last_close"":7567.5,""last_reason_codes"":[""TREND_FAILURE_OBSERVATION_REMAINS_UNRESOLVED"",""OBSERVATION_PROPOSAL_MATCHED_CURRENT"",""OBSERVATION_STATE_TREND_FAILURE""],""last_snapshot_time"":""2026-08-03T14:03:00+05:30"",""leg_age_bars"":23,""leg_anchor_price"":7543.5,""leg_anchor_time"":""2026-08-03T12:57:00+05:30"",""leg_extreme_price"":7492.5,""leg_maturity_consumed"":true,""leg_maturity_extreme_price"":7492.5,""leg_maturity_onset_time"":""2026-08-03T13:30:00+05:30"",""leg_no_progress_bars"":16,""observation_count"":97,""pending_bars"":0,""pending_state"":null,""protection_level"":7543.5,""protection_source"":""INITIAL_DIRECTIONAL_ANCHOR"",""protection_time"":""2026-08-03T12:57:00+05:30"",""pullback_age_bars"":0,""pullback_candidate_bars"":0,""pullback_extreme_price"":null,""reacceleration_age_bars"":2,""recompression_age_bars"":0,""reversal_confirmation_bars"":1,""reversal_side"":""DOWN"",""state_age_bars"":2,""trading_day"":""2026-08-03"",""trend_anchor_price"":7543.5,""trend_candidate_bars"":3,""trend_candidate_side"":""UP"",""trend_extreme_price"":7492.5,""trend_failure_age_bars"":2,""trend_onset_time"":""2026-08-03T12:57:00+05:30""},""symbol"":""ABB"",""trading_day"":""2026-08-03""}"
restoration-v3-current-day,development,restoration-trend-control-v3,backtest-default,OK,,,,ABB,2026-08-03,2026-08-03T14:06:00+05:30,2026-08-03T14:03:00+05:30,SNAPSHOT_AUCTION_AUTHORITY_V3A,3m,True,True,7562.0,2026-08-03T14:06:00,7567.5,7570.0,7558.0,7562.0,3189.0,17.683307981719373,TRENDING_UP,BUY,candidate_has_directional_efficiency_or_displacement,RANGE_ACCEPTED,DYNAMIC:2026-08-03T13:00:00+05:30:2026-08-03T13:18:00+05:30,7492.5,7526.0,16,ok,UP_SLOWING,0.3110277786082662,0.3110277786082662,OK,INCREMENTAL_PREVIOUS_SNAPSHOT,AUTOTRADES_AUCTION_ENGINE,1.1.0,,,TREND_FAILURE,DOWN,UP,False,False,True,DOWN,False,False,True,7543.5,INITIAL_DIRECTIONAL_ANCHOR,2026-08-03T12:57:00+05:30,DYNAMIC:2026-08-03T13:00:00+05:30:2026-08-03T13:18:00+05:30,7492.5,7526.0,False,2.074626865671642,0.7062937062937062,PRICE_ACTION,0.8628048780487806,TREND_FAILURE_OBSERVATION_REMAINS_UNRESOLVED|OBSERVATION_PROPOSAL_MATCHED_CURRENT|OBSERVATION_STATE_TREND_FAILURE|OBJECTIVE_STRUCTURAL_FAILURE_OBSERVED|OBJECTIVE_ACCEPTED_RANGE_GEOMETRY_PRESENT|OBJECTIVE_TREND_PROTECTION_GEOMETRY_PRESENT,DIR:ABB:2026-08-03:006:UP:133300,DIRECTIONAL,DIRECTIONAL,UP,REVERSAL_EVENT_HANDOFF,DIR:ABB:2026-08-03:005:DOWN:124500,DIR:ABB:2026-08-03:005:DOWN:124500:DIRECTIONAL_REVERSAL_CONFIRMED:133300,2026-08-03T13:33:00+05:30,2026-08-03T13:51:00+05:30,6,7518.5,7570.5,2026-08-03T14:03:00+05:30,,,7513.0,OBSERVATION_REJECTION_OR_FAILED_EXTREME:BAR_HIGH,2026-08-03T13:24:00+05:30,2,1.449412225839378,0,False,DIRECTIONAL_EPISODE_RETAINED,6,UNKNOWN,0,0,0,0,0,TREND_FAILURE,2026-08-03T14:06:00+05:30,DIRECTIONAL_EPISODE_RETAINED,,NONE,NONE,0,,,,,,UNKNOWN,0,0,0,0,False,False,NO_QUALIFIED_ACCEPTED_RANGE,0,,,,,,0,,,,,MATCH,MATCH,MATCH,MATCH,False,0,False,False,False,True,,COHERENT,[],[],"{""accepted_range_breakout_eligible"":true,""accepted_range_established_at"":""2026-08-03T13:18:00+05:30"",""accepted_range_high"":7526.0,""accepted_range_id"":""DYNAMIC:2026-08-03T13:00:00+05:30:2026-08-03T13:18:00+05:30"",""accepted_range_inside"":false,""accepted_range_low"":7492.5,""accepted_range_outside_atr"":2.035818187254106,""accepted_range_position"":2.074626865671642,""accepted_range_provisional"":false,""atr"":17.683307981719373,""close"":7562.0,""current_leg_mature"":false,""directional_bias"":""DOWN"",""directional_efficiency"":0.7062937062937062,""directional_efficiency_source"":""PRICE_ACTION"",""exhausted_side"":""DOWN"",""exhaustion_active"":true,""extension_mature"":false,""failed_extreme_observed"":false,""high"":7570.0,""low"":7558.0,""observation_state"":""TREND_FAILURE"",""overlap_ratio"":0.8628048780487806,""range_width_atr"":1.8944419242503487,""rejection_observed"":false,""snapshot_time"":""2026-08-03T14:06:00+05:30"",""source_reason_codes"":[""TREND_FAILURE_OBSERVATION_REMAINS_UNRESOLVED"",""OBSERVATION_PROPOSAL_MATCHED_CURRENT"",""OBSERVATION_STATE_TREND_FAILURE"",""OBJECTIVE_STRUCTURAL_FAILURE_OBSERVED"",""OBJECTIVE_ACCEPTED_RANGE_GEOMETRY_PRESENT"",""OBJECTIVE_TREND_PROTECTION_GEOMETRY_PRESENT""],""structural_failure_confirmed"":true,""symbol"":""ABB"",""trading_day"":""2026-08-03"",""trend_direction"":""UP"",""trend_protection_level"":7543.5,""trend_protection_source"":""INITIAL_DIRECTIONAL_ANCHOR"",""trend_protection_time"":""2026-08-03T12:57:00+05:30""}","{""continuation_failure_seen"":false,""continuation_failure_time"":null,""current_state"":""DIRECTIONAL"",""direction"":""UP"",""episode_id"":""DIR:ABB:2026-08-03:006:UP:133300"",""extreme_price"":7570.5,""extreme_time"":""2026-08-03T14:03:00+05:30"",""first_adverse_bar_close"":null,""first_adverse_bar_level"":null,""first_adverse_bar_time"":null,""origin_event_id"":""DIR:ABB:2026-08-03:005:DOWN:124500:DIRECTIONAL_REVERSAL_CONFIRMED:133300"",""origin_price"":7518.5,""origin_source"":""REVERSAL_EVENT_HANDOFF"",""parent_episode_id"":""DIR:ABB:2026-08-03:005:DOWN:124500"",""previous_state"":""DIRECTIONAL"",""protection_level"":null,""protection_source"":"""",""reason_codes"":[""DIRECTIONAL_EPISODE_RETAINED""],""rejection_seen"":false,""reversal_confirmation_breach_closes"":0,""reversal_confirmation_level"":7513.0,""reversal_confirmation_level_time"":""2026-08-03T13:24:00+05:30"",""reversal_confirmation_source"":""OBSERVATION_REJECTION_OR_FAILED_EXTREME:BAR_HIGH"",""reversal_leg_failure_closes"":0,""reversal_leg_progress_atr"":1.449412225839378,""reversal_leg_progress_bars"":2,""started_at"":""2026-08-03T13:33:00+05:30"",""state_age_bars"":6,""state_started_at"":""2026-08-03T13:51:00+05:30""}","{""attempt_limit_reached"":false,""candidate_bar_expansion_count"":0,""candidate_high"":null,""candidate_last_valid_at"":null,""candidate_low"":null,""candidate_merge_count"":0,""containment_bars"":0,""containment_ratio"":0.0,""current_state"":""NONE"",""down_escape_attempt_count"":0,""episode_id"":null,""escape_attempt_count"":0,""escape_direction"":""UNKNOWN"",""failed_escape_count"":0,""forming_bars_observed"":0,""forming_invalid_bars"":0,""frozen_high"":null,""frozen_low"":null,""last_escape_direction"":""UNKNOWN"",""last_escape_failed_at"":null,""last_escape_started_at"":null,""marginal_excursion_bars"":0,""meaningful_escape_bars"":0,""outside_close_count"":0,""previous_state"":""NONE"",""range_id"":null,""rearm_bars_elapsed"":0,""rearm_inside_close_count"":0,""rearm_required"":false,""reason_codes"":[""NO_QUALIFIED_ACCEPTED_RANGE""],""reentry_close_count"":0,""source_range_ids"":[],""started_at"":null,""state_age_bars"":0,""state_started_at"":null,""up_escape_attempt_count"":0}","{""balance_attempt_limit_reached"":false,""balance_candidate_bar_expansion_count"":0,""balance_candidate_merge_count"":0,""balance_containment_ratio"":0.0,""balance_down_escape_attempt_count"":0,""balance_escape_attempt_count"":0,""balance_failed_escape_count"":0,""balance_forming_bars_observed"":0,""balance_forming_invalid_bars"":0,""balance_last_escape_direction"":""UNKNOWN"",""balance_last_escape_failed_at"":null,""balance_last_escape_started_at"":null,""balance_marginal_excursion_bars"":0,""balance_meaningful_escape_bars"":0,""balance_rearm_bars_elapsed"":0,""balance_rearm_inside_close_count"":0,""balance_rearm_required"":false,""balance_up_escape_attempt_count"":0,""directional_origin_event_id"":""DIR:ABB:2026-08-03:005:DOWN:124500:DIRECTIONAL_REVERSAL_CONFIRMED:133300"",""directional_origin_source"":""REVERSAL_EVENT_HANDOFF"",""directional_parent_episode_id"":""DIR:ABB:2026-08-03:005:DOWN:124500"",""directional_reversal_watch_age_bars"":0,""directional_start_candidate_bars"":0,""directional_start_candidate_side"":""UNKNOWN"",""observation_accepted_range_id"":""DYNAMIC:2026-08-03T13:00:00+05:30:2026-08-03T13:18:00+05:30"",""observation_current_leg_mature"":false,""observation_directional_bias"":""DOWN"",""observation_exhaustion_active"":true,""observation_state"":""TREND_FAILURE""}","{""balance"":{""attempt_limit_reached"":false,""candidate_bar_expansion_count"":0,""candidate_high"":null,""candidate_last_valid_at"":null,""candidate_low"":null,""candidate_merge_count"":0,""containment_bars"":0,""down_escape_attempt_count"":0,""emitted_event_ids"":[""BAL:ABB:2026-08-03:001:NEUTRAL:100600:BALANCE_COMPLETED:105400"",""BAL:ABB:2026-08-03:001:NEUTRAL:100600:BALANCE_ESCAPE_ACCEPTED:105100"",""BAL:ABB:2026-08-03:001:NEUTRAL:100600:BALANCE_ESCAPE_STARTED:104800"",""BAL:ABB:2026-08-03:001:NEUTRAL:100600:BALANCE_FORMING_STARTED:100600"",""BAL:ABB:2026-08-03:001:NEUTRAL:100600:BALANCE_LOCKED:102700"",""BAL:ABB:2026-08-03:001:NEUTRAL:100600:BALANCE_PROBABLE:101800"",""BAL:ABB:2026-08-03:002:NEUTRAL:112100:BALANCE_COMPLETED:113000"",""BAL:ABB:2026-08-03:002:NEUTRAL:112100:BALANCE_FORMING_STARTED:112100"",""BAL:ABB:2026-08-03:003:NEUTRAL:114800:BALANCE_COMPLETED:115400"",""BAL:ABB:2026-08-03:003:NEUTRAL:114800:BALANCE_FORMING_STARTED:114800"",""BAL:ABB:2026-08-03:004:NEUTRAL:122400:BALANCE_COMPLETED:125400"",""BAL:ABB:2026-08-03:004:NEUTRAL:122400:BALANCE_ESCAPE_ACCEPTED:125100"",""BAL:ABB:2026-08-03:004:NEUTRAL:122400:BALANCE_ESCAPE_STARTED:124800"",""BAL:ABB:2026-08-03:004:NEUTRAL:122400:BALANCE_FORMING_STARTED:122400"",""BAL:ABB:2026-08-03:004:NEUTRAL:122400:BALANCE_LOCKED:124500"",""BAL:ABB:2026-08-03:004:NEUTRAL:122400:BALANCE_PROBABLE:123600"",""BAL:ABB:2026-08-03:005:NEUTRAL:132100:BALANCE_COMPLETED:135400"",""BAL:ABB:2026-08-03:005:NEUTRAL:132100:BALANCE_ESCAPE_ACCEPTED:135100"",""BAL:ABB:2026-08-03:005:NEUTRAL:132100:BALANCE_ESCAPE_STARTED:134800"",""BAL:ABB:2026-08-03:005:NEUTRAL:132100:BALANCE_FORMING_STARTED:132100"",""BAL:ABB:2026-08-03:005:NEUTRAL:132100:BALANCE_LOCKED:134200"",""BAL:ABB:2026-08-03:005:NEUTRAL:132100:BALANCE_PROBABLE:133300""],""episode_id"":null,""escape_attempt_count"":0,""escape_direction"":""UNKNOWN"",""failed_escape_count"":0,""forming_bars_observed"":0,""forming_invalid_bars"":0,""frozen_high"":null,""frozen_low"":null,""last_escape_direction"":""UNKNOWN"",""last_escape_failed_at"":null,""last_escape_started_at"":null,""last_reason_codes"":[""NO_QUALIFIED_ACCEPTED_RANGE""],""marginal_excursion_bars"":0,""meaningful_escape_bars"":0,""outside_close_count"":0,""range_id"":null,""rearm_bars_elapsed"":0,""rearm_inside_close_count"":0,""rearm_required"":false,""reentry_close_count"":0,""sequence"":5,""source_range_ids"":[],""started_at"":null,""state"":""NONE"",""state_age_bars"":0,""state_started_at"":null,""up_escape_attempt_count"":0},""directional"":{""continuation_failure_progress_bars"":0,""continuation_failure_seen"":false,""continuation_failure_seen_at"":null,""direction"":""UP"",""emitted_event_ids"":[""DIR:ABB:2026-08-03:001:DOWN:101500:DIRECTIONAL_COMPLETED:105100"",""DIR:ABB:2026-08-03:001:DOWN:101500:DIRECTIONAL_STARTED:101500"",""DIR:ABB:2026-08-03:002:UP:110000:DIRECTIONAL_COMPLETED:113900"",""DIR:ABB:2026-08-03:002:UP:110000:DIRECTIONAL_MATURED:110300"",""DIR:ABB:2026-08-03:002:UP:110000:DIRECTIONAL_REVERSAL_CONFIRMED:113900"",""DIR:ABB:2026-08-03:002:UP:110000:DIRECTIONAL_STARTED:110000"",""DIR:ABB:2026-08-03:002:UP:110000:REVERSAL_WATCH_STARTED:110600"",""DIR:ABB:2026-08-03:003:DOWN:113900:DIRECTIONAL_COMPLETED:115400"",""DIR:ABB:2026-08-03:003:DOWN:113900:DIRECTIONAL_REVERSAL_LEG_FAILED:115400"",""DIR:ABB:2026-08-03:003:DOWN:113900:DIRECTIONAL_REVERSAL_LEG_STARTED:113900"",""DIR:ABB:2026-08-03:004:UP:120000:DIRECTIONAL_COMPLETED:124500"",""DIR:ABB:2026-08-03:004:UP:120000:DIRECTIONAL_CONTINUATION_CONFIRMED:123300"",""DIR:ABB:2026-08-03:004:UP:120000:DIRECTIONAL_MATURED:120300"",""DIR:ABB:2026-08-03:004:UP:120000:DIRECTIONAL_MATURED:123900"",""DIR:ABB:2026-08-03:004:UP:120000:DIRECTIONAL_REVERSAL_CONFIRMED:124500"",""DIR:ABB:2026-08-03:004:UP:120000:DIRECTIONAL_STARTED:120000"",""DIR:ABB:2026-08-03:004:UP:120000:DIRECTIONAL_TREND_RESTORED:122100"",""DIR:ABB:2026-08-03:004:UP:120000:REVERSAL_WATCH_STARTED:120600"",""DIR:ABB:2026-08-03:004:UP:120000:REVERSAL_WATCH_STARTED:124200"",""DIR:ABB:2026-08-03:005:DOWN:124500:DIRECTIONAL_COMPLETED:133300"",""DIR:ABB:2026-08-03:005:DOWN:124500:DIRECTIONAL_MATURED:125700"",""DIR:ABB:2026-08-03:005:DOWN:124500:DIRECTIONAL_MATURED:131800"",""DIR:ABB:2026-08-03:005:DOWN:124500:DIRECTIONAL_REVERSAL_CONFIRMED:133300"",""DIR:ABB:2026-08-03:005:DOWN:124500:DIRECTIONAL_REVERSAL_LEG_ESTABLISHED:125100"",""DIR:ABB:2026-08-03:005:DOWN:124500:DIRECTIONAL_REVERSAL_LEG_STARTED:124500"",""DIR:ABB:2026-08-03:005:DOWN:124500:DIRECTIONAL_TREND_RESTORED:131500"",""DIR:ABB:2026-08-03:005:DOWN:124500:REVERSAL_WATCH_STARTED:130000"",""DIR:ABB:2026-08-03:005:DOWN:124500:REVERSAL_WATCH_STARTED:132100"",""DIR:ABB:2026-08-03:006:UP:133300:DIRECTIONAL_REVERSAL_LEG_ESTABLISHED:135100"",""DIR:ABB:2026-08-03:006:UP:133300:DIRECTIONAL_REVERSAL_LEG_STARTED:133300""],""episode_id"":""DIR:ABB:2026-08-03:006:UP:133300"",""extreme_price"":7570.5,""extreme_time"":""2026-08-03T14:03:00+05:30"",""first_adverse_bar_close"":null,""first_adverse_bar_level"":null,""first_adverse_bar_time"":null,""inactive_bars"":0,""last_close"":7562.0,""last_observation_state"":""TREND_FAILURE"",""last_observation_state_time"":""2026-08-03T14:06:00+05:30"",""last_reason_codes"":[""DIRECTIONAL_EPISODE_RETAINED""],""opposite_control_bars"":0,""origin_event_id"":""DIR:ABB:2026-08-03:005:DOWN:124500:DIRECTIONAL_REVERSAL_CONFIRMED:133300"",""origin_price"":7518.5,""origin_source"":""REVERSAL_EVENT_HANDOFF"",""parent_episode_id"":""DIR:ABB:2026-08-03:005:DOWN:124500"",""protection_level"":null,""protection_source"":"""",""protection_time"":null,""rejection_seen"":false,""rejection_seen_at"":null,""reversal_confirmation_breach_closes"":0,""reversal_confirmation_level"":7513.0,""reversal_confirmation_level_time"":""2026-08-03T13:24:00+05:30"",""reversal_confirmation_source"":""OBSERVATION_REJECTION_OR_FAILED_EXTREME:BAR_HIGH"",""reversal_leg_failure_closes"":0,""reversal_leg_progress_atr"":1.449412225839378,""reversal_leg_progress_bars"":2,""reversal_watch_age_bars"":0,""sequence"":6,""start_candidate_bars"":0,""start_candidate_side"":""UNKNOWN"",""started_at"":""2026-08-03T13:33:00+05:30"",""state"":""DIRECTIONAL"",""state_age_bars"":6,""state_started_at"":""2026-08-03T13:51:00+05:30"",""trend_restore_bars"":0},""evidence_history"":[{""atr"":17.059406388906037,""bar"":{""body_fraction"":1.0,""close"":7518.5,""close_position"":1.0,""direction"":""UP"",""high"":7518.5,""low"":7500.0,""lower_wick_fraction"":0.0,""move_atr"":1.0844457056859145,""move_points"":18.5,""open"":7500.0,""snapshot_time"":""2026-08-03T13:33:00+05:30"",""upper_wick_fraction"":0.0,""volume"":4046.0},""close"":7518.5,""trend"":{""ema_ref"":7419.251137510811,""ema_slow"":7459.588345096695,""hma_order"":""SELL"",""hma_spread_atr"":5.96660505957583}},{""atr"":16.483734503984177,""bar"":{""body_fraction"":0.6666666666666666,""close"":7512.0,""close_position"":0.0,""direction"":""DOWN"",""high"":7521.0,""low"":7512.0,""lower_wick_fraction"":0.0,""move_atr"":-0.36399518559036353,""move_points"":-6.0,""open"":7518.0,""snapshot_time"":""2026-08-03T13:36:00+05:30"",""upper_wick_fraction"":0.3333333333333333,""volume"":2656.0},""close"":7512.0,""trend"":{""ema_ref"":7420.174011764434,""ema_slow"":7460.626199649236,""hma_order"":""SELL"",""hma_spread_atr"":6.085804503715556}},{""atr"":16.092039182271023,""bar"":{""body_fraction"":0.7272727272727273,""close"":7520.0,""close_position"":0.7272727272727273,""direction"":""UP"",""high"":7523.0,""low"":7512.0,""lower_wick_fraction"":0.0,""move_atr"":0.4971402262563335,""move_points"":8.0,""open"":7512.0,""snapshot_time"":""2026-08-03T13:39:00+05:30"",""upper_wick_fraction"":0.2727272727272727,""volume"":3111.0},""close"":7520.0,""trend"":{""ema_ref"":7421.167305179713,""ema_slow"":7461.8019184680625,""hma_order"":""SELL"",""hma_spread_atr"":6.136861401517315}},{""atr"":17.049750669251665,""bar"":{""body_fraction"":0.06779661016949153,""close"":7524.0,""close_position"":0.7288135593220338,""direction"":""UP"",""high"":7532.0,""low"":7502.5,""lower_wick_fraction"":0.6610169491525424,""move_atr"":0.11730376817808225,""move_points"":2.0,""open"":7522.0,""snapshot_time"":""2026-08-03T13:42:00+05:30"",""upper_wick_fraction"":0.2711864406779661,""volume"":6714.0},""close"":7524.0,""trend"":{""ema_ref"":7422.190516073448,""ema_slow"":7463.033563646913,""hma_order"":""SELL"",""hma_spread_atr"":5.695452081036592}},{""atr"":16.760482764305117,""bar"":{""body_fraction"":0.9565217391304348,""close"":7511.5,""close_position"":0.043478260869565216,""direction"":""DOWN"",""high"":7522.5,""low"":7511.0,""lower_wick_fraction"":0.043478260869565216,""move_atr"":-0.6563056777473472,""move_points"":-11.0,""open"":7522.5,""snapshot_time"":""2026-08-03T13:45:00+05:30"",""upper_wick_fraction"":0.0,""volume"":2363.0},""close"":7511.5,""trend"":{""ema_ref"":7423.079167654807,""ema_slow"":7463.993295059845,""hma_order"":""SELL"",""hma_spread_atr"":5.684656087223569}},{""atr"":18.420448281140462,""bar"":{""body_fraction"":0.7125,""close"":7540.0,""close_position"":0.8375,""direction"":""UP"",""high"":7546.5,""low"":7506.5,""lower_wick_fraction"":0.125,""move_atr"":1.547193616844784,""move_points"":28.5,""open"":7511.5,""snapshot_time"":""2026-08-03T13:48:00+05:30"",""upper_wick_fraction"":0.1625,""volume"":9361.0},""close"":7540.0,""trend"":{""ema_ref"":7424.242559021426,""ema_slow"":7465.498378325987,""hma_order"":""SELL"",""hma_spread_atr"":5.072903938088871}},{""atr"":18.283273403916144,""bar"":{""body_fraction"":0.30303030303030304,""close"":7545.0,""close_position"":1.0,""direction"":""UP"",""high"":7545.0,""low"":7528.5,""lower_wick_fraction"":0.696969696969697,""move_atr"":0.27347400487535434,""move_points"":5.0,""open"":7540.0,""snapshot_time"":""2026-08-03T13:51:00+05:30"",""upper_wick_fraction"":0.0,""volume"":3032.0},""close"":7545.0,""trend"":{""ema_ref"":7425.444125598327,""ema_slow"":7467.072667864086,""hma_order"":""BUY"",""hma_spread_atr"":5.0117307225871865}},{""atr"":17.548753875064993,""bar"":{""body_fraction"":0.625,""close"":7540.0,""close_position"":0.375,""direction"":""DOWN"",""high"":7545.0,""low"":7537.0,""lower_wick_fraction"":0.375,""move_atr"":-0.28492051547343744,""move_points"":-5.0,""open"":7545.0,""snapshot_time"":""2026-08-03T13:54:00+05:30"",""upper_wick_fraction"":0.0,""volume"":2998.0},""close"":7540.0,""trend"":{""ema_ref"":7426.583985045111,""ema_slow"":7468.516773450935,""hma_order"":""BUY"",""hma_spread_atr"":5.116643964407775}},{""atr"":17.50955716970321,""bar"":{""body_fraction"":0.6176470588235294,""close"":7550.5,""close_position"":0.7352941176470589,""direction"":""UP"",""high"":7555.0,""low"":7538.0,""lower_wick_fraction"":0.1176470588235294,""move_atr"":0.5996725044633425,""move_points"":10.5,""open"":7540.0,""snapshot_time"":""2026-08-03T13:57:00+05:30"",""upper_wick_fraction"":0.2647058823529412,""volume"":8140.0},""close"":7550.5,""trend"":{""ema_ref"":7427.816980218791,""ema_slow"":7470.14020367963,""hma_order"":""BUY"",""hma_spread_atr"":5.02435371070645}},{""atr"":17.937445943295838,""bar"":{""body_fraction"":0.0425531914893617,""close"":7551.0,""close_position"":0.6595744680851063,""direction"":""UP"",""high"":7559.0,""low"":7535.5,""lower_wick_fraction"":0.6170212765957447,""move_atr"":0.05574929692673177,""move_points"":1.0,""open"":7550.0,""snapshot_time"":""2026-08-03T14:00:00+05:30"",""upper_wick_fraction"":0.3404255319148936,""volume"":12400.0},""close"":7551.0,""trend"":{""ema_ref"":7429.042681908157,""ema_slow"":7471.741387765182,""hma_order"":""BUY"",""hma_spread_atr"":4.803388277328059}},{""atr"":18.120485518774707,""bar"":{""body_fraction"":0.8048780487804879,""close"":7567.5,""close_position"":0.8536585365853658,""direction"":""UP"",""high"":7570.5,""low"":7550.0,""lower_wick_fraction"":0.04878048780487805,""move_atr"":0.9105716280562286,""move_points"":16.5,""open"":7551.0,""snapshot_time"":""2026-08-03T14:03:00+05:30"",""upper_wick_fraction"":0.14634146341463414,""volume"":8060.0},""close"":7567.5,""trend"":{""ema_ref"":7430.42036666529,""ema_slow"":7473.637597908445,""hma_order"":""BUY"",""hma_spread_atr"":4.658388266263794}},{""atr"":17.683307981719373,""bar"":{""body_fraction"":0.4583333333333333,""close"":7562.0,""close_position"":0.3333333333333333,""direction"":""DOWN"",""high"":7570.0,""low"":7558.0,""lower_wick_fraction"":0.3333333333333333,""move_atr"":-0.3110277786082662,""move_points"":-5.5,""open"":7567.5,""snapshot_time"":""2026-08-03T14:06:00+05:30"",""upper_wick_fraction"":0.20833333333333337,""volume"":3189.0},""close"":7562.0,""trend"":{""ema_ref"":7431.729616748223,""ema_slow"":7475.387348444911,""hma_order"":""BUY"",""hma_spread_atr"":4.6747711436424595}}],""last_observation_hash"":""9a7eca15341669646b7b2d8c810142a7d50de89137c1947842452d8ade83dcd2"",""last_snapshot_time"":""2026-08-03T14:06:00+05:30"",""observation"":{""compression_box_high"":null,""compression_box_low"":null,""compression_candidate_bars"":0,""current_state"":""TREND_FAILURE"",""established_side"":""DOWN"",""exhaustion_active"":true,""exhaustion_age_bars"":3,""exhaustion_clear_bars"":0,""exhaustion_last_seen_at"":""2026-08-03T14:06:00+05:30"",""exhaustion_side"":""DOWN"",""exhaustion_started_at"":""2026-08-03T14:00:00+05:30"",""failure_breach_bars"":4,""last_close"":7562.0,""last_reason_codes"":[""TREND_FAILURE_OBSERVATION_REMAINS_UNRESOLVED"",""OBSERVATION_PROPOSAL_MATCHED_CURRENT"",""OBSERVATION_STATE_TREND_FAILURE""],""last_snapshot_time"":""2026-08-03T14:06:00+05:30"",""leg_age_bars"":24,""leg_anchor_price"":7543.5,""leg_anchor_time"":""2026-08-03T12:57:00+05:30"",""leg_extreme_price"":7492.5,""leg_maturity_consumed"":true,""leg_maturity_extreme_price"":7492.5,""leg_maturity_onset_time"":""2026-08-03T13:30:00+05:30"",""leg_no_progress_bars"":17,""observation_count"":98,""pending_bars"":0,""pending_state"":null,""protection_level"":7543.5,""protection_source"":""INITIAL_DIRECTIONAL_ANCHOR"",""protection_time"":""2026-08-03T12:57:00+05:30"",""pullback_age_bars"":0,""pullback_candidate_bars"":0,""pullback_extreme_price"":null,""reacceleration_age_bars"":2,""recompression_age_bars"":0,""reversal_confirmation_bars"":0,""reversal_side"":""DOWN"",""state_age_bars"":3,""trading_day"":""2026-08-03"",""trend_anchor_price"":7543.5,""trend_candidate_bars"":4,""trend_candidate_side"":""UP"",""trend_extreme_price"":7492.5,""trend_failure_age_bars"":3,""trend_onset_time"":""2026-08-03T12:57:00+05:30""},""symbol"":""ABB"",""trading_day"":""2026-08-03""}"
restoration-v3-current-day,development,restoration-trend-control-v3,backtest-default,OK,,,,ABB,2026-08-03,2026-08-03T14:09:00+05:30,2026-08-03T14:06:00+05:30,SNAPSHOT_AUCTION_AUTHORITY_V3A,3m,True,True,7560.0,2026-08-03T14:09:00,7562.0,7569.0,7557.5,7560.0,2494.0,17.241643125882277,TRENDING_UP,BUY,candidate_has_directional_efficiency_or_displacement,RANGE_ACCEPTED,DYNAMIC:2026-08-03T13:00:00+05:30:2026-08-03T13:18:00+05:30,7492.5,7526.0,17,ok,TURNING_DOWN,-0.21749667201791753,0.13774789227801443,OK,INCREMENTAL_PREVIOUS_SNAPSHOT,AUTOTRADES_AUCTION_ENGINE,1.1.0,,,TREND_FAILURE,DOWN,UP,False,True,True,DOWN,True,False,True,7543.5,INITIAL_DIRECTIONAL_ANCHOR,2026-08-03T12:57:00+05:30,DYNAMIC:2026-08-03T13:00:00+05:30:2026-08-03T13:18:00+05:30,7492.5,7526.0,False,2.014925373134328,0.4444444444444444,PRICE_ACTION,0.8541092258748675,TREND_FAILURE_OBSERVATION_REMAINS_UNRESOLVED|OBSERVATION_PROPOSAL_MATCHED_CURRENT|OBSERVATION_STATE_TREND_FAILURE|OBJECTIVE_REJECTION_OBSERVED|OBJECTIVE_STRUCTURAL_FAILURE_OBSERVED|OBJECTIVE_ACCEPTED_RANGE_GEOMETRY_PRESENT|OBJECTIVE_TREND_PROTECTION_GEOMETRY_PRESENT,DIR:ABB:2026-08-03:006:UP:133300,DIRECTIONAL,DIRECTIONAL,UP,REVERSAL_EVENT_HANDOFF,DIR:ABB:2026-08-03:005:DOWN:124500,DIR:ABB:2026-08-03:005:DOWN:124500:DIRECTIONAL_REVERSAL_CONFIRMED:133300,2026-08-03T13:33:00+05:30,2026-08-03T13:51:00+05:30,7,7518.5,7570.5,2026-08-03T14:03:00+05:30,,,7513.0,OBSERVATION_REJECTION_OR_FAILED_EXTREME:BAR_HIGH,2026-08-03T13:24:00+05:30,2,1.449412225839378,0,False,DIRECTIONAL_EPISODE_RETAINED,6,UNKNOWN,0,0,0,0,0,TREND_FAILURE,2026-08-03T14:09:00+05:30,DIRECTIONAL_EPISODE_RETAINED,,NONE,NONE,0,,,,,,UNKNOWN,0,0,0,0,False,False,NO_QUALIFIED_ACCEPTED_RANGE,0,,,,,,0,,,,,MATCH,MATCH,CONFLICT,MATCH,False,0,False,False,False,True,EPISODE_SLOPE_CONFLICT,TRANSITIONAL_CONFLICT,[],[],"{""accepted_range_breakout_eligible"":true,""accepted_range_established_at"":""2026-08-03T13:18:00+05:30"",""accepted_range_high"":7526.0,""accepted_range_id"":""DYNAMIC:2026-08-03T13:00:00+05:30:2026-08-03T13:18:00+05:30"",""accepted_range_inside"":false,""accepted_range_low"":7492.5,""accepted_range_outside_atr"":1.9719698262957857,""accepted_range_position"":2.014925373134328,""accepted_range_provisional"":false,""atr"":17.241643125882277,""close"":7560.0,""current_leg_mature"":false,""directional_bias"":""DOWN"",""directional_efficiency"":0.4444444444444444,""directional_efficiency_source"":""PRICE_ACTION"",""exhausted_side"":""DOWN"",""exhaustion_active"":true,""extension_mature"":true,""failed_extreme_observed"":false,""high"":7569.0,""low"":7557.5,""observation_state"":""TREND_FAILURE"",""overlap_ratio"":0.8541092258748675,""range_width_atr"":1.94297027002673,""rejection_observed"":true,""snapshot_time"":""2026-08-03T14:09:00+05:30"",""source_reason_codes"":[""TREND_FAILURE_OBSERVATION_REMAINS_UNRESOLVED"",""OBSERVATION_PROPOSAL_MATCHED_CURRENT"",""OBSERVATION_STATE_TREND_FAILURE"",""OBJECTIVE_REJECTION_OBSERVED"",""OBJECTIVE_STRUCTURAL_FAILURE_OBSERVED"",""OBJECTIVE_ACCEPTED_RANGE_GEOMETRY_PRESENT"",""OBJECTIVE_TREND_PROTECTION_GEOMETRY_PRESENT""],""structural_failure_confirmed"":true,""symbol"":""ABB"",""trading_day"":""2026-08-03"",""trend_direction"":""UP"",""trend_protection_level"":7543.5,""trend_protection_source"":""INITIAL_DIRECTIONAL_ANCHOR"",""trend_protection_time"":""2026-08-03T12:57:00+05:30""}","{""continuation_failure_seen"":false,""continuation_failure_time"":null,""current_state"":""DIRECTIONAL"",""direction"":""UP"",""episode_id"":""DIR:ABB:2026-08-03:006:UP:133300"",""extreme_price"":7570.5,""extreme_time"":""2026-08-03T14:03:00+05:30"",""first_adverse_bar_close"":null,""first_adverse_bar_level"":null,""first_adverse_bar_time"":null,""origin_event_id"":""DIR:ABB:2026-08-03:005:DOWN:124500:DIRECTIONAL_REVERSAL_CONFIRMED:133300"",""origin_price"":7518.5,""origin_source"":""REVERSAL_EVENT_HANDOFF"",""parent_episode_id"":""DIR:ABB:2026-08-03:005:DOWN:124500"",""previous_state"":""DIRECTIONAL"",""protection_level"":null,""protection_source"":"""",""reason_codes"":[""DIRECTIONAL_EPISODE_RETAINED""],""rejection_seen"":false,""reversal_confirmation_breach_closes"":0,""reversal_confirmation_level"":7513.0,""reversal_confirmation_level_time"":""2026-08-03T13:24:00+05:30"",""reversal_confirmation_source"":""OBSERVATION_REJECTION_OR_FAILED_EXTREME:BAR_HIGH"",""reversal_leg_failure_closes"":0,""reversal_leg_progress_atr"":1.449412225839378,""reversal_leg_progress_bars"":2,""started_at"":""2026-08-03T13:33:00+05:30"",""state_age_bars"":7,""state_started_at"":""2026-08-03T13:51:00+05:30""}","{""attempt_limit_reached"":false,""candidate_bar_expansion_count"":0,""candidate_high"":null,""candidate_last_valid_at"":null,""candidate_low"":null,""candidate_merge_count"":0,""containment_bars"":0,""containment_ratio"":0.0,""current_state"":""NONE"",""down_escape_attempt_count"":0,""episode_id"":null,""escape_attempt_count"":0,""escape_direction"":""UNKNOWN"",""failed_escape_count"":0,""forming_bars_observed"":0,""forming_invalid_bars"":0,""frozen_high"":null,""frozen_low"":null,""last_escape_direction"":""UNKNOWN"",""last_escape_failed_at"":null,""last_escape_started_at"":null,""marginal_excursion_bars"":0,""meaningful_escape_bars"":0,""outside_close_count"":0,""previous_state"":""NONE"",""range_id"":null,""rearm_bars_elapsed"":0,""rearm_inside_close_count"":0,""rearm_required"":false,""reason_codes"":[""NO_QUALIFIED_ACCEPTED_RANGE""],""reentry_close_count"":0,""source_range_ids"":[],""started_at"":null,""state_age_bars"":0,""state_started_at"":null,""up_escape_attempt_count"":0}","{""balance_attempt_limit_reached"":false,""balance_candidate_bar_expansion_count"":0,""balance_candidate_merge_count"":0,""balance_containment_ratio"":0.0,""balance_down_escape_attempt_count"":0,""balance_escape_attempt_count"":0,""balance_failed_escape_count"":0,""balance_forming_bars_observed"":0,""balance_forming_invalid_bars"":0,""balance_last_escape_direction"":""UNKNOWN"",""balance_last_escape_failed_at"":null,""balance_last_escape_started_at"":null,""balance_marginal_excursion_bars"":0,""balance_meaningful_escape_bars"":0,""balance_rearm_bars_elapsed"":0,""balance_rearm_inside_close_count"":0,""balance_rearm_required"":false,""balance_up_escape_attempt_count"":0,""directional_origin_event_id"":""DIR:ABB:2026-08-03:005:DOWN:124500:DIRECTIONAL_REVERSAL_CONFIRMED:133300"",""directional_origin_source"":""REVERSAL_EVENT_HANDOFF"",""directional_parent_episode_id"":""DIR:ABB:2026-08-03:005:DOWN:124500"",""directional_reversal_watch_age_bars"":0,""directional_start_candidate_bars"":0,""directional_start_candidate_side"":""UNKNOWN"",""observation_accepted_range_id"":""DYNAMIC:2026-08-03T13:00:00+05:30:2026-08-03T13:18:00+05:30"",""observation_current_leg_mature"":false,""observation_directional_bias"":""DOWN"",""observation_exhaustion_active"":true,""observation_state"":""TREND_FAILURE""}","{""balance"":{""attempt_limit_reached"":false,""candidate_bar_expansion_count"":0,""candidate_high"":null,""candidate_last_valid_at"":null,""candidate_low"":null,""candidate_merge_count"":0,""containment_bars"":0,""down_escape_attempt_count"":0,""emitted_event_ids"":[""BAL:ABB:2026-08-03:001:NEUTRAL:100600:BALANCE_COMPLETED:105400"",""BAL:ABB:2026-08-03:001:NEUTRAL:100600:BALANCE_ESCAPE_ACCEPTED:105100"",""BAL:ABB:2026-08-03:001:NEUTRAL:100600:BALANCE_ESCAPE_STARTED:104800"",""BAL:ABB:2026-08-03:001:NEUTRAL:100600:BALANCE_FORMING_STARTED:100600"",""BAL:ABB:2026-08-03:001:NEUTRAL:100600:BALANCE_LOCKED:102700"",""BAL:ABB:2026-08-03:001:NEUTRAL:100600:BALANCE_PROBABLE:101800"",""BAL:ABB:2026-08-03:002:NEUTRAL:112100:BALANCE_COMPLETED:113000"",""BAL:ABB:2026-08-03:002:NEUTRAL:112100:BALANCE_FORMING_STARTED:112100"",""BAL:ABB:2026-08-03:003:NEUTRAL:114800:BALANCE_COMPLETED:115400"",""BAL:ABB:2026-08-03:003:NEUTRAL:114800:BALANCE_FORMING_STARTED:114800"",""BAL:ABB:2026-08-03:004:NEUTRAL:122400:BALANCE_COMPLETED:125400"",""BAL:ABB:2026-08-03:004:NEUTRAL:122400:BALANCE_ESCAPE_ACCEPTED:125100"",""BAL:ABB:2026-08-03:004:NEUTRAL:122400:BALANCE_ESCAPE_STARTED:124800"",""BAL:ABB:2026-08-03:004:NEUTRAL:122400:BALANCE_FORMING_STARTED:122400"",""BAL:ABB:2026-08-03:004:NEUTRAL:122400:BALANCE_LOCKED:124500"",""BAL:ABB:2026-08-03:004:NEUTRAL:122400:BALANCE_PROBABLE:123600"",""BAL:ABB:2026-08-03:005:NEUTRAL:132100:BALANCE_COMPLETED:135400"",""BAL:ABB:2026-08-03:005:NEUTRAL:132100:BALANCE_ESCAPE_ACCEPTED:135100"",""BAL:ABB:2026-08-03:005:NEUTRAL:132100:BALANCE_ESCAPE_STARTED:134800"",""BAL:ABB:2026-08-03:005:NEUTRAL:132100:BALANCE_FORMING_STARTED:132100"",""BAL:ABB:2026-08-03:005:NEUTRAL:132100:BALANCE_LOCKED:134200"",""BAL:ABB:2026-08-03:005:NEUTRAL:132100:BALANCE_PROBABLE:133300""],""episode_id"":null,""escape_attempt_count"":0,""escape_direction"":""UNKNOWN"",""failed_escape_count"":0,""forming_bars_observed"":0,""forming_invalid_bars"":0,""frozen_high"":null,""frozen_low"":null,""last_escape_direction"":""UNKNOWN"",""last_escape_failed_at"":null,""last_escape_started_at"":null,""last_reason_codes"":[""NO_QUALIFIED_ACCEPTED_RANGE""],""marginal_excursion_bars"":0,""meaningful_escape_bars"":0,""outside_close_count"":0,""range_id"":null,""rearm_bars_elapsed"":0,""rearm_inside_close_count"":0,""rearm_required"":false,""reentry_close_count"":0,""sequence"":5,""source_range_ids"":[],""started_at"":null,""state"":""NONE"",""state_age_bars"":0,""state_started_at"":null,""up_escape_attempt_count"":0},""directional"":{""continuation_failure_progress_bars"":0,""continuation_failure_seen"":false,""continuation_failure_seen_at"":null,""direction"":""UP"",""emitted_event_ids"":[""DIR:ABB:2026-08-03:001:DOWN:101500:DIRECTIONAL_COMPLETED:105100"",""DIR:ABB:2026-08-03:001:DOWN:101500:DIRECTIONAL_STARTED:101500"",""DIR:ABB:2026-08-03:002:UP:110000:DIRECTIONAL_COMPLETED:113900"",""DIR:ABB:2026-08-03:002:UP:110000:DIRECTIONAL_MATURED:110300"",""DIR:ABB:2026-08-03:002:UP:110000:DIRECTIONAL_REVERSAL_CONFIRMED:113900"",""DIR:ABB:2026-08-03:002:UP:110000:DIRECTIONAL_STARTED:110000"",""DIR:ABB:2026-08-03:002:UP:110000:REVERSAL_WATCH_STARTED:110600"",""DIR:ABB:2026-08-03:003:DOWN:113900:DIRECTIONAL_COMPLETED:115400"",""DIR:ABB:2026-08-03:003:DOWN:113900:DIRECTIONAL_REVERSAL_LEG_FAILED:115400"",""DIR:ABB:2026-08-03:003:DOWN:113900:DIRECTIONAL_REVERSAL_LEG_STARTED:113900"",""DIR:ABB:2026-08-03:004:UP:120000:DIRECTIONAL_COMPLETED:124500"",""DIR:ABB:2026-08-03:004:UP:120000:DIRECTIONAL_CONTINUATION_CONFIRMED:123300"",""DIR:ABB:2026-08-03:004:UP:120000:DIRECTIONAL_MATURED:120300"",""DIR:ABB:2026-08-03:004:UP:120000:DIRECTIONAL_MATURED:123900"",""DIR:ABB:2026-08-03:004:UP:120000:DIRECTIONAL_REVERSAL_CONFIRMED:124500"",""DIR:ABB:2026-08-03:004:UP:120000:DIRECTIONAL_STARTED:120000"",""DIR:ABB:2026-08-03:004:UP:120000:DIRECTIONAL_TREND_RESTORED:122100"",""DIR:ABB:2026-08-03:004:UP:120000:REVERSAL_WATCH_STARTED:120600"",""DIR:ABB:2026-08-03:004:UP:120000:REVERSAL_WATCH_STARTED:124200"",""DIR:ABB:2026-08-03:005:DOWN:124500:DIRECTIONAL_COMPLETED:133300"",""DIR:ABB:2026-08-03:005:DOWN:124500:DIRECTIONAL_MATURED:125700"",""DIR:ABB:2026-08-03:005:DOWN:124500:DIRECTIONAL_MATURED:131800"",""DIR:ABB:2026-08-03:005:DOWN:124500:DIRECTIONAL_REVERSAL_CONFIRMED:133300"",""DIR:ABB:2026-08-03:005:DOWN:124500:DIRECTIONAL_REVERSAL_LEG_ESTABLISHED:125100"",""DIR:ABB:2026-08-03:005:DOWN:124500:DIRECTIONAL_REVERSAL_LEG_STARTED:124500"",""DIR:ABB:2026-08-03:005:DOWN:124500:DIRECTIONAL_TREND_RESTORED:131500"",""DIR:ABB:2026-08-03:005:DOWN:124500:REVERSAL_WATCH_STARTED:130000"",""DIR:ABB:2026-08-03:005:DOWN:124500:REVERSAL_WATCH_STARTED:132100"",""DIR:ABB:2026-08-03:006:UP:133300:DIRECTIONAL_REVERSAL_LEG_ESTABLISHED:135100"",""DIR:ABB:2026-08-03:006:UP:133300:DIRECTIONAL_REVERSAL_LEG_STARTED:133300""],""episode_id"":""DIR:ABB:2026-08-03:006:UP:133300"",""extreme_price"":7570.5,""extreme_time"":""2026-08-03T14:03:00+05:30"",""first_adverse_bar_close"":null,""first_adverse_bar_level"":null,""first_adverse_bar_time"":null,""inactive_bars"":0,""last_close"":7560.0,""last_observation_state"":""TREND_FAILURE"",""last_observation_state_time"":""2026-08-03T14:09:00+05:30"",""last_reason_codes"":[""DIRECTIONAL_EPISODE_RETAINED""],""opposite_control_bars"":0,""origin_event_id"":""DIR:ABB:2026-08-03:005:DOWN:124500:DIRECTIONAL_REVERSAL_CONFIRMED:133300"",""origin_price"":7518.5,""origin_source"":""REVERSAL_EVENT_HANDOFF"",""parent_episode_id"":""DIR:ABB:2026-08-03:005:DOWN:124500"",""protection_level"":null,""protection_source"":"""",""protection_time"":null,""rejection_seen"":false,""rejection_seen_at"":null,""reversal_confirmation_breach_closes"":0,""reversal_confirmation_level"":7513.0,""reversal_confirmation_level_time"":""2026-08-03T13:24:00+05:30"",""reversal_confirmation_source"":""OBSERVATION_REJECTION_OR_FAILED_EXTREME:BAR_HIGH"",""reversal_leg_failure_closes"":0,""reversal_leg_progress_atr"":1.449412225839378,""reversal_leg_progress_bars"":2,""reversal_watch_age_bars"":0,""sequence"":6,""start_candidate_bars"":0,""start_candidate_side"":""UNKNOWN"",""started_at"":""2026-08-03T13:33:00+05:30"",""state"":""DIRECTIONAL"",""state_age_bars"":7,""state_started_at"":""2026-08-03T13:51:00+05:30"",""trend_restore_bars"":0},""evidence_history"":[{""atr"":16.483734503984177,""bar"":{""body_fraction"":0.6666666666666666,""close"":7512.0,""close_position"":0.0,""direction"":""DOWN"",""high"":7521.0,""low"":7512.0,""lower_wick_fraction"":0.0,""move_atr"":-0.36399518559036353,""move_points"":-6.0,""open"":7518.0,""snapshot_time"":""2026-08-03T13:36:00+05:30"",""upper_wick_fraction"":0.3333333333333333,""volume"":2656.0},""close"":7512.0,""trend"":{""ema_ref"":7420.174011764434,""ema_slow"":7460.626199649236,""hma_order"":""SELL"",""hma_spread_atr"":6.085804503715556}},{""atr"":16.092039182271023,""bar"":{""body_fraction"":0.7272727272727273,""close"":7520.0,""close_position"":0.7272727272727273,""direction"":""UP"",""high"":7523.0,""low"":7512.0,""lower_wick_fraction"":0.0,""move_atr"":0.4971402262563335,""move_points"":8.0,""open"":7512.0,""snapshot_time"":""2026-08-03T13:39:00+05:30"",""upper_wick_fraction"":0.2727272727272727,""volume"":3111.0},""close"":7520.0,""trend"":{""ema_ref"":7421.167305179713,""ema_slow"":7461.8019184680625,""hma_order"":""SELL"",""hma_spread_atr"":6.136861401517315}},{""atr"":17.049750669251665,""bar"":{""body_fraction"":0.06779661016949153,""close"":7524.0,""close_position"":0.7288135593220338,""direction"":""UP"",""high"":7532.0,""low"":7502.5,""lower_wick_fraction"":0.6610169491525424,""move_atr"":0.11730376817808225,""move_points"":2.0,""open"":7522.0,""snapshot_time"":""2026-08-03T13:42:00+05:30"",""upper_wick_fraction"":0.2711864406779661,""volume"":6714.0},""close"":7524.0,""trend"":{""ema_ref"":7422.190516073448,""ema_slow"":7463.033563646913,""hma_order"":""SELL"",""hma_spread_atr"":5.695452081036592}},{""atr"":16.760482764305117,""bar"":{""body_fraction"":0.9565217391304348,""close"":7511.5,""close_position"":0.043478260869565216,""direction"":""DOWN"",""high"":7522.5,""low"":7511.0,""lower_wick_fraction"":0.043478260869565216,""move_atr"":-0.6563056777473472,""move_points"":-11.0,""open"":7522.5,""snapshot_time"":""2026-08-03T13:45:00+05:30"",""upper_wick_fraction"":0.0,""volume"":2363.0},""close"":7511.5,""trend"":{""ema_ref"":7423.079167654807,""ema_slow"":7463.993295059845,""hma_order"":""SELL"",""hma_spread_atr"":5.684656087223569}},{""atr"":18.420448281140462,""bar"":{""body_fraction"":0.7125,""close"":7540.0,""close_position"":0.8375,""direction"":""UP"",""high"":7546.5,""low"":7506.5,""lower_wick_fraction"":0.125,""move_atr"":1.547193616844784,""move_points"":28.5,""open"":7511.5,""snapshot_time"":""2026-08-03T13:48:00+05:30"",""upper_wick_fraction"":0.1625,""volume"":9361.0},""close"":7540.0,""trend"":{""ema_ref"":7424.242559021426,""ema_slow"":7465.498378325987,""hma_order"":""SELL"",""hma_spread_atr"":5.072903938088871}},{""atr"":18.283273403916144,""bar"":{""body_fraction"":0.30303030303030304,""close"":7545.0,""close_position"":1.0,""direction"":""UP"",""high"":7545.0,""low"":7528.5,""lower_wick_fraction"":0.696969696969697,""move_atr"":0.27347400487535434,""move_points"":5.0,""open"":7540.0,""snapshot_time"":""2026-08-03T13:51:00+05:30"",""upper_wick_fraction"":0.0,""volume"":3032.0},""close"":7545.0,""trend"":{""ema_ref"":7425.444125598327,""ema_slow"":7467.072667864086,""hma_order"":""BUY"",""hma_spread_atr"":5.0117307225871865}},{""atr"":17.548753875064993,""bar"":{""body_fraction"":0.625,""close"":7540.0,""close_position"":0.375,""direction"":""DOWN"",""high"":7545.0,""low"":7537.0,""lower_wick_fraction"":0.375,""move_atr"":-0.28492051547343744,""move_points"":-5.0,""open"":7545.0,""snapshot_time"":""2026-08-03T13:54:00+05:30"",""upper_wick_fraction"":0.0,""volume"":2998.0},""close"":7540.0,""trend"":{""ema_ref"":7426.583985045111,""ema_slow"":7468.516773450935,""hma_order"":""BUY"",""hma_spread_atr"":5.116643964407775}},{""atr"":17.50955716970321,""bar"":{""body_fraction"":0.6176470588235294,""close"":7550.5,""close_position"":0.7352941176470589,""direction"":""UP"",""high"":7555.0,""low"":7538.0,""lower_wick_fraction"":0.1176470588235294,""move_atr"":0.5996725044633425,""move_points"":10.5,""open"":7540.0,""snapshot_time"":""2026-08-03T13:57:00+05:30"",""upper_wick_fraction"":0.2647058823529412,""volume"":8140.0},""close"":7550.5,""trend"":{""ema_ref"":7427.816980218791,""ema_slow"":7470.14020367963,""hma_order"":""BUY"",""hma_spread_atr"":5.02435371070645}},{""atr"":17.937445943295838,""bar"":{""body_fraction"":0.0425531914893617,""close"":7551.0,""close_position"":0.6595744680851063,""direction"":""UP"",""high"":7559.0,""low"":7535.5,""lower_wick_fraction"":0.6170212765957447,""move_atr"":0.05574929692673177,""move_points"":1.0,""open"":7550.0,""snapshot_time"":""2026-08-03T14:00:00+05:30"",""upper_wick_fraction"":0.3404255319148936,""volume"":12400.0},""close"":7551.0,""trend"":{""ema_ref"":7429.042681908157,""ema_slow"":7471.741387765182,""hma_order"":""BUY"",""hma_spread_atr"":4.803388277328059}},{""atr"":18.120485518774707,""bar"":{""body_fraction"":0.8048780487804879,""close"":7567.5,""close_position"":0.8536585365853658,""direction"":""UP"",""high"":7570.5,""low"":7550.0,""lower_wick_fraction"":0.04878048780487805,""move_atr"":0.9105716280562286,""move_points"":16.5,""open"":7551.0,""snapshot_time"":""2026-08-03T14:03:00+05:30"",""upper_wick_fraction"":0.14634146341463414,""volume"":8060.0},""close"":7567.5,""trend"":{""ema_ref"":7430.42036666529,""ema_slow"":7473.637597908445,""hma_order"":""BUY"",""hma_spread_atr"":4.658388266263794}},{""atr"":17.683307981719373,""bar"":{""body_fraction"":0.4583333333333333,""close"":7562.0,""close_position"":0.3333333333333333,""direction"":""DOWN"",""high"":7570.0,""low"":7558.0,""lower_wick_fraction"":0.3333333333333333,""move_atr"":-0.3110277786082662,""move_points"":-5.5,""open"":7567.5,""snapshot_time"":""2026-08-03T14:06:00+05:30"",""upper_wick_fraction"":0.20833333333333337,""volume"":3189.0},""close"":7562.0,""trend"":{""ema_ref"":7431.729616748223,""ema_slow"":7475.387348444911,""hma_order"":""BUY"",""hma_spread_atr"":4.6747711436424595}},{""atr"":17.241643125882277,""bar"":{""body_fraction"":0.17391304347826086,""close"":7560.0,""close_position"":0.21739130434782608,""direction"":""DOWN"",""high"":7569.0,""low"":7557.5,""lower_wick_fraction"":0.21739130434782608,""move_atr"":-0.11599822507622268,""move_points"":-2.0,""open"":7562.0,""snapshot_time"":""2026-08-03T14:09:00+05:30"",""upper_wick_fraction"":0.6086956521739131,""volume"":2494.0},""close"":7560.0,""trend"":{""ema_ref"":7433.0059389696335,""ema_slow"":7477.062846495507,""hma_order"":""BUY"",""hma_spread_atr"":4.690697510545612}}],""last_observation_hash"":""861e3e11231d78606695e0b2fa2d1ce28d8516fa298d8efdc9b43d9670703439"",""last_snapshot_time"":""2026-08-03T14:09:00+05:30"",""observation"":{""compression_box_high"":null,""compression_box_low"":null,""compression_candidate_bars"":0,""current_state"":""TREND_FAILURE"",""established_side"":""DOWN"",""exhaustion_active"":true,""exhaustion_age_bars"":4,""exhaustion_clear_bars"":0,""exhaustion_last_seen_at"":""2026-08-03T14:09:00+05:30"",""exhaustion_side"":""DOWN"",""exhaustion_started_at"":""2026-08-03T14:00:00+05:30"",""failure_breach_bars"":5,""last_close"":7560.0,""last_reason_codes"":[""TREND_FAILURE_OBSERVATION_REMAINS_UNRESOLVED"",""OBSERVATION_PROPOSAL_MATCHED_CURRENT"",""OBSERVATION_STATE_TREND_FAILURE""],""last_snapshot_time"":""2026-08-03T14:09:00+05:30"",""leg_age_bars"":25,""leg_anchor_price"":7543.5,""leg_anchor_time"":""2026-08-03T12:57:00+05:30"",""leg_extreme_price"":7492.5,""leg_maturity_consumed"":true,""leg_maturity_extreme_price"":7492.5,""leg_maturity_onset_time"":""2026-08-03T13:30:00+05:30"",""leg_no_progress_bars"":18,""observation_count"":99,""pending_bars"":0,""pending_state"":null,""protection_level"":7543.5,""protection_source"":""INITIAL_DIRECTIONAL_ANCHOR"",""protection_time"":""2026-08-03T12:57:00+05:30"",""pullback_age_bars"":0,""pullback_candidate_bars"":0,""pullback_extreme_price"":null,""reacceleration_age_bars"":2,""recompression_age_bars"":0,""reversal_confirmation_bars"":0,""reversal_side"":""DOWN"",""state_age_bars"":4,""trading_day"":""2026-08-03"",""trend_anchor_price"":7543.5,""trend_candidate_bars"":3,""trend_candidate_side"":""UP"",""trend_extreme_price"":7492.5,""trend_failure_age_bars"":4,""trend_onset_time"":""2026-08-03T12:57:00+05:30""},""symbol"":""ABB"",""trading_day"":""2026-08-03""}"
restoration-v3-current-day,development,restoration-trend-control-v3,backtest-default,OK,,,,ABB,2026-08-03,2026-08-03T14:12:00+05:30,2026-08-03T14:09:00+05:30,SNAPSHOT_AUCTION_AUTHORITY_V3A,3m,True,True,7565.5,2026-08-03T14:12:00,7560.0,7568.0,7552.5,7565.5,2705.0,17.117240045462115,TRENDING_UP,BUY,candidate_has_directional_efficiency_or_displacement,RANGE_ACCEPTED,DYNAMIC:2026-08-03T13:00:00+05:30:2026-08-03T13:18:00+05:30,7492.5,7526.0,18,ok,UP_SLOWING,0.10223610788609204,0.21177479490690496,OK,INCREMENTAL_PREVIOUS_SNAPSHOT,AUTOTRADES_AUCTION_ENGINE,1.1.0,,,TREND_FAILURE,DOWN,UP,False,True,True,DOWN,True,False,True,7543.5,INITIAL_DIRECTIONAL_ANCHOR,2026-08-03T12:57:00+05:30,DYNAMIC:2026-08-03T13:00:00+05:30:2026-08-03T13:18:00+05:30,7492.5,7526.0,False,2.1791044776119404,0.45054945054945056,PRICE_ACTION,0.8617179215270413,TREND_FAILURE_OBSERVATION_REMAINS_UNRESOLVED|OBSERVATION_PROPOSAL_MATCHED_CURRENT|OBSERVATION_STATE_TREND_FAILURE|OBJECTIVE_REJECTION_OBSERVED|OBJECTIVE_STRUCTURAL_FAILURE_OBSERVED|OBJECTIVE_ACCEPTED_RANGE_GEOMETRY_PRESENT|OBJECTIVE_TREND_PROTECTION_GEOMETRY_PRESENT,DIR:ABB:2026-08-03:006:UP:133300,DIRECTIONAL,DIRECTIONAL,UP,REVERSAL_EVENT_HANDOFF,DIR:ABB:2026-08-03:005:DOWN:124500,DIR:ABB:2026-08-03:005:DOWN:124500:DIRECTIONAL_REVERSAL_CONFIRMED:133300,2026-08-03T13:33:00+05:30,2026-08-03T13:51:00+05:30,8,7518.5,7570.5,2026-08-03T14:03:00+05:30,,,7513.0,OBSERVATION_REJECTION_OR_FAILED_EXTREME:BAR_HIGH,2026-08-03T13:24:00+05:30,2,1.449412225839378,0,False,DIRECTIONAL_EPISODE_RETAINED,6,UNKNOWN,0,0,0,0,0,TREND_FAILURE,2026-08-03T14:12:00+05:30,DIRECTIONAL_EPISODE_RETAINED,,NONE,NONE,0,,,,,,UNKNOWN,0,0,0,0,False,False,NO_QUALIFIED_ACCEPTED_RANGE,0,,,,,,0,,,,,MATCH,MATCH,MATCH,MATCH,False,0,False,False,False,True,,COHERENT,[],[],"{""accepted_range_breakout_eligible"":true,""accepted_range_established_at"":""2026-08-03T13:18:00+05:30"",""accepted_range_high"":7526.0,""accepted_range_id"":""DYNAMIC:2026-08-03T13:00:00+05:30:2026-08-03T13:18:00+05:30"",""accepted_range_inside"":false,""accepted_range_low"":7492.5,""accepted_range_outside_atr"":2.307615006571792,""accepted_range_position"":2.1791044776119404,""accepted_range_provisional"":false,""atr"":17.117240045462115,""close"":7565.5,""current_leg_mature"":false,""directional_bias"":""DOWN"",""directional_efficiency"":0.45054945054945056,""directional_efficiency_source"":""PRICE_ACTION"",""exhausted_side"":""DOWN"",""exhaustion_active"":true,""extension_mature"":true,""failed_extreme_observed"":false,""high"":7568.0,""low"":7552.5,""observation_state"":""TREND_FAILURE"",""overlap_ratio"":0.8617179215270413,""range_width_atr"":1.9570912081051908,""rejection_observed"":true,""snapshot_time"":""2026-08-03T14:12:00+05:30"",""source_reason_codes"":[""TREND_FAILURE_OBSERVATION_REMAINS_UNRESOLVED"",""OBSERVATION_PROPOSAL_MATCHED_CURRENT"",""OBSERVATION_STATE_TREND_FAILURE"",""OBJECTIVE_REJECTION_OBSERVED"",""OBJECTIVE_STRUCTURAL_FAILURE_OBSERVED"",""OBJECTIVE_ACCEPTED_RANGE_GEOMETRY_PRESENT"",""OBJECTIVE_TREND_PROTECTION_GEOMETRY_PRESENT""],""structural_failure_confirmed"":true,""symbol"":""ABB"",""trading_day"":""2026-08-03"",""trend_direction"":""UP"",""trend_protection_level"":7543.5,""trend_protection_source"":""INITIAL_DIRECTIONAL_ANCHOR"",""trend_protection_time"":""2026-08-03T12:57:00+05:30""}","{""continuation_failure_seen"":false,""continuation_failure_time"":null,""current_state"":""DIRECTIONAL"",""direction"":""UP"",""episode_id"":""DIR:ABB:2026-08-03:006:UP:133300"",""extreme_price"":7570.5,""extreme_time"":""2026-08-03T14:03:00+05:30"",""first_adverse_bar_close"":null,""first_adverse_bar_level"":null,""first_adverse_bar_time"":null,""origin_event_id"":""DIR:ABB:2026-08-03:005:DOWN:124500:DIRECTIONAL_REVERSAL_CONFIRMED:133300"",""origin_price"":7518.5,""origin_source"":""REVERSAL_EVENT_HANDOFF"",""parent_episode_id"":""DIR:ABB:2026-08-03:005:DOWN:124500"",""previous_state"":""DIRECTIONAL"",""protection_level"":null,""protection_source"":"""",""reason_codes"":[""DIRECTIONAL_EPISODE_RETAINED""],""rejection_seen"":false,""reversal_confirmation_breach_closes"":0,""reversal_confirmation_level"":7513.0,""reversal_confirmation_level_time"":""2026-08-03T13:24:00+05:30"",""reversal_confirmation_source"":""OBSERVATION_REJECTION_OR_FAILED_EXTREME:BAR_HIGH"",""reversal_leg_failure_closes"":0,""reversal_leg_progress_atr"":1.449412225839378,""reversal_leg_progress_bars"":2,""started_at"":""2026-08-03T13:33:00+05:30"",""state_age_bars"":8,""state_started_at"":""2026-08-03T13:51:00+05:30""}","{""attempt_limit_reached"":false,""candidate_bar_expansion_count"":0,""candidate_high"":null,""candidate_last_valid_at"":null,""candidate_low"":null,""candidate_merge_count"":0,""containment_bars"":0,""containment_ratio"":0.0,""current_state"":""NONE"",""down_escape_attempt_count"":0,""episode_id"":null,""escape_attempt_count"":0,""escape_direction"":""UNKNOWN"",""failed_escape_count"":0,""forming_bars_observed"":0,""forming_invalid_bars"":0,""frozen_high"":null,""frozen_low"":null,""last_escape_direction"":""UNKNOWN"",""last_escape_failed_at"":null,""last_escape_started_at"":null,""marginal_excursion_bars"":0,""meaningful_escape_bars"":0,""outside_close_count"":0,""previous_state"":""NONE"",""range_id"":null,""rearm_bars_elapsed"":0,""rearm_inside_close_count"":0,""rearm_required"":false,""reason_codes"":[""NO_QUALIFIED_ACCEPTED_RANGE""],""reentry_close_count"":0,""source_range_ids"":[],""started_at"":null,""state_age_bars"":0,""state_started_at"":null,""up_escape_attempt_count"":0}","{""balance_attempt_limit_reached"":false,""balance_candidate_bar_expansion_count"":0,""balance_candidate_merge_count"":0,""balance_containment_ratio"":0.0,""balance_down_escape_attempt_count"":0,""balance_escape_attempt_count"":0,""balance_failed_escape_count"":0,""balance_forming_bars_observed"":0,""balance_forming_invalid_bars"":0,""balance_last_escape_direction"":""UNKNOWN"",""balance_last_escape_failed_at"":null,""balance_last_escape_started_at"":null,""balance_marginal_excursion_bars"":0,""balance_meaningful_escape_bars"":0,""balance_rearm_bars_elapsed"":0,""balance_rearm_inside_close_count"":0,""balance_rearm_required"":false,""balance_up_escape_attempt_count"":0,""directional_origin_event_id"":""DIR:ABB:2026-08-03:005:DOWN:124500:DIRECTIONAL_REVERSAL_CONFIRMED:133300"",""directional_origin_source"":""REVERSAL_EVENT_HANDOFF"",""directional_parent_episode_id"":""DIR:ABB:2026-08-03:005:DOWN:124500"",""directional_reversal_watch_age_bars"":0,""directional_start_candidate_bars"":0,""directional_start_candidate_side"":""UNKNOWN"",""observation_accepted_range_id"":""DYNAMIC:2026-08-03T13:00:00+05:30:2026-08-03T13:18:00+05:30"",""observation_current_leg_mature"":false,""observation_directional_bias"":""DOWN"",""observation_exhaustion_active"":true,""observation_state"":""TREND_FAILURE""}","{""balance"":{""attempt_limit_reached"":false,""candidate_bar_expansion_count"":0,""candidate_high"":null,""candidate_last_valid_at"":null,""candidate_low"":null,""candidate_merge_count"":0,""containment_bars"":0,""down_escape_attempt_count"":0,""emitted_event_ids"":[""BAL:ABB:2026-08-03:001:NEUTRAL:100600:BALANCE_COMPLETED:105400"",""BAL:ABB:2026-08-03:001:NEUTRAL:100600:BALANCE_ESCAPE_ACCEPTED:105100"",""BAL:ABB:2026-08-03:001:NEUTRAL:100600:BALANCE_ESCAPE_STARTED:104800"",""BAL:ABB:2026-08-03:001:NEUTRAL:100600:BALANCE_FORMING_STARTED:100600"",""BAL:ABB:2026-08-03:001:NEUTRAL:100600:BALANCE_LOCKED:102700"",""BAL:ABB:2026-08-03:001:NEUTRAL:100600:BALANCE_PROBABLE:101800"",""BAL:ABB:2026-08-03:002:NEUTRAL:112100:BALANCE_COMPLETED:113000"",""BAL:ABB:2026-08-03:002:NEUTRAL:112100:BALANCE_FORMING_STARTED:112100"",""BAL:ABB:2026-08-03:003:NEUTRAL:114800:BALANCE_COMPLETED:115400"",""BAL:ABB:2026-08-03:003:NEUTRAL:114800:BALANCE_FORMING_STARTED:114800"",""BAL:ABB:2026-08-03:004:NEUTRAL:122400:BALANCE_COMPLETED:125400"",""BAL:ABB:2026-08-03:004:NEUTRAL:122400:BALANCE_ESCAPE_ACCEPTED:125100"",""BAL:ABB:2026-08-03:004:NEUTRAL:122400:BALANCE_ESCAPE_STARTED:124800"",""BAL:ABB:2026-08-03:004:NEUTRAL:122400:BALANCE_FORMING_STARTED:122400"",""BAL:ABB:2026-08-03:004:NEUTRAL:122400:BALANCE_LOCKED:124500"",""BAL:ABB:2026-08-03:004:NEUTRAL:122400:BALANCE_PROBABLE:123600"",""BAL:ABB:2026-08-03:005:NEUTRAL:132100:BALANCE_COMPLETED:135400"",""BAL:ABB:2026-08-03:005:NEUTRAL:132100:BALANCE_ESCAPE_ACCEPTED:135100"",""BAL:ABB:2026-08-03:005:NEUTRAL:132100:BALANCE_ESCAPE_STARTED:134800"",""BAL:ABB:2026-08-03:005:NEUTRAL:132100:BALANCE_FORMING_STARTED:132100"",""BAL:ABB:2026-08-03:005:NEUTRAL:132100:BALANCE_LOCKED:134200"",""BAL:ABB:2026-08-03:005:NEUTRAL:132100:BALANCE_PROBABLE:133300""],""episode_id"":null,""escape_attempt_count"":0,""escape_direction"":""UNKNOWN"",""failed_escape_count"":0,""forming_bars_observed"":0,""forming_invalid_bars"":0,""frozen_high"":null,""frozen_low"":null,""last_escape_direction"":""UNKNOWN"",""last_escape_failed_at"":null,""last_escape_started_at"":null,""last_reason_codes"":[""NO_QUALIFIED_ACCEPTED_RANGE""],""marginal_excursion_bars"":0,""meaningful_escape_bars"":0,""outside_close_count"":0,""range_id"":null,""rearm_bars_elapsed"":0,""rearm_inside_close_count"":0,""rearm_required"":false,""reentry_close_count"":0,""sequence"":5,""source_range_ids"":[],""started_at"":null,""state"":""NONE"",""state_age_bars"":0,""state_started_at"":null,""up_escape_attempt_count"":0},""directional"":{""continuation_failure_progress_bars"":0,""continuation_failure_seen"":false,""continuation_failure_seen_at"":null,""direction"":""UP"",""emitted_event_ids"":[""DIR:ABB:2026-08-03:001:DOWN:101500:DIRECTIONAL_COMPLETED:105100"",""DIR:ABB:2026-08-03:001:DOWN:101500:DIRECTIONAL_STARTED:101500"",""DIR:ABB:2026-08-03:002:UP:110000:DIRECTIONAL_COMPLETED:113900"",""DIR:ABB:2026-08-03:002:UP:110000:DIRECTIONAL_MATURED:110300"",""DIR:ABB:2026-08-03:002:UP:110000:DIRECTIONAL_REVERSAL_CONFIRMED:113900"",""DIR:ABB:2026-08-03:002:UP:110000:DIRECTIONAL_STARTED:110000"",""DIR:ABB:2026-08-03:002:UP:110000:REVERSAL_WATCH_STARTED:110600"",""DIR:ABB:2026-08-03:003:DOWN:113900:DIRECTIONAL_COMPLETED:115400"",""DIR:ABB:2026-08-03:003:DOWN:113900:DIRECTIONAL_REVERSAL_LEG_FAILED:115400"",""DIR:ABB:2026-08-03:003:DOWN:113900:DIRECTIONAL_REVERSAL_LEG_STARTED:113900"",""DIR:ABB:2026-08-03:004:UP:120000:DIRECTIONAL_COMPLETED:124500"",""DIR:ABB:2026-08-03:004:UP:120000:DIRECTIONAL_CONTINUATION_CONFIRMED:123300"",""DIR:ABB:2026-08-03:004:UP:120000:DIRECTIONAL_MATURED:120300"",""DIR:ABB:2026-08-03:004:UP:120000:DIRECTIONAL_MATURED:123900"",""DIR:ABB:2026-08-03:004:UP:120000:DIRECTIONAL_REVERSAL_CONFIRMED:124500"",""DIR:ABB:2026-08-03:004:UP:120000:DIRECTIONAL_STARTED:120000"",""DIR:ABB:2026-08-03:004:UP:120000:DIRECTIONAL_TREND_RESTORED:122100"",""DIR:ABB:2026-08-03:004:UP:120000:REVERSAL_WATCH_STARTED:120600"",""DIR:ABB:2026-08-03:004:UP:120000:REVERSAL_WATCH_STARTED:124200"",""DIR:ABB:2026-08-03:005:DOWN:124500:DIRECTIONAL_COMPLETED:133300"",""DIR:ABB:2026-08-03:005:DOWN:124500:DIRECTIONAL_MATURED:125700"",""DIR:ABB:2026-08-03:005:DOWN:124500:DIRECTIONAL_MATURED:131800"",""DIR:ABB:2026-08-03:005:DOWN:124500:DIRECTIONAL_REVERSAL_CONFIRMED:133300"",""DIR:ABB:2026-08-03:005:DOWN:124500:DIRECTIONAL_REVERSAL_LEG_ESTABLISHED:125100"",""DIR:ABB:2026-08-03:005:DOWN:124500:DIRECTIONAL_REVERSAL_LEG_STARTED:124500"",""DIR:ABB:2026-08-03:005:DOWN:124500:DIRECTIONAL_TREND_RESTORED:131500"",""DIR:ABB:2026-08-03:005:DOWN:124500:REVERSAL_WATCH_STARTED:130000"",""DIR:ABB:2026-08-03:005:DOWN:124500:REVERSAL_WATCH_STARTED:132100"",""DIR:ABB:2026-08-03:006:UP:133300:DIRECTIONAL_REVERSAL_LEG_ESTABLISHED:135100"",""DIR:ABB:2026-08-03:006:UP:133300:DIRECTIONAL_REVERSAL_LEG_STARTED:133300""],""episode_id"":""DIR:ABB:2026-08-03:006:UP:133300"",""extreme_price"":7570.5,""extreme_time"":""2026-08-03T14:03:00+05:30"",""first_adverse_bar_close"":null,""first_adverse_bar_level"":null,""first_adverse_bar_time"":null,""inactive_bars"":0,""last_close"":7565.5,""last_observation_state"":""TREND_FAILURE"",""last_observation_state_time"":""2026-08-03T14:12:00+05:30"",""last_reason_codes"":[""DIRECTIONAL_EPISODE_RETAINED""],""opposite_control_bars"":0,""origin_event_id"":""DIR:ABB:2026-08-03:005:DOWN:124500:DIRECTIONAL_REVERSAL_CONFIRMED:133300"",""origin_price"":7518.5,""origin_source"":""REVERSAL_EVENT_HANDOFF"",""parent_episode_id"":""DIR:ABB:2026-08-03:005:DOWN:124500"",""protection_level"":null,""protection_source"":"""",""protection_time"":null,""rejection_seen"":false,""rejection_seen_at"":null,""reversal_confirmation_breach_closes"":0,""reversal_confirmation_level"":7513.0,""reversal_confirmation_level_time"":""2026-08-03T13:24:00+05:30"",""reversal_confirmation_source"":""OBSERVATION_REJECTION_OR_FAILED_EXTREME:BAR_HIGH"",""reversal_leg_failure_closes"":0,""reversal_leg_progress_atr"":1.449412225839378,""reversal_leg_progress_bars"":2,""reversal_watch_age_bars"":0,""sequence"":6,""start_candidate_bars"":0,""start_candidate_side"":""UNKNOWN"",""started_at"":""2026-08-03T13:33:00+05:30"",""state"":""DIRECTIONAL"",""state_age_bars"":8,""state_started_at"":""2026-08-03T13:51:00+05:30"",""trend_restore_bars"":0},""evidence_history"":[{""atr"":16.092039182271023,""bar"":{""body_fraction"":0.7272727272727273,""close"":7520.0,""close_position"":0.7272727272727273,""direction"":""UP"",""high"":7523.0,""low"":7512.0,""lower_wick_fraction"":0.0,""move_atr"":0.4971402262563335,""move_points"":8.0,""open"":7512.0,""snapshot_time"":""2026-08-03T13:39:00+05:30"",""upper_wick_fraction"":0.2727272727272727,""volume"":3111.0},""close"":7520.0,""trend"":{""ema_ref"":7421.167305179713,""ema_slow"":7461.8019184680625,""hma_order"":""SELL"",""hma_spread_atr"":6.136861401517315}},{""atr"":17.049750669251665,""bar"":{""body_fraction"":0.06779661016949153,""close"":7524.0,""close_position"":0.7288135593220338,""direction"":""UP"",""high"":7532.0,""low"":7502.5,""lower_wick_fraction"":0.6610169491525424,""move_atr"":0.11730376817808225,""move_points"":2.0,""open"":7522.0,""snapshot_time"":""2026-08-03T13:42:00+05:30"",""upper_wick_fraction"":0.2711864406779661,""volume"":6714.0},""close"":7524.0,""trend"":{""ema_ref"":7422.190516073448,""ema_slow"":7463.033563646913,""hma_order"":""SELL"",""hma_spread_atr"":5.695452081036592}},{""atr"":16.760482764305117,""bar"":{""body_fraction"":0.9565217391304348,""close"":7511.5,""close_position"":0.043478260869565216,""direction"":""DOWN"",""high"":7522.5,""low"":7511.0,""lower_wick_fraction"":0.043478260869565216,""move_atr"":-0.6563056777473472,""move_points"":-11.0,""open"":7522.5,""snapshot_time"":""2026-08-03T13:45:00+05:30"",""upper_wick_fraction"":0.0,""volume"":2363.0},""close"":7511.5,""trend"":{""ema_ref"":7423.079167654807,""ema_slow"":7463.993295059845,""hma_order"":""SELL"",""hma_spread_atr"":5.684656087223569}},{""atr"":18.420448281140462,""bar"":{""body_fraction"":0.7125,""close"":7540.0,""close_position"":0.8375,""direction"":""UP"",""high"":7546.5,""low"":7506.5,""lower_wick_fraction"":0.125,""move_atr"":1.547193616844784,""move_points"":28.5,""open"":7511.5,""snapshot_time"":""2026-08-03T13:48:00+05:30"",""upper_wick_fraction"":0.1625,""volume"":9361.0},""close"":7540.0,""trend"":{""ema_ref"":7424.242559021426,""ema_slow"":7465.498378325987,""hma_order"":""SELL"",""hma_spread_atr"":5.072903938088871}},{""atr"":18.283273403916144,""bar"":{""body_fraction"":0.30303030303030304,""close"":7545.0,""close_position"":1.0,""direction"":""UP"",""high"":7545.0,""low"":7528.5,""lower_wick_fraction"":0.696969696969697,""move_atr"":0.27347400487535434,""move_points"":5.0,""open"":7540.0,""snapshot_time"":""2026-08-03T13:51:00+05:30"",""upper_wick_fraction"":0.0,""volume"":3032.0},""close"":7545.0,""trend"":{""ema_ref"":7425.444125598327,""ema_slow"":7467.072667864086,""hma_order"":""BUY"",""hma_spread_atr"":5.0117307225871865}},{""atr"":17.548753875064993,""bar"":{""body_fraction"":0.625,""close"":7540.0,""close_position"":0.375,""direction"":""DOWN"",""high"":7545.0,""low"":7537.0,""lower_wick_fraction"":0.375,""move_atr"":-0.28492051547343744,""move_points"":-5.0,""open"":7545.0,""snapshot_time"":""2026-08-03T13:54:00+05:30"",""upper_wick_fraction"":0.0,""volume"":2998.0},""close"":7540.0,""trend"":{""ema_ref"":7426.583985045111,""ema_slow"":7468.516773450935,""hma_order"":""BUY"",""hma_spread_atr"":5.116643964407775}},{""atr"":17.50955716970321,""bar"":{""body_fraction"":0.6176470588235294,""close"":7550.5,""close_position"":0.7352941176470589,""direction"":""UP"",""high"":7555.0,""low"":7538.0,""lower_wick_fraction"":0.1176470588235294,""move_atr"":0.5996725044633425,""move_points"":10.5,""open"":7540.0,""snapshot_time"":""2026-08-03T13:57:00+05:30"",""upper_wick_fraction"":0.2647058823529412,""volume"":8140.0},""close"":7550.5,""trend"":{""ema_ref"":7427.816980218791,""ema_slow"":7470.14020367963,""hma_order"":""BUY"",""hma_spread_atr"":5.02435371070645}},{""atr"":17.937445943295838,""bar"":{""body_fraction"":0.0425531914893617,""close"":7551.0,""close_position"":0.6595744680851063,""direction"":""UP"",""high"":7559.0,""low"":7535.5,""lower_wick_fraction"":0.6170212765957447,""move_atr"":0.05574929692673177,""move_points"":1.0,""open"":7550.0,""snapshot_time"":""2026-08-03T14:00:00+05:30"",""upper_wick_fraction"":0.3404255319148936,""volume"":12400.0},""close"":7551.0,""trend"":{""ema_ref"":7429.042681908157,""ema_slow"":7471.741387765182,""hma_order"":""BUY"",""hma_spread_atr"":4.803388277328059}},{""atr"":18.120485518774707,""bar"":{""body_fraction"":0.8048780487804879,""close"":7567.5,""close_position"":0.8536585365853658,""direction"":""UP"",""high"":7570.5,""low"":7550.0,""lower_wick_fraction"":0.04878048780487805,""move_atr"":0.9105716280562286,""move_points"":16.5,""open"":7551.0,""snapshot_time"":""2026-08-03T14:03:00+05:30"",""upper_wick_fraction"":0.14634146341463414,""volume"":8060.0},""close"":7567.5,""trend"":{""ema_ref"":7430.42036666529,""ema_slow"":7473.637597908445,""hma_order"":""BUY"",""hma_spread_atr"":4.658388266263794}},{""atr"":17.683307981719373,""bar"":{""body_fraction"":0.4583333333333333,""close"":7562.0,""close_position"":0.3333333333333333,""direction"":""DOWN"",""high"":7570.0,""low"":7558.0,""lower_wick_fraction"":0.3333333333333333,""move_atr"":-0.3110277786082662,""move_points"":-5.5,""open"":7567.5,""snapshot_time"":""2026-08-03T14:06:00+05:30"",""upper_wick_fraction"":0.20833333333333337,""volume"":3189.0},""close"":7562.0,""trend"":{""ema_ref"":7431.729616748223,""ema_slow"":7475.387348444911,""hma_order"":""BUY"",""hma_spread_atr"":4.6747711436424595}},{""atr"":17.241643125882277,""bar"":{""body_fraction"":0.17391304347826086,""close"":7560.0,""close_position"":0.21739130434782608,""direction"":""DOWN"",""high"":7569.0,""low"":7557.5,""lower_wick_fraction"":0.21739130434782608,""move_atr"":-0.11599822507622268,""move_points"":-2.0,""open"":7562.0,""snapshot_time"":""2026-08-03T14:09:00+05:30"",""upper_wick_fraction"":0.6086956521739131,""volume"":2494.0},""close"":7560.0,""trend"":{""ema_ref"":7433.0059389696335,""ema_slow"":7477.062846495507,""hma_order"":""BUY"",""hma_spread_atr"":4.690697510545612}},{""atr"":17.117240045462115,""bar"":{""body_fraction"":0.3548387096774194,""close"":7565.5,""close_position"":0.8387096774193549,""direction"":""UP"",""high"":7568.0,""low"":7552.5,""lower_wick_fraction"":0.4838709677419355,""move_atr"":0.32131348192771786,""move_points"":5.5,""open"":7560.0,""snapshot_time"":""2026-08-03T14:12:00+05:30"",""upper_wick_fraction"":0.16129032258064516,""volume"":2705.0},""close"":7565.5,""trend"":{""ema_ref"":7434.324287835608,""ema_slow"":7478.814077257972,""hma_order"":""BUY"",""hma_spread_atr"":4.618246556854139}}],""last_observation_hash"":""9cfd5c27f7bcdf16efea9f8cd7b8535d395ef406e5fa73f283a24b8f86fcef20"",""last_snapshot_time"":""2026-08-03T14:12:00+05:30"",""observation"":{""compression_box_high"":null,""compression_box_low"":null,""compression_candidate_bars"":0,""current_state"":""TREND_FAILURE"",""established_side"":""DOWN"",""exhaustion_active"":true,""exhaustion_age_bars"":5,""exhaustion_clear_bars"":0,""exhaustion_last_seen_at"":""2026-08-03T14:12:00+05:30"",""exhaustion_side"":""DOWN"",""exhaustion_started_at"":""2026-08-03T14:00:00+05:30"",""failure_breach_bars"":6,""last_close"":7565.5,""last_reason_codes"":[""TREND_FAILURE_OBSERVATION_REMAINS_UNRESOLVED"",""OBSERVATION_PROPOSAL_MATCHED_CURRENT"",""OBSERVATION_STATE_TREND_FAILURE""],""last_snapshot_time"":""2026-08-03T14:12:00+05:30"",""leg_age_bars"":26,""leg_anchor_price"":7543.5,""leg_anchor_time"":""2026-08-03T12:57:00+05:30"",""leg_extreme_price"":7492.5,""leg_maturity_consumed"":true,""leg_maturity_extreme_price"":7492.5,""leg_maturity_onset_time"":""2026-08-03T13:30:00+05:30"",""leg_no_progress_bars"":19,""observation_count"":100,""pending_bars"":0,""pending_state"":null,""protection_level"":7543.5,""protection_source"":""INITIAL_DIRECTIONAL_ANCHOR"",""protection_time"":""2026-08-03T12:57:00+05:30"",""pullback_age_bars"":0,""pullback_candidate_bars"":0,""pullback_extreme_price"":null,""reacceleration_age_bars"":2,""recompression_age_bars"":0,""reversal_confirmation_bars"":0,""reversal_side"":""DOWN"",""state_age_bars"":5,""trading_day"":""2026-08-03"",""trend_anchor_price"":7543.5,""trend_candidate_bars"":4,""trend_candidate_side"":""UP"",""trend_extreme_price"":7492.5,""trend_failure_age_bars"":5,""trend_onset_time"":""2026-08-03T12:57:00+05:30""},""symbol"":""ABB"",""trading_day"":""2026-08-03""}"
restoration-v3-current-day,development,restoration-trend-control-v3,backtest-default,OK,,,,ABB,2026-08-03,2026-08-03T14:15:00+05:30,2026-08-03T14:12:00+05:30,SNAPSHOT_AUCTION_AUTHORITY_V3A,3m,True,True,7577.5,2026-08-03T14:15:00,7567.0,7580.0,7560.0,7577.5,8367.0,17.32315147078625,TRENDING_UP,BUY,candidate_has_directional_efficiency_or_displacement,RANGE_ACCEPTED,DYNAMIC:2026-08-03T13:00:00+05:30:2026-08-03T13:18:00+05:30,7492.5,7526.0,19,ok,UP_ACCELERATING,0.5051043982820328,0.14431554236629507,OK,INCREMENTAL_PREVIOUS_SNAPSHOT,AUTOTRADES_AUCTION_ENGINE,1.1.0,,,TREND_FAILURE,DOWN,UP,False,False,True,DOWN,False,False,True,7543.5,INITIAL_DIRECTIONAL_ANCHOR,2026-08-03T12:57:00+05:30,DYNAMIC:2026-08-03T13:00:00+05:30:2026-08-03T13:18:00+05:30,7492.5,7526.0,False,2.537313432835821,0.7142857142857143,PRICE_ACTION,0.7649437279786543,TREND_FAILURE_OBSERVATION_REMAINS_UNRESOLVED|OBSERVATION_PROPOSAL_MATCHED_CURRENT|OBSERVATION_STATE_TREND_FAILURE|OBJECTIVE_STRUCTURAL_FAILURE_OBSERVED|OBJECTIVE_ACCEPTED_RANGE_GEOMETRY_PRESENT|OBJECTIVE_TREND_PROTECTION_GEOMETRY_PRESENT,DIR:ABB:2026-08-03:006:UP:133300,DIRECTIONAL,DIRECTIONAL,UP,REVERSAL_EVENT_HANDOFF,DIR:ABB:2026-08-03:005:DOWN:124500,DIR:ABB:2026-08-03:005:DOWN:124500:DIRECTIONAL_REVERSAL_CONFIRMED:133300,2026-08-03T13:33:00+05:30,2026-08-03T13:51:00+05:30,9,7518.5,7580.0,2026-08-03T14:15:00+05:30,,,7513.0,OBSERVATION_REJECTION_OR_FAILED_EXTREME:BAR_HIGH,2026-08-03T13:24:00+05:30,2,1.449412225839378,0,False,DIRECTIONAL_EPISODE_RETAINED,6,UNKNOWN,0,0,0,0,0,TREND_FAILURE,2026-08-03T14:15:00+05:30,DIRECTIONAL_EPISODE_RETAINED,,NONE,NONE,0,,,,,,UNKNOWN,0,0,0,0,False,False,NO_QUALIFIED_ACCEPTED_RANGE,0,,,,,,0,,,,,MATCH,MATCH,MATCH,MATCH,False,0,False,False,False,True,,COHERENT,[],[],"{""accepted_range_breakout_eligible"":true,""accepted_range_established_at"":""2026-08-03T13:18:00+05:30"",""accepted_range_high"":7526.0,""accepted_range_id"":""DYNAMIC:2026-08-03T13:00:00+05:30:2026-08-03T13:18:00+05:30"",""accepted_range_inside"":false,""accepted_range_low"":7492.5,""accepted_range_outside_atr"":2.9729001727456787,""accepted_range_position"":2.537313432835821,""accepted_range_provisional"":false,""atr"":17.32315147078625,""close"":7577.5,""current_leg_mature"":false,""directional_bias"":""DOWN"",""directional_efficiency"":0.7142857142857143,""directional_efficiency_source"":""PRICE_ACTION"",""exhausted_side"":""DOWN"",""exhaustion_active"":true,""extension_mature"":false,""failed_extreme_observed"":false,""high"":7580.0,""low"":7560.0,""observation_state"":""TREND_FAILURE"",""overlap_ratio"":0.7649437279786543,""range_width_atr"":1.933828267708354,""rejection_observed"":false,""snapshot_time"":""2026-08-03T14:15:00+05:30"",""source_reason_codes"":[""TREND_FAILURE_OBSERVATION_REMAINS_UNRESOLVED"",""OBSERVATION_PROPOSAL_MATCHED_CURRENT"",""OBSERVATION_STATE_TREND_FAILURE"",""OBJECTIVE_STRUCTURAL_FAILURE_OBSERVED"",""OBJECTIVE_ACCEPTED_RANGE_GEOMETRY_PRESENT"",""OBJECTIVE_TREND_PROTECTION_GEOMETRY_PRESENT""],""structural_failure_confirmed"":true,""symbol"":""ABB"",""trading_day"":""2026-08-03"",""trend_direction"":""UP"",""trend_protection_level"":7543.5,""trend_protection_source"":""INITIAL_DIRECTIONAL_ANCHOR"",""trend_protection_time"":""2026-08-03T12:57:00+05:30""}","{""continuation_failure_seen"":false,""continuation_failure_time"":null,""current_state"":""DIRECTIONAL"",""direction"":""UP"",""episode_id"":""DIR:ABB:2026-08-03:006:UP:133300"",""extreme_price"":7580.0,""extreme_time"":""2026-08-03T14:15:00+05:30"",""first_adverse_bar_close"":null,""first_adverse_bar_level"":null,""first_adverse_bar_time"":null,""origin_event_id"":""DIR:ABB:2026-08-03:005:DOWN:124500:DIRECTIONAL_REVERSAL_CONFIRMED:133300"",""origin_price"":7518.5,""origin_source"":""REVERSAL_EVENT_HANDOFF"",""parent_episode_id"":""DIR:ABB:2026-08-03:005:DOWN:124500"",""previous_state"":""DIRECTIONAL"",""protection_level"":null,""protection_source"":"""",""reason_codes"":[""DIRECTIONAL_EPISODE_RETAINED""],""rejection_seen"":false,""reversal_confirmation_breach_closes"":0,""reversal_confirmation_level"":7513.0,""reversal_confirmation_level_time"":""2026-08-03T13:24:00+05:30"",""reversal_confirmation_source"":""OBSERVATION_REJECTION_OR_FAILED_EXTREME:BAR_HIGH"",""reversal_leg_failure_closes"":0,""reversal_leg_progress_atr"":1.449412225839378,""reversal_leg_progress_bars"":2,""started_at"":""2026-08-03T13:33:00+05:30"",""state_age_bars"":9,""state_started_at"":""2026-08-03T13:51:00+05:30""}","{""attempt_limit_reached"":false,""candidate_bar_expansion_count"":0,""candidate_high"":null,""candidate_last_valid_at"":null,""candidate_low"":null,""candidate_merge_count"":0,""containment_bars"":0,""containment_ratio"":0.0,""current_state"":""NONE"",""down_escape_attempt_count"":0,""episode_id"":null,""escape_attempt_count"":0,""escape_direction"":""UNKNOWN"",""failed_escape_count"":0,""forming_bars_observed"":0,""forming_invalid_bars"":0,""frozen_high"":null,""frozen_low"":null,""last_escape_direction"":""UNKNOWN"",""last_escape_failed_at"":null,""last_escape_started_at"":null,""marginal_excursion_bars"":0,""meaningful_escape_bars"":0,""outside_close_count"":0,""previous_state"":""NONE"",""range_id"":null,""rearm_bars_elapsed"":0,""rearm_inside_close_count"":0,""rearm_required"":false,""reason_codes"":[""NO_QUALIFIED_ACCEPTED_RANGE""],""reentry_close_count"":0,""source_range_ids"":[],""started_at"":null,""state_age_bars"":0,""state_started_at"":null,""up_escape_attempt_count"":0}","{""balance_attempt_limit_reached"":false,""balance_candidate_bar_expansion_count"":0,""balance_candidate_merge_count"":0,""balance_containment_ratio"":0.0,""balance_down_escape_attempt_count"":0,""balance_escape_attempt_count"":0,""balance_failed_escape_count"":0,""balance_forming_bars_observed"":0,""balance_forming_invalid_bars"":0,""balance_last_escape_direction"":""UNKNOWN"",""balance_last_escape_failed_at"":null,""balance_last_escape_started_at"":null,""balance_marginal_excursion_bars"":0,""balance_meaningful_escape_bars"":0,""balance_rearm_bars_elapsed"":0,""balance_rearm_inside_close_count"":0,""balance_rearm_required"":false,""balance_up_escape_attempt_count"":0,""directional_origin_event_id"":""DIR:ABB:2026-08-03:005:DOWN:124500:DIRECTIONAL_REVERSAL_CONFIRMED:133300"",""directional_origin_source"":""REVERSAL_EVENT_HANDOFF"",""directional_parent_episode_id"":""DIR:ABB:2026-08-03:005:DOWN:124500"",""directional_reversal_watch_age_bars"":0,""directional_start_candidate_bars"":0,""directional_start_candidate_side"":""UNKNOWN"",""observation_accepted_range_id"":""DYNAMIC:2026-08-03T13:00:00+05:30:2026-08-03T13:18:00+05:30"",""observation_current_leg_mature"":false,""observation_directional_bias"":""DOWN"",""observation_exhaustion_active"":true,""observation_state"":""TREND_FAILURE""}","{""balance"":{""attempt_limit_reached"":false,""candidate_bar_expansion_count"":0,""candidate_high"":null,""candidate_last_valid_at"":null,""candidate_low"":null,""candidate_merge_count"":0,""containment_bars"":0,""down_escape_attempt_count"":0,""emitted_event_ids"":[""BAL:ABB:2026-08-03:001:NEUTRAL:100600:BALANCE_COMPLETED:105400"",""BAL:ABB:2026-08-03:001:NEUTRAL:100600:BALANCE_ESCAPE_ACCEPTED:105100"",""BAL:ABB:2026-08-03:001:NEUTRAL:100600:BALANCE_ESCAPE_STARTED:104800"",""BAL:ABB:2026-08-03:001:NEUTRAL:100600:BALANCE_FORMING_STARTED:100600"",""BAL:ABB:2026-08-03:001:NEUTRAL:100600:BALANCE_LOCKED:102700"",""BAL:ABB:2026-08-03:001:NEUTRAL:100600:BALANCE_PROBABLE:101800"",""BAL:ABB:2026-08-03:002:NEUTRAL:112100:BALANCE_COMPLETED:113000"",""BAL:ABB:2026-08-03:002:NEUTRAL:112100:BALANCE_FORMING_STARTED:112100"",""BAL:ABB:2026-08-03:003:NEUTRAL:114800:BALANCE_COMPLETED:115400"",""BAL:ABB:2026-08-03:003:NEUTRAL:114800:BALANCE_FORMING_STARTED:114800"",""BAL:ABB:2026-08-03:004:NEUTRAL:122400:BALANCE_COMPLETED:125400"",""BAL:ABB:2026-08-03:004:NEUTRAL:122400:BALANCE_ESCAPE_ACCEPTED:125100"",""BAL:ABB:2026-08-03:004:NEUTRAL:122400:BALANCE_ESCAPE_STARTED:124800"",""BAL:ABB:2026-08-03:004:NEUTRAL:122400:BALANCE_FORMING_STARTED:122400"",""BAL:ABB:2026-08-03:004:NEUTRAL:122400:BALANCE_LOCKED:124500"",""BAL:ABB:2026-08-03:004:NEUTRAL:122400:BALANCE_PROBABLE:123600"",""BAL:ABB:2026-08-03:005:NEUTRAL:132100:BALANCE_COMPLETED:135400"",""BAL:ABB:2026-08-03:005:NEUTRAL:132100:BALANCE_ESCAPE_ACCEPTED:135100"",""BAL:ABB:2026-08-03:005:NEUTRAL:132100:BALANCE_ESCAPE_STARTED:134800"",""BAL:ABB:2026-08-03:005:NEUTRAL:132100:BALANCE_FORMING_STARTED:132100"",""BAL:ABB:2026-08-03:005:NEUTRAL:132100:BALANCE_LOCKED:134200"",""BAL:ABB:2026-08-03:005:NEUTRAL:132100:BALANCE_PROBABLE:133300""],""episode_id"":null,""escape_attempt_count"":0,""escape_direction"":""UNKNOWN"",""failed_escape_count"":0,""forming_bars_observed"":0,""forming_invalid_bars"":0,""frozen_high"":null,""frozen_low"":null,""last_escape_direction"":""UNKNOWN"",""last_escape_failed_at"":null,""last_escape_started_at"":null,""last_reason_codes"":[""NO_QUALIFIED_ACCEPTED_RANGE""],""marginal_excursion_bars"":0,""meaningful_escape_bars"":0,""outside_close_count"":0,""range_id"":null,""rearm_bars_elapsed"":0,""rearm_inside_close_count"":0,""rearm_required"":false,""reentry_close_count"":0,""sequence"":5,""source_range_ids"":[],""started_at"":null,""state"":""NONE"",""state_age_bars"":0,""state_started_at"":null,""up_escape_attempt_count"":0},""directional"":{""continuation_failure_progress_bars"":0,""continuation_failure_seen"":false,""continuation_failure_seen_at"":null,""direction"":""UP"",""emitted_event_ids"":[""DIR:ABB:2026-08-03:001:DOWN:101500:DIRECTIONAL_COMPLETED:105100"",""DIR:ABB:2026-08-03:001:DOWN:101500:DIRECTIONAL_STARTED:101500"",""DIR:ABB:2026-08-03:002:UP:110000:DIRECTIONAL_COMPLETED:113900"",""DIR:ABB:2026-08-03:002:UP:110000:DIRECTIONAL_MATURED:110300"",""DIR:ABB:2026-08-03:002:UP:110000:DIRECTIONAL_REVERSAL_CONFIRMED:113900"",""DIR:ABB:2026-08-03:002:UP:110000:DIRECTIONAL_STARTED:110000"",""DIR:ABB:2026-08-03:002:UP:110000:REVERSAL_WATCH_STARTED:110600"",""DIR:ABB:2026-08-03:003:DOWN:113900:DIRECTIONAL_COMPLETED:115400"",""DIR:ABB:2026-08-03:003:DOWN:113900:DIRECTIONAL_REVERSAL_LEG_FAILED:115400"",""DIR:ABB:2026-08-03:003:DOWN:113900:DIRECTIONAL_REVERSAL_LEG_STARTED:113900"",""DIR:ABB:2026-08-03:004:UP:120000:DIRECTIONAL_COMPLETED:124500"",""DIR:ABB:2026-08-03:004:UP:120000:DIRECTIONAL_CONTINUATION_CONFIRMED:123300"",""DIR:ABB:2026-08-03:004:UP:120000:DIRECTIONAL_MATURED:120300"",""DIR:ABB:2026-08-03:004:UP:120000:DIRECTIONAL_MATURED:123900"",""DIR:ABB:2026-08-03:004:UP:120000:DIRECTIONAL_REVERSAL_CONFIRMED:124500"",""DIR:ABB:2026-08-03:004:UP:120000:DIRECTIONAL_STARTED:120000"",""DIR:ABB:2026-08-03:004:UP:120000:DIRECTIONAL_TREND_RESTORED:122100"",""DIR:ABB:2026-08-03:004:UP:120000:REVERSAL_WATCH_STARTED:120600"",""DIR:ABB:2026-08-03:004:UP:120000:REVERSAL_WATCH_STARTED:124200"",""DIR:ABB:2026-08-03:005:DOWN:124500:DIRECTIONAL_COMPLETED:133300"",""DIR:ABB:2026-08-03:005:DOWN:124500:DIRECTIONAL_MATURED:125700"",""DIR:ABB:2026-08-03:005:DOWN:124500:DIRECTIONAL_MATURED:131800"",""DIR:ABB:2026-08-03:005:DOWN:124500:DIRECTIONAL_REVERSAL_CONFIRMED:133300"",""DIR:ABB:2026-08-03:005:DOWN:124500:DIRECTIONAL_REVERSAL_LEG_ESTABLISHED:125100"",""DIR:ABB:2026-08-03:005:DOWN:124500:DIRECTIONAL_REVERSAL_LEG_STARTED:124500"",""DIR:ABB:2026-08-03:005:DOWN:124500:DIRECTIONAL_TREND_RESTORED:131500"",""DIR:ABB:2026-08-03:005:DOWN:124500:REVERSAL_WATCH_STARTED:130000"",""DIR:ABB:2026-08-03:005:DOWN:124500:REVERSAL_WATCH_STARTED:132100"",""DIR:ABB:2026-08-03:006:UP:133300:DIRECTIONAL_REVERSAL_LEG_ESTABLISHED:135100"",""DIR:ABB:2026-08-03:006:UP:133300:DIRECTIONAL_REVERSAL_LEG_STARTED:133300""],""episode_id"":""DIR:ABB:2026-08-03:006:UP:133300"",""extreme_price"":7580.0,""extreme_time"":""2026-08-03T14:15:00+05:30"",""first_adverse_bar_close"":null,""first_adverse_bar_level"":null,""first_adverse_bar_time"":null,""inactive_bars"":0,""last_close"":7577.5,""last_observation_state"":""TREND_FAILURE"",""last_observation_state_time"":""2026-08-03T14:15:00+05:30"",""last_reason_codes"":[""DIRECTIONAL_EPISODE_RETAINED""],""opposite_control_bars"":0,""origin_event_id"":""DIR:ABB:2026-08-03:005:DOWN:124500:DIRECTIONAL_REVERSAL_CONFIRMED:133300"",""origin_price"":7518.5,""origin_source"":""REVERSAL_EVENT_HANDOFF"",""parent_episode_id"":""DIR:ABB:2026-08-03:005:DOWN:124500"",""protection_level"":null,""protection_source"":"""",""protection_time"":null,""rejection_seen"":false,""rejection_seen_at"":null,""reversal_confirmation_breach_closes"":0,""reversal_confirmation_level"":7513.0,""reversal_confirmation_level_time"":""2026-08-03T13:24:00+05:30"",""reversal_confirmation_source"":""OBSERVATION_REJECTION_OR_FAILED_EXTREME:BAR_HIGH"",""reversal_leg_failure_closes"":0,""reversal_leg_progress_atr"":1.449412225839378,""reversal_leg_progress_bars"":2,""reversal_watch_age_bars"":0,""sequence"":6,""start_candidate_bars"":0,""start_candidate_side"":""UNKNOWN"",""started_at"":""2026-08-03T13:33:00+05:30"",""state"":""DIRECTIONAL"",""state_age_bars"":9,""state_started_at"":""2026-08-03T13:51:00+05:30"",""trend_restore_bars"":0},""evidence_history"":[{""atr"":17.049750669251665,""bar"":{""body_fraction"":0.06779661016949153,""close"":7524.0,""close_position"":0.7288135593220338,""direction"":""UP"",""high"":7532.0,""low"":7502.5,""lower_wick_fraction"":0.6610169491525424,""move_atr"":0.11730376817808225,""move_points"":2.0,""open"":7522.0,""snapshot_time"":""2026-08-03T13:42:00+05:30"",""upper_wick_fraction"":0.2711864406779661,""volume"":6714.0},""close"":7524.0,""trend"":{""ema_ref"":7422.190516073448,""ema_slow"":7463.033563646913,""hma_order"":""SELL"",""hma_spread_atr"":5.695452081036592}},{""atr"":16.760482764305117,""bar"":{""body_fraction"":0.9565217391304348,""close"":7511.5,""close_position"":0.043478260869565216,""direction"":""DOWN"",""high"":7522.5,""low"":7511.0,""lower_wick_fraction"":0.043478260869565216,""move_atr"":-0.6563056777473472,""move_points"":-11.0,""open"":7522.5,""snapshot_time"":""2026-08-03T13:45:00+05:30"",""upper_wick_fraction"":0.0,""volume"":2363.0},""close"":7511.5,""trend"":{""ema_ref"":7423.079167654807,""ema_slow"":7463.993295059845,""hma_order"":""SELL"",""hma_spread_atr"":5.684656087223569}},{""atr"":18.420448281140462,""bar"":{""body_fraction"":0.7125,""close"":7540.0,""close_position"":0.8375,""direction"":""UP"",""high"":7546.5,""low"":7506.5,""lower_wick_fraction"":0.125,""move_atr"":1.547193616844784,""move_points"":28.5,""open"":7511.5,""snapshot_time"":""2026-08-03T13:48:00+05:30"",""upper_wick_fraction"":0.1625,""volume"":9361.0},""close"":7540.0,""trend"":{""ema_ref"":7424.242559021426,""ema_slow"":7465.498378325987,""hma_order"":""SELL"",""hma_spread_atr"":5.072903938088871}},{""atr"":18.283273403916144,""bar"":{""body_fraction"":0.30303030303030304,""close"":7545.0,""close_position"":1.0,""direction"":""UP"",""high"":7545.0,""low"":7528.5,""lower_wick_fraction"":0.696969696969697,""move_atr"":0.27347400487535434,""move_points"":5.0,""open"":7540.0,""snapshot_time"":""2026-08-03T13:51:00+05:30"",""upper_wick_fraction"":0.0,""volume"":3032.0},""close"":7545.0,""trend"":{""ema_ref"":7425.444125598327,""ema_slow"":7467.072667864086,""hma_order"":""BUY"",""hma_spread_atr"":5.0117307225871865}},{""atr"":17.548753875064993,""bar"":{""body_fraction"":0.625,""close"":7540.0,""close_position"":0.375,""direction"":""DOWN"",""high"":7545.0,""low"":7537.0,""lower_wick_fraction"":0.375,""move_atr"":-0.28492051547343744,""move_points"":-5.0,""open"":7545.0,""snapshot_time"":""2026-08-03T13:54:00+05:30"",""upper_wick_fraction"":0.0,""volume"":2998.0},""close"":7540.0,""trend"":{""ema_ref"":7426.583985045111,""ema_slow"":7468.516773450935,""hma_order"":""BUY"",""hma_spread_atr"":5.116643964407775}},{""atr"":17.50955716970321,""bar"":{""body_fraction"":0.6176470588235294,""close"":7550.5,""close_position"":0.7352941176470589,""direction"":""UP"",""high"":7555.0,""low"":7538.0,""lower_wick_fraction"":0.1176470588235294,""move_atr"":0.5996725044633425,""move_points"":10.5,""open"":7540.0,""snapshot_time"":""2026-08-03T13:57:00+05:30"",""upper_wick_fraction"":0.2647058823529412,""volume"":8140.0},""close"":7550.5,""trend"":{""ema_ref"":7427.816980218791,""ema_slow"":7470.14020367963,""hma_order"":""BUY"",""hma_spread_atr"":5.02435371070645}},{""atr"":17.937445943295838,""bar"":{""body_fraction"":0.0425531914893617,""close"":7551.0,""close_position"":0.6595744680851063,""direction"":""UP"",""high"":7559.0,""low"":7535.5,""lower_wick_fraction"":0.6170212765957447,""move_atr"":0.05574929692673177,""move_points"":1.0,""open"":7550.0,""snapshot_time"":""2026-08-03T14:00:00+05:30"",""upper_wick_fraction"":0.3404255319148936,""volume"":12400.0},""close"":7551.0,""trend"":{""ema_ref"":7429.042681908157,""ema_slow"":7471.741387765182,""hma_order"":""BUY"",""hma_spread_atr"":4.803388277328059}},{""atr"":18.120485518774707,""bar"":{""body_fraction"":0.8048780487804879,""close"":7567.5,""close_position"":0.8536585365853658,""direction"":""UP"",""high"":7570.5,""low"":7550.0,""lower_wick_fraction"":0.04878048780487805,""move_atr"":0.9105716280562286,""move_points"":16.5,""open"":7551.0,""snapshot_time"":""2026-08-03T14:03:00+05:30"",""upper_wick_fraction"":0.14634146341463414,""volume"":8060.0},""close"":7567.5,""trend"":{""ema_ref"":7430.42036666529,""ema_slow"":7473.637597908445,""hma_order"":""BUY"",""hma_spread_atr"":4.658388266263794}},{""atr"":17.683307981719373,""bar"":{""body_fraction"":0.4583333333333333,""close"":7562.0,""close_position"":0.3333333333333333,""direction"":""DOWN"",""high"":7570.0,""low"":7558.0,""lower_wick_fraction"":0.3333333333333333,""move_atr"":-0.3110277786082662,""move_points"":-5.5,""open"":7567.5,""snapshot_time"":""2026-08-03T14:06:00+05:30"",""upper_wick_fraction"":0.20833333333333337,""volume"":3189.0},""close"":7562.0,""trend"":{""ema_ref"":7431.729616748223,""ema_slow"":7475.387348444911,""hma_order"":""BUY"",""hma_spread_atr"":4.6747711436424595}},{""atr"":17.241643125882277,""bar"":{""body_fraction"":0.17391304347826086,""close"":7560.0,""close_position"":0.21739130434782608,""direction"":""DOWN"",""high"":7569.0,""low"":7557.5,""lower_wick_fraction"":0.21739130434782608,""move_atr"":-0.11599822507622268,""move_points"":-2.0,""open"":7562.0,""snapshot_time"":""2026-08-03T14:09:00+05:30"",""upper_wick_fraction"":0.6086956521739131,""volume"":2494.0},""close"":7560.0,""trend"":{""ema_ref"":7433.0059389696335,""ema_slow"":7477.062846495507,""hma_order"":""BUY"",""hma_spread_atr"":4.690697510545612}},{""atr"":17.117240045462115,""bar"":{""body_fraction"":0.3548387096774194,""close"":7565.5,""close_position"":0.8387096774193549,""direction"":""UP"",""high"":7568.0,""low"":7552.5,""lower_wick_fraction"":0.4838709677419355,""move_atr"":0.32131348192771786,""move_points"":5.5,""open"":7560.0,""snapshot_time"":""2026-08-03T14:12:00+05:30"",""upper_wick_fraction"":0.16129032258064516,""volume"":2705.0},""close"":7565.5,""trend"":{""ema_ref"":7434.324287835608,""ema_slow"":7478.814077257972,""hma_order"":""BUY"",""hma_spread_atr"":4.618246556854139}},{""atr"":17.32315147078625,""bar"":{""body_fraction"":0.525,""close"":7577.5,""close_position"":0.875,""direction"":""UP"",""high"":7580.0,""low"":7560.0,""lower_wick_fraction"":0.35,""move_atr"":0.6061252779384393,""move_points"":10.5,""open"":7567.0,""snapshot_time"":""2026-08-03T14:15:00+05:30"",""upper_wick_fraction"":0.125,""volume"":8367.0},""close"":7577.5,""trend"":{""ema_ref"":7435.748921787493,""ema_slow"":7480.768253945933,""hma_order"":""BUY"",""hma_spread_atr"":4.458775951546503}}],""last_observation_hash"":""2b0e593eedadcab5c34a2542585a2cb5019f2605e41a622389242fdf12e046bf"",""last_snapshot_time"":""2026-08-03T14:15:00+05:30"",""observation"":{""compression_box_high"":null,""compression_box_low"":null,""compression_candidate_bars"":0,""current_state"":""TREND_FAILURE"",""established_side"":""DOWN"",""exhaustion_active"":true,""exhaustion_age_bars"":6,""exhaustion_clear_bars"":0,""exhaustion_last_seen_at"":""2026-08-03T14:15:00+05:30"",""exhaustion_side"":""DOWN"",""exhaustion_started_at"":""2026-08-03T14:00:00+05:30"",""failure_breach_bars"":7,""last_close"":7577.5,""last_reason_codes"":[""TREND_FAILURE_OBSERVATION_REMAINS_UNRESOLVED"",""OBSERVATION_PROPOSAL_MATCHED_CURRENT"",""OBSERVATION_STATE_TREND_FAILURE""],""last_snapshot_time"":""2026-08-03T14:15:00+05:30"",""leg_age_bars"":27,""leg_anchor_price"":7543.5,""leg_anchor_time"":""2026-08-03T12:57:00+05:30"",""leg_extreme_price"":7492.5,""leg_maturity_consumed"":true,""leg_maturity_extreme_price"":7492.5,""leg_maturity_onset_time"":""2026-08-03T13:30:00+05:30"",""leg_no_progress_bars"":20,""observation_count"":101,""pending_bars"":0,""pending_state"":null,""protection_level"":7543.5,""protection_source"":""INITIAL_DIRECTIONAL_ANCHOR"",""protection_time"":""2026-08-03T12:57:00+05:30"",""pullback_age_bars"":0,""pullback_candidate_bars"":0,""pullback_extreme_price"":null,""reacceleration_age_bars"":2,""recompression_age_bars"":0,""reversal_confirmation_bars"":1,""reversal_side"":""DOWN"",""state_age_bars"":6,""trading_day"":""2026-08-03"",""trend_anchor_price"":7543.5,""trend_candidate_bars"":5,""trend_candidate_side"":""UP"",""trend_extreme_price"":7492.5,""trend_failure_age_bars"":6,""trend_onset_time"":""2026-08-03T12:57:00+05:30""},""symbol"":""ABB"",""trading_day"":""2026-08-03""}"
restoration-v3-current-day,development,restoration-trend-control-v3,backtest-default,OK,,,,ABB,2026-08-03,2026-08-03T14:18:00+05:30,2026-08-03T14:15:00+05:30,SNAPSHOT_AUCTION_AUTHORITY_V3A,3m,True,True,7584.0,2026-08-03T14:18:00,7577.5,7589.0,7575.0,7584.0,5596.0,17.085783508587234,TRENDING_UP,BUY,candidate_has_directional_efficiency_or_displacement,RANGE_ACCEPTED,DYNAMIC:2026-08-03T13:00:00+05:30:2026-08-03T13:18:00+05:30,7492.5,7526.0,20,ok,UP_ACCELERATING,0.5413857664385712,0.32190505031482614,OK,INCREMENTAL_PREVIOUS_SNAPSHOT,AUTOTRADES_AUCTION_ENGINE,1.1.0,,,REVERSAL,UP,UP,False,False,False,UNKNOWN,False,False,True,7575.0,INITIAL_DIRECTIONAL_ANCHOR,2026-08-03T14:18:00+05:30,DYNAMIC:2026-08-03T13:00:00+05:30:2026-08-03T13:18:00+05:30,7492.5,7526.0,False,2.7313432835820897,0.6907216494845361,PRICE_ACTION,0.7485674213584452,OPPOSITE_FOLLOWTHROUGH_CONFIRMED_AFTER_TREND_FAILURE|OBSERVATION_TRANSITION_CONFIRMED|OBSERVATION_STATE_REVERSAL|OBJECTIVE_STRUCTURAL_FAILURE_OBSERVED|OBJECTIVE_ACCEPTED_RANGE_GEOMETRY_PRESENT|OBJECTIVE_TREND_PROTECTION_GEOMETRY_PRESENT,DIR:ABB:2026-08-03:006:UP:133300,DIRECTIONAL,DIRECTIONAL,UP,REVERSAL_EVENT_HANDOFF,DIR:ABB:2026-08-03:005:DOWN:124500,DIR:ABB:2026-08-03:005:DOWN:124500:DIRECTIONAL_REVERSAL_CONFIRMED:133300,2026-08-03T13:33:00+05:30,2026-08-03T13:51:00+05:30,10,7518.5,7589.0,2026-08-03T14:18:00+05:30,7575.0,INITIAL_DIRECTIONAL_ANCHOR,7513.0,OBSERVATION_REJECTION_OR_FAILED_EXTREME:BAR_HIGH,2026-08-03T13:24:00+05:30,2,1.449412225839378,0,False,DIRECTIONAL_EPISODE_RETAINED,6,UNKNOWN,0,0,0,0,0,REVERSAL,2026-08-03T14:18:00+05:30,DIRECTIONAL_EPISODE_RETAINED,,NONE,NONE,0,,,,,,UNKNOWN,0,0,0,0,False,False,NO_QUALIFIED_ACCEPTED_RANGE,0,,,,,,0,,,,,MATCH,MATCH,MATCH,MATCH,False,0,False,False,False,True,,COHERENT,[],[],"{""accepted_range_breakout_eligible"":true,""accepted_range_established_at"":""2026-08-03T13:18:00+05:30"",""accepted_range_high"":7526.0,""accepted_range_id"":""DYNAMIC:2026-08-03T13:00:00+05:30:2026-08-03T13:18:00+05:30"",""accepted_range_inside"":false,""accepted_range_low"":7492.5,""accepted_range_outside_atr"":3.3946350760472574,""accepted_range_position"":2.7313432835820897,""accepted_range_provisional"":false,""atr"":17.085783508587234,""close"":7584.0,""current_leg_mature"":false,""directional_bias"":""UP"",""directional_efficiency"":0.6907216494845361,""directional_efficiency_source"":""PRICE_ACTION"",""exhausted_side"":""UNKNOWN"",""exhaustion_active"":false,""extension_mature"":false,""failed_extreme_observed"":false,""high"":7589.0,""low"":7575.0,""observation_state"":""REVERSAL"",""overlap_ratio"":0.7485674213584452,""range_width_atr"":1.9606943973721227,""rejection_observed"":false,""snapshot_time"":""2026-08-03T14:18:00+05:30"",""source_reason_codes"":[""OPPOSITE_FOLLOWTHROUGH_CONFIRMED_AFTER_TREND_FAILURE"",""OBSERVATION_TRANSITION_CONFIRMED"",""OBSERVATION_STATE_REVERSAL"",""OBJECTIVE_STRUCTURAL_FAILURE_OBSERVED"",""OBJECTIVE_ACCEPTED_RANGE_GEOMETRY_PRESENT"",""OBJECTIVE_TREND_PROTECTION_GEOMETRY_PRESENT""],""structural_failure_confirmed"":true,""symbol"":""ABB"",""trading_day"":""2026-08-03"",""trend_direction"":""UP"",""trend_protection_level"":7575.0,""trend_protection_source"":""INITIAL_DIRECTIONAL_ANCHOR"",""trend_protection_time"":""2026-08-03T14:18:00+05:30""}","{""continuation_failure_seen"":false,""continuation_failure_time"":null,""current_state"":""DIRECTIONAL"",""direction"":""UP"",""episode_id"":""DIR:ABB:2026-08-03:006:UP:133300"",""extreme_price"":7589.0,""extreme_time"":""2026-08-03T14:18:00+05:30"",""first_adverse_bar_close"":null,""first_adverse_bar_level"":null,""first_adverse_bar_time"":null,""origin_event_id"":""DIR:ABB:2026-08-03:005:DOWN:124500:DIRECTIONAL_REVERSAL_CONFIRMED:133300"",""origin_price"":7518.5,""origin_source"":""REVERSAL_EVENT_HANDOFF"",""parent_episode_id"":""DIR:ABB:2026-08-03:005:DOWN:124500"",""previous_state"":""DIRECTIONAL"",""protection_level"":7575.0,""protection_source"":""INITIAL_DIRECTIONAL_ANCHOR"",""reason_codes"":[""DIRECTIONAL_EPISODE_RETAINED""],""rejection_seen"":false,""reversal_confirmation_breach_closes"":0,""reversal_confirmation_level"":7513.0,""reversal_confirmation_level_time"":""2026-08-03T13:24:00+05:30"",""reversal_confirmation_source"":""OBSERVATION_REJECTION_OR_FAILED_EXTREME:BAR_HIGH"",""reversal_leg_failure_closes"":0,""reversal_leg_progress_atr"":1.449412225839378,""reversal_leg_progress_bars"":2,""started_at"":""2026-08-03T13:33:00+05:30"",""state_age_bars"":10,""state_started_at"":""2026-08-03T13:51:00+05:30""}","{""attempt_limit_reached"":false,""candidate_bar_expansion_count"":0,""candidate_high"":null,""candidate_last_valid_at"":null,""candidate_low"":null,""candidate_merge_count"":0,""containment_bars"":0,""containment_ratio"":0.0,""current_state"":""NONE"",""down_escape_attempt_count"":0,""episode_id"":null,""escape_attempt_count"":0,""escape_direction"":""UNKNOWN"",""failed_escape_count"":0,""forming_bars_observed"":0,""forming_invalid_bars"":0,""frozen_high"":null,""frozen_low"":null,""last_escape_direction"":""UNKNOWN"",""last_escape_failed_at"":null,""last_escape_started_at"":null,""marginal_excursion_bars"":0,""meaningful_escape_bars"":0,""outside_close_count"":0,""previous_state"":""NONE"",""range_id"":null,""rearm_bars_elapsed"":0,""rearm_inside_close_count"":0,""rearm_required"":false,""reason_codes"":[""NO_QUALIFIED_ACCEPTED_RANGE""],""reentry_close_count"":0,""source_range_ids"":[],""started_at"":null,""state_age_bars"":0,""state_started_at"":null,""up_escape_attempt_count"":0}","{""balance_attempt_limit_reached"":false,""balance_candidate_bar_expansion_count"":0,""balance_candidate_merge_count"":0,""balance_containment_ratio"":0.0,""balance_down_escape_attempt_count"":0,""balance_escape_attempt_count"":0,""balance_failed_escape_count"":0,""balance_forming_bars_observed"":0,""balance_forming_invalid_bars"":0,""balance_last_escape_direction"":""UNKNOWN"",""balance_last_escape_failed_at"":null,""balance_last_escape_started_at"":null,""balance_marginal_excursion_bars"":0,""balance_meaningful_escape_bars"":0,""balance_rearm_bars_elapsed"":0,""balance_rearm_inside_close_count"":0,""balance_rearm_required"":false,""balance_up_escape_attempt_count"":0,""directional_origin_event_id"":""DIR:ABB:2026-08-03:005:DOWN:124500:DIRECTIONAL_REVERSAL_CONFIRMED:133300"",""directional_origin_source"":""REVERSAL_EVENT_HANDOFF"",""directional_parent_episode_id"":""DIR:ABB:2026-08-03:005:DOWN:124500"",""directional_reversal_watch_age_bars"":0,""directional_start_candidate_bars"":0,""directional_start_candidate_side"":""UNKNOWN"",""observation_accepted_range_id"":""DYNAMIC:2026-08-03T13:00:00+05:30:2026-08-03T13:18:00+05:30"",""observation_current_leg_mature"":false,""observation_directional_bias"":""UP"",""observation_exhaustion_active"":false,""observation_state"":""REVERSAL""}","{""balance"":{""attempt_limit_reached"":false,""candidate_bar_expansion_count"":0,""candidate_high"":null,""candidate_last_valid_at"":null,""candidate_low"":null,""candidate_merge_count"":0,""containment_bars"":0,""down_escape_attempt_count"":0,""emitted_event_ids"":[""BAL:ABB:2026-08-03:001:NEUTRAL:100600:BALANCE_COMPLETED:105400"",""BAL:ABB:2026-08-03:001:NEUTRAL:100600:BALANCE_ESCAPE_ACCEPTED:105100"",""BAL:ABB:2026-08-03:001:NEUTRAL:100600:BALANCE_ESCAPE_STARTED:104800"",""BAL:ABB:2026-08-03:001:NEUTRAL:100600:BALANCE_FORMING_STARTED:100600"",""BAL:ABB:2026-08-03:001:NEUTRAL:100600:BALANCE_LOCKED:102700"",""BAL:ABB:2026-08-03:001:NEUTRAL:100600:BALANCE_PROBABLE:101800"",""BAL:ABB:2026-08-03:002:NEUTRAL:112100:BALANCE_COMPLETED:113000"",""BAL:ABB:2026-08-03:002:NEUTRAL:112100:BALANCE_FORMING_STARTED:112100"",""BAL:ABB:2026-08-03:003:NEUTRAL:114800:BALANCE_COMPLETED:115400"",""BAL:ABB:2026-08-03:003:NEUTRAL:114800:BALANCE_FORMING_STARTED:114800"",""BAL:ABB:2026-08-03:004:NEUTRAL:122400:BALANCE_COMPLETED:125400"",""BAL:ABB:2026-08-03:004:NEUTRAL:122400:BALANCE_ESCAPE_ACCEPTED:125100"",""BAL:ABB:2026-08-03:004:NEUTRAL:122400:BALANCE_ESCAPE_STARTED:124800"",""BAL:ABB:2026-08-03:004:NEUTRAL:122400:BALANCE_FORMING_STARTED:122400"",""BAL:ABB:2026-08-03:004:NEUTRAL:122400:BALANCE_LOCKED:124500"",""BAL:ABB:2026-08-03:004:NEUTRAL:122400:BALANCE_PROBABLE:123600"",""BAL:ABB:2026-08-03:005:NEUTRAL:132100:BALANCE_COMPLETED:135400"",""BAL:ABB:2026-08-03:005:NEUTRAL:132100:BALANCE_ESCAPE_ACCEPTED:135100"",""BAL:ABB:2026-08-03:005:NEUTRAL:132100:BALANCE_ESCAPE_STARTED:134800"",""BAL:ABB:2026-08-03:005:NEUTRAL:132100:BALANCE_FORMING_STARTED:132100"",""BAL:ABB:2026-08-03:005:NEUTRAL:132100:BALANCE_LOCKED:134200"",""BAL:ABB:2026-08-03:005:NEUTRAL:132100:BALANCE_PROBABLE:133300""],""episode_id"":null,""escape_attempt_count"":0,""escape_direction"":""UNKNOWN"",""failed_escape_count"":0,""forming_bars_observed"":0,""forming_invalid_bars"":0,""frozen_high"":null,""frozen_low"":null,""last_escape_direction"":""UNKNOWN"",""last_escape_failed_at"":null,""last_escape_started_at"":null,""last_reason_codes"":[""NO_QUALIFIED_ACCEPTED_RANGE""],""marginal_excursion_bars"":0,""meaningful_escape_bars"":0,""outside_close_count"":0,""range_id"":null,""rearm_bars_elapsed"":0,""rearm_inside_close_count"":0,""rearm_required"":false,""reentry_close_count"":0,""sequence"":5,""source_range_ids"":[],""started_at"":null,""state"":""NONE"",""state_age_bars"":0,""state_started_at"":null,""up_escape_attempt_count"":0},""directional"":{""continuation_failure_progress_bars"":0,""continuation_failure_seen"":false,""continuation_failure_seen_at"":null,""direction"":""UP"",""emitted_event_ids"":[""DIR:ABB:2026-08-03:001:DOWN:101500:DIRECTIONAL_COMPLETED:105100"",""DIR:ABB:2026-08-03:001:DOWN:101500:DIRECTIONAL_STARTED:101500"",""DIR:ABB:2026-08-03:002:UP:110000:DIRECTIONAL_COMPLETED:113900"",""DIR:ABB:2026-08-03:002:UP:110000:DIRECTIONAL_MATURED:110300"",""DIR:ABB:2026-08-03:002:UP:110000:DIRECTIONAL_REVERSAL_CONFIRMED:113900"",""DIR:ABB:2026-08-03:002:UP:110000:DIRECTIONAL_STARTED:110000"",""DIR:ABB:2026-08-03:002:UP:110000:REVERSAL_WATCH_STARTED:110600"",""DIR:ABB:2026-08-03:003:DOWN:113900:DIRECTIONAL_COMPLETED:115400"",""DIR:ABB:2026-08-03:003:DOWN:113900:DIRECTIONAL_REVERSAL_LEG_FAILED:115400"",""DIR:ABB:2026-08-03:003:DOWN:113900:DIRECTIONAL_REVERSAL_LEG_STARTED:113900"",""DIR:ABB:2026-08-03:004:UP:120000:DIRECTIONAL_COMPLETED:124500"",""DIR:ABB:2026-08-03:004:UP:120000:DIRECTIONAL_CONTINUATION_CONFIRMED:123300"",""DIR:ABB:2026-08-03:004:UP:120000:DIRECTIONAL_MATURED:120300"",""DIR:ABB:2026-08-03:004:UP:120000:DIRECTIONAL_MATURED:123900"",""DIR:ABB:2026-08-03:004:UP:120000:DIRECTIONAL_REVERSAL_CONFIRMED:124500"",""DIR:ABB:2026-08-03:004:UP:120000:DIRECTIONAL_STARTED:120000"",""DIR:ABB:2026-08-03:004:UP:120000:DIRECTIONAL_TREND_RESTORED:122100"",""DIR:ABB:2026-08-03:004:UP:120000:REVERSAL_WATCH_STARTED:120600"",""DIR:ABB:2026-08-03:004:UP:120000:REVERSAL_WATCH_STARTED:124200"",""DIR:ABB:2026-08-03:005:DOWN:124500:DIRECTIONAL_COMPLETED:133300"",""DIR:ABB:2026-08-03:005:DOWN:124500:DIRECTIONAL_MATURED:125700"",""DIR:ABB:2026-08-03:005:DOWN:124500:DIRECTIONAL_MATURED:131800"",""DIR:ABB:2026-08-03:005:DOWN:124500:DIRECTIONAL_REVERSAL_CONFIRMED:133300"",""DIR:ABB:2026-08-03:005:DOWN:124500:DIRECTIONAL_REVERSAL_LEG_ESTABLISHED:125100"",""DIR:ABB:2026-08-03:005:DOWN:124500:DIRECTIONAL_REVERSAL_LEG_STARTED:124500"",""DIR:ABB:2026-08-03:005:DOWN:124500:DIRECTIONAL_TREND_RESTORED:131500"",""DIR:ABB:2026-08-03:005:DOWN:124500:REVERSAL_WATCH_STARTED:130000"",""DIR:ABB:2026-08-03:005:DOWN:124500:REVERSAL_WATCH_STARTED:132100"",""DIR:ABB:2026-08-03:006:UP:133300:DIRECTIONAL_REVERSAL_LEG_ESTABLISHED:135100"",""DIR:ABB:2026-08-03:006:UP:133300:DIRECTIONAL_REVERSAL_LEG_STARTED:133300""],""episode_id"":""DIR:ABB:2026-08-03:006:UP:133300"",""extreme_price"":7589.0,""extreme_time"":""2026-08-03T14:18:00+05:30"",""first_adverse_bar_close"":null,""first_adverse_bar_level"":null,""first_adverse_bar_time"":null,""inactive_bars"":0,""last_close"":7584.0,""last_observation_state"":""REVERSAL"",""last_observation_state_time"":""2026-08-03T14:18:00+05:30"",""last_reason_codes"":[""DIRECTIONAL_EPISODE_RETAINED""],""opposite_control_bars"":0,""origin_event_id"":""DIR:ABB:2026-08-03:005:DOWN:124500:DIRECTIONAL_REVERSAL_CONFIRMED:133300"",""origin_price"":7518.5,""origin_source"":""REVERSAL_EVENT_HANDOFF"",""parent_episode_id"":""DIR:ABB:2026-08-03:005:DOWN:124500"",""protection_level"":7575.0,""protection_source"":""INITIAL_DIRECTIONAL_ANCHOR"",""protection_time"":""2026-08-03T14:18:00+05:30"",""rejection_seen"":false,""rejection_seen_at"":null,""reversal_confirmation_breach_closes"":0,""reversal_confirmation_level"":7513.0,""reversal_confirmation_level_time"":""2026-08-03T13:24:00+05:30"",""reversal_confirmation_source"":""OBSERVATION_REJECTION_OR_FAILED_EXTREME:BAR_HIGH"",""reversal_leg_failure_closes"":0,""reversal_leg_progress_atr"":1.449412225839378,""reversal_leg_progress_bars"":2,""reversal_watch_age_bars"":0,""sequence"":6,""start_candidate_bars"":0,""start_candidate_side"":""UNKNOWN"",""started_at"":""2026-08-03T13:33:00+05:30"",""state"":""DIRECTIONAL"",""state_age_bars"":10,""state_started_at"":""2026-08-03T13:51:00+05:30"",""trend_restore_bars"":0},""evidence_history"":[{""atr"":16.760482764305117,""bar"":{""body_fraction"":0.9565217391304348,""close"":7511.5,""close_position"":0.043478260869565216,""direction"":""DOWN"",""high"":7522.5,""low"":7511.0,""lower_wick_fraction"":0.043478260869565216,""move_atr"":-0.6563056777473472,""move_points"":-11.0,""open"":7522.5,""snapshot_time"":""2026-08-03T13:45:00+05:30"",""upper_wick_fraction"":0.0,""volume"":2363.0},""close"":7511.5,""trend"":{""ema_ref"":7423.079167654807,""ema_slow"":7463.993295059845,""hma_order"":""SELL"",""hma_spread_atr"":5.684656087223569}},{""atr"":18.420448281140462,""bar"":{""body_fraction"":0.7125,""close"":7540.0,""close_position"":0.8375,""direction"":""UP"",""high"":7546.5,""low"":7506.5,""lower_wick_fraction"":0.125,""move_atr"":1.547193616844784,""move_points"":28.5,""open"":7511.5,""snapshot_time"":""2026-08-03T13:48:00+05:30"",""upper_wick_fraction"":0.1625,""volume"":9361.0},""close"":7540.0,""trend"":{""ema_ref"":7424.242559021426,""ema_slow"":7465.498378325987,""hma_order"":""SELL"",""hma_spread_atr"":5.072903938088871}},{""atr"":18.283273403916144,""bar"":{""body_fraction"":0.30303030303030304,""close"":7545.0,""close_position"":1.0,""direction"":""UP"",""high"":7545.0,""low"":7528.5,""lower_wick_fraction"":0.696969696969697,""move_atr"":0.27347400487535434,""move_points"":5.0,""open"":7540.0,""snapshot_time"":""2026-08-03T13:51:00+05:30"",""upper_wick_fraction"":0.0,""volume"":3032.0},""close"":7545.0,""trend"":{""ema_ref"":7425.444125598327,""ema_slow"":7467.072667864086,""hma_order"":""BUY"",""hma_spread_atr"":5.0117307225871865}},{""atr"":17.548753875064993,""bar"":{""body_fraction"":0.625,""close"":7540.0,""close_position"":0.375,""direction"":""DOWN"",""high"":7545.0,""low"":7537.0,""lower_wick_fraction"":0.375,""move_atr"":-0.28492051547343744,""move_points"":-5.0,""open"":7545.0,""snapshot_time"":""2026-08-03T13:54:00+05:30"",""upper_wick_fraction"":0.0,""volume"":2998.0},""close"":7540.0,""trend"":{""ema_ref"":7426.583985045111,""ema_slow"":7468.516773450935,""hma_order"":""BUY"",""hma_spread_atr"":5.116643964407775}},{""atr"":17.50955716970321,""bar"":{""body_fraction"":0.6176470588235294,""close"":7550.5,""close_position"":0.7352941176470589,""direction"":""UP"",""high"":7555.0,""low"":7538.0,""lower_wick_fraction"":0.1176470588235294,""move_atr"":0.5996725044633425,""move_points"":10.5,""open"":7540.0,""snapshot_time"":""2026-08-03T13:57:00+05:30"",""upper_wick_fraction"":0.2647058823529412,""volume"":8140.0},""close"":7550.5,""trend"":{""ema_ref"":7427.816980218791,""ema_slow"":7470.14020367963,""hma_order"":""BUY"",""hma_spread_atr"":5.02435371070645}},{""atr"":17.937445943295838,""bar"":{""body_fraction"":0.0425531914893617,""close"":7551.0,""close_position"":0.6595744680851063,""direction"":""UP"",""high"":7559.0,""low"":7535.5,""lower_wick_fraction"":0.6170212765957447,""move_atr"":0.05574929692673177,""move_points"":1.0,""open"":7550.0,""snapshot_time"":""2026-08-03T14:00:00+05:30"",""upper_wick_fraction"":0.3404255319148936,""volume"":12400.0},""close"":7551.0,""trend"":{""ema_ref"":7429.042681908157,""ema_slow"":7471.741387765182,""hma_order"":""BUY"",""hma_spread_atr"":4.803388277328059}},{""atr"":18.120485518774707,""bar"":{""body_fraction"":0.8048780487804879,""close"":7567.5,""close_position"":0.8536585365853658,""direction"":""UP"",""high"":7570.5,""low"":7550.0,""lower_wick_fraction"":0.04878048780487805,""move_atr"":0.9105716280562286,""move_points"":16.5,""open"":7551.0,""snapshot_time"":""2026-08-03T14:03:00+05:30"",""upper_wick_fraction"":0.14634146341463414,""volume"":8060.0},""close"":7567.5,""trend"":{""ema_ref"":7430.42036666529,""ema_slow"":7473.637597908445,""hma_order"":""BUY"",""hma_spread_atr"":4.658388266263794}},{""atr"":17.683307981719373,""bar"":{""body_fraction"":0.4583333333333333,""close"":7562.0,""close_position"":0.3333333333333333,""direction"":""DOWN"",""high"":7570.0,""low"":7558.0,""lower_wick_fraction"":0.3333333333333333,""move_atr"":-0.3110277786082662,""move_points"":-5.5,""open"":7567.5,""snapshot_time"":""2026-08-03T14:06:00+05:30"",""upper_wick_fraction"":0.20833333333333337,""volume"":3189.0},""close"":7562.0,""trend"":{""ema_ref"":7431.729616748223,""ema_slow"":7475.387348444911,""hma_order"":""BUY"",""hma_spread_atr"":4.6747711436424595}},{""atr"":17.241643125882277,""bar"":{""body_fraction"":0.17391304347826086,""close"":7560.0,""close_position"":0.21739130434782608,""direction"":""DOWN"",""high"":7569.0,""low"":7557.5,""lower_wick_fraction"":0.21739130434782608,""move_atr"":-0.11599822507622268,""move_points"":-2.0,""open"":7562.0,""snapshot_time"":""2026-08-03T14:09:00+05:30"",""upper_wick_fraction"":0.6086956521739131,""volume"":2494.0},""close"":7560.0,""trend"":{""ema_ref"":7433.0059389696335,""ema_slow"":7477.062846495507,""hma_order"":""BUY"",""hma_spread_atr"":4.690697510545612}},{""atr"":17.117240045462115,""bar"":{""body_fraction"":0.3548387096774194,""close"":7565.5,""close_position"":0.8387096774193549,""direction"":""UP"",""high"":7568.0,""low"":7552.5,""lower_wick_fraction"":0.4838709677419355,""move_atr"":0.32131348192771786,""move_points"":5.5,""open"":7560.0,""snapshot_time"":""2026-08-03T14:12:00+05:30"",""upper_wick_fraction"":0.16129032258064516,""volume"":2705.0},""close"":7565.5,""trend"":{""ema_ref"":7434.324287835608,""ema_slow"":7478.814077257972,""hma_order"":""BUY"",""hma_spread_atr"":4.618246556854139}},{""atr"":17.32315147078625,""bar"":{""body_fraction"":0.525,""close"":7577.5,""close_position"":0.875,""direction"":""UP"",""high"":7580.0,""low"":7560.0,""lower_wick_fraction"":0.35,""move_atr"":0.6061252779384393,""move_points"":10.5,""open"":7567.0,""snapshot_time"":""2026-08-03T14:15:00+05:30"",""upper_wick_fraction"":0.125,""volume"":8367.0},""close"":7577.5,""trend"":{""ema_ref"":7435.748921787493,""ema_slow"":7480.768253945933,""hma_order"":""BUY"",""hma_spread_atr"":4.458775951546503}},{""atr"":17.085783508587234,""bar"":{""body_fraction"":0.4642857142857143,""close"":7584.0,""close_position"":0.6428571428571429,""direction"":""UP"",""high"":7589.0,""low"":7575.0,""lower_wick_fraction"":0.17857142857142858,""move_atr"":0.3804332412811582,""move_points"":6.5,""open"":7577.5,""snapshot_time"":""2026-08-03T14:18:00+05:30"",""upper_wick_fraction"":0.35714285714285715,""volume"":5596.0},""close"":7584.0,""trend"":{""ema_ref"":7437.224056894085,""ema_slow"":7482.812446937102,""hma_order"":""BUY"",""hma_spread_atr"":4.414986225622977}}],""last_observation_hash"":""b13b34dbc7c4fde3e632f150994b2a58874760fee07651f44439c99a8dd3cded"",""last_snapshot_time"":""2026-08-03T14:18:00+05:30"",""observation"":{""compression_box_high"":null,""compression_box_low"":null,""compression_candidate_bars"":0,""current_state"":""REVERSAL"",""established_side"":""UP"",""exhaustion_active"":false,""exhaustion_age_bars"":0,""exhaustion_clear_bars"":0,""exhaustion_last_seen_at"":null,""exhaustion_side"":""UNKNOWN"",""exhaustion_started_at"":null,""failure_breach_bars"":0,""last_close"":7584.0,""last_reason_codes"":[""OPPOSITE_FOLLOWTHROUGH_CONFIRMED_AFTER_TREND_FAILURE"",""OBSERVATION_TRANSITION_CONFIRMED"",""OBSERVATION_STATE_REVERSAL""],""last_snapshot_time"":""2026-08-03T14:18:00+05:30"",""leg_age_bars"":1,""leg_anchor_price"":7575.0,""leg_anchor_time"":""2026-08-03T14:18:00+05:30"",""leg_extreme_price"":7589.0,""leg_maturity_consumed"":false,""leg_maturity_extreme_price"":null,""leg_maturity_onset_time"":null,""leg_no_progress_bars"":0,""observation_count"":102,""pending_bars"":0,""pending_state"":null,""protection_level"":7575.0,""protection_source"":""INITIAL_DIRECTIONAL_ANCHOR"",""protection_time"":""2026-08-03T14:18:00+05:30"",""pullback_age_bars"":0,""pullback_candidate_bars"":0,""pullback_extreme_price"":null,""reacceleration_age_bars"":2,""recompression_age_bars"":0,""reversal_confirmation_bars"":0,""reversal_side"":""UP"",""state_age_bars"":1,""trading_day"":""2026-08-03"",""trend_anchor_price"":7575.0,""trend_candidate_bars"":6,""trend_candidate_side"":""UP"",""trend_extreme_price"":7589.0,""trend_failure_age_bars"":0,""trend_onset_time"":""2026-08-03T14:18:00+05:30""},""symbol"":""ABB"",""trading_day"":""2026-08-03""}"
restoration-v3-current-day,development,restoration-trend-control-v3,backtest-default,OK,,,,ABB,2026-08-03,2026-08-03T14:21:00+05:30,2026-08-03T14:18:00+05:30,SNAPSHOT_AUCTION_AUTHORITY_V3A,3m,True,True,7580.0,2026-08-03T14:21:00,7584.0,7597.0,7576.0,7580.0,4726.0,17.365370400831004,TRENDING_UP,BUY,candidate_has_directional_efficiency_or_displacement,RANGE_ACCEPTED,DYNAMIC:2026-08-03T13:00:00+05:30:2026-08-03T13:18:00+05:30,7492.5,7526.0,21,ok,UP_SLOWING,0.07198234020624071,0.28792936082496284,OK,INCREMENTAL_PREVIOUS_SNAPSHOT,AUTOTRADES_AUCTION_ENGINE,1.1.0,,,REVERSAL,UP,UP,False,True,False,UNKNOWN,True,False,False,7575.0,INITIAL_DIRECTIONAL_ANCHOR,2026-08-03T14:18:00+05:30,DYNAMIC:2026-08-03T13:00:00+05:30:2026-08-03T13:18:00+05:30,7492.5,7526.0,False,2.611940298507463,0.5576923076923077,PRICE_ACTION,0.7342817070727309,REVERSAL_OBSERVATION_GRADUATING_TO_ORDERLY_TREND|MINIMUM_DWELL_REVERSAL_3_BARS|OBSERVATION_STATE_REVERSAL|OBJECTIVE_REJECTION_OBSERVED|OBJECTIVE_ACCEPTED_RANGE_GEOMETRY_PRESENT|OBJECTIVE_TREND_PROTECTION_GEOMETRY_PRESENT,DIR:ABB:2026-08-03:006:UP:133300,DIRECTIONAL,MATURE,UP,REVERSAL_EVENT_HANDOFF,DIR:ABB:2026-08-03:005:DOWN:124500,DIR:ABB:2026-08-03:005:DOWN:124500:DIRECTIONAL_REVERSAL_CONFIRMED:133300,2026-08-03T13:33:00+05:30,2026-08-03T14:21:00+05:30,1,7518.5,7597.0,2026-08-03T14:21:00+05:30,7575.0,INITIAL_DIRECTIONAL_ANCHOR,7513.0,OBSERVATION_REJECTION_OR_FAILED_EXTREME:BAR_HIGH,2026-08-03T13:24:00+05:30,2,1.449412225839378,0,False,DIRECTIONAL_MATURITY_OBSERVED,6,UNKNOWN,0,0,0,0,0,REVERSAL,2026-08-03T14:21:00+05:30,DIRECTIONAL_MATURITY_OBSERVED,,NONE,NONE,0,,,,,,UNKNOWN,0,0,0,0,False,False,NO_QUALIFIED_ACCEPTED_RANGE,1,DIR:ABB:2026-08-03:006:UP:133300:DIRECTIONAL_MATURED:142100,DIRECTIONAL_MATURED,UP,DIR:ABB:2026-08-03:006:UP:133300,DIRECTIONAL_MATURED:DIRECTIONAL_MATURITY_OBSERVED,0,,,,,MATCH,MATCH,MATCH,MATCH,False,0,False,False,True,True,,COHERENT,"[""event_id='DIR:ABB:2026-08-03:006:UP:133300:DIRECTIONAL_MATURED:142100' event_type=<AuctionEventType.DIRECTIONAL_MATURED: 'DIRECTIONAL_MATURED'> episode_id='DIR:ABB:2026-08-03:006:UP:133300' symbol='ABB' trading_day=datetime.date(2026, 8, 3) event_time=datetime.datetime(2026, 8, 3, 14, 21, tzinfo=TzInfo(19800)) direction=<DirectionalBias.UP: 'UP'> reason_codes=('DIRECTIONAL_MATURITY_OBSERVED',) data={'origin_price': 7518.5, 'extreme_price': 7597.0, 'origin_source': 'REVERSAL_EVENT_HANDOFF', 'origin_event_id': 'DIR:ABB:2026-08-03:005:DOWN:124500:DIRECTIONAL_REVERSAL_CONFIRMED:133300', 'protection_level': 7575.0, 'parent_episode_id': 'DIR:ABB:2026-08-03:005:DOWN:124500', 'protection_source': 'INITIAL_DIRECTIONAL_ANCHOR', 'first_adverse_bar_time': None, 'first_adverse_bar_close': None, 'first_adverse_bar_level': None, 'continuation_failure_time': None, 'reversal_leg_progress_atr': 1.449412225839378, 'reversal_leg_progress_bars': 2, 'reversal_confirmation_level': 7513.0, 'reversal_leg_failure_closes': 0, 'reversal_confirmation_source': 'OBSERVATION_REJECTION_OR_FAILED_EXTREME:BAR_HIGH', 'reversal_confirmation_level_time': '2026-08-03T13:24:00+05:30'}""]",[],"{""accepted_range_breakout_eligible"":true,""accepted_range_established_at"":""2026-08-03T13:18:00+05:30"",""accepted_range_high"":7526.0,""accepted_range_id"":""DYNAMIC:2026-08-03T13:00:00+05:30:2026-08-03T13:18:00+05:30"",""accepted_range_inside"":false,""accepted_range_low"":7492.5,""accepted_range_outside_atr"":3.1096370969095988,""accepted_range_position"":2.611940298507463,""accepted_range_provisional"":false,""atr"":17.365370400831004,""close"":7580.0,""current_leg_mature"":false,""directional_bias"":""UP"",""directional_efficiency"":0.5576923076923077,""directional_efficiency_source"":""PRICE_ACTION"",""exhausted_side"":""UNKNOWN"",""exhaustion_active"":false,""extension_mature"":true,""failed_extreme_observed"":false,""high"":7597.0,""low"":7576.0,""observation_state"":""REVERSAL"",""overlap_ratio"":0.7342817070727309,""range_width_atr"":1.929126717527251,""rejection_observed"":true,""snapshot_time"":""2026-08-03T14:21:00+05:30"",""source_reason_codes"":[""REVERSAL_OBSERVATION_GRADUATING_TO_ORDERLY_TREND"",""MINIMUM_DWELL_REVERSAL_3_BARS"",""OBSERVATION_STATE_REVERSAL"",""OBJECTIVE_REJECTION_OBSERVED"",""OBJECTIVE_ACCEPTED_RANGE_GEOMETRY_PRESENT"",""OBJECTIVE_TREND_PROTECTION_GEOMETRY_PRESENT""],""structural_failure_confirmed"":false,""symbol"":""ABB"",""trading_day"":""2026-08-03"",""trend_direction"":""UP"",""trend_protection_level"":7575.0,""trend_protection_source"":""INITIAL_DIRECTIONAL_ANCHOR"",""trend_protection_time"":""2026-08-03T14:18:00+05:30""}","{""continuation_failure_seen"":false,""continuation_failure_time"":null,""current_state"":""MATURE"",""direction"":""UP"",""episode_id"":""DIR:ABB:2026-08-03:006:UP:133300"",""extreme_price"":7597.0,""extreme_time"":""2026-08-03T14:21:00+05:30"",""first_adverse_bar_close"":null,""first_adverse_bar_level"":null,""first_adverse_bar_time"":null,""origin_event_id"":""DIR:ABB:2026-08-03:005:DOWN:124500:DIRECTIONAL_REVERSAL_CONFIRMED:133300"",""origin_price"":7518.5,""origin_source"":""REVERSAL_EVENT_HANDOFF"",""parent_episode_id"":""DIR:ABB:2026-08-03:005:DOWN:124500"",""previous_state"":""DIRECTIONAL"",""protection_level"":7575.0,""protection_source"":""INITIAL_DIRECTIONAL_ANCHOR"",""reason_codes"":[""DIRECTIONAL_MATURITY_OBSERVED""],""rejection_seen"":false,""reversal_confirmation_breach_closes"":0,""reversal_confirmation_level"":7513.0,""reversal_confirmation_level_time"":""2026-08-03T13:24:00+05:30"",""reversal_confirmation_source"":""OBSERVATION_REJECTION_OR_FAILED_EXTREME:BAR_HIGH"",""reversal_leg_failure_closes"":0,""reversal_leg_progress_atr"":1.449412225839378,""reversal_leg_progress_bars"":2,""started_at"":""2026-08-03T13:33:00+05:30"",""state_age_bars"":1,""state_started_at"":""2026-08-03T14:21:00+05:30""}","{""attempt_limit_reached"":false,""candidate_bar_expansion_count"":0,""candidate_high"":null,""candidate_last_valid_at"":null,""candidate_low"":null,""candidate_merge_count"":0,""containment_bars"":0,""containment_ratio"":0.0,""current_state"":""NONE"",""down_escape_attempt_count"":0,""episode_id"":null,""escape_attempt_count"":0,""escape_direction"":""UNKNOWN"",""failed_escape_count"":0,""forming_bars_observed"":0,""forming_invalid_bars"":0,""frozen_high"":null,""frozen_low"":null,""last_escape_direction"":""UNKNOWN"",""last_escape_failed_at"":null,""last_escape_started_at"":null,""marginal_excursion_bars"":0,""meaningful_escape_bars"":0,""outside_close_count"":0,""previous_state"":""NONE"",""range_id"":null,""rearm_bars_elapsed"":0,""rearm_inside_close_count"":0,""rearm_required"":false,""reason_codes"":[""NO_QUALIFIED_ACCEPTED_RANGE""],""reentry_close_count"":0,""source_range_ids"":[],""started_at"":null,""state_age_bars"":0,""state_started_at"":null,""up_escape_attempt_count"":0}","{""balance_attempt_limit_reached"":false,""balance_candidate_bar_expansion_count"":0,""balance_candidate_merge_count"":0,""balance_containment_ratio"":0.0,""balance_down_escape_attempt_count"":0,""balance_escape_attempt_count"":0,""balance_failed_escape_count"":0,""balance_forming_bars_observed"":0,""balance_forming_invalid_bars"":0,""balance_last_escape_direction"":""UNKNOWN"",""balance_last_escape_failed_at"":null,""balance_last_escape_started_at"":null,""balance_marginal_excursion_bars"":0,""balance_meaningful_escape_bars"":0,""balance_rearm_bars_elapsed"":0,""balance_rearm_inside_close_count"":0,""balance_rearm_required"":false,""balance_up_escape_attempt_count"":0,""directional_origin_event_id"":""DIR:ABB:2026-08-03:005:DOWN:124500:DIRECTIONAL_REVERSAL_CONFIRMED:133300"",""directional_origin_source"":""REVERSAL_EVENT_HANDOFF"",""directional_parent_episode_id"":""DIR:ABB:2026-08-03:005:DOWN:124500"",""directional_reversal_watch_age_bars"":0,""directional_start_candidate_bars"":0,""directional_start_candidate_side"":""UNKNOWN"",""observation_accepted_range_id"":""DYNAMIC:2026-08-03T13:00:00+05:30:2026-08-03T13:18:00+05:30"",""observation_current_leg_mature"":false,""observation_directional_bias"":""UP"",""observation_exhaustion_active"":false,""observation_state"":""REVERSAL""}","{""balance"":{""attempt_limit_reached"":false,""candidate_bar_expansion_count"":0,""candidate_high"":null,""candidate_last_valid_at"":null,""candidate_low"":null,""candidate_merge_count"":0,""containment_bars"":0,""down_escape_attempt_count"":0,""emitted_event_ids"":[""BAL:ABB:2026-08-03:001:NEUTRAL:100600:BALANCE_COMPLETED:105400"",""BAL:ABB:2026-08-03:001:NEUTRAL:100600:BALANCE_ESCAPE_ACCEPTED:105100"",""BAL:ABB:2026-08-03:001:NEUTRAL:100600:BALANCE_ESCAPE_STARTED:104800"",""BAL:ABB:2026-08-03:001:NEUTRAL:100600:BALANCE_FORMING_STARTED:100600"",""BAL:ABB:2026-08-03:001:NEUTRAL:100600:BALANCE_LOCKED:102700"",""BAL:ABB:2026-08-03:001:NEUTRAL:100600:BALANCE_PROBABLE:101800"",""BAL:ABB:2026-08-03:002:NEUTRAL:112100:BALANCE_COMPLETED:113000"",""BAL:ABB:2026-08-03:002:NEUTRAL:112100:BALANCE_FORMING_STARTED:112100"",""BAL:ABB:2026-08-03:003:NEUTRAL:114800:BALANCE_COMPLETED:115400"",""BAL:ABB:2026-08-03:003:NEUTRAL:114800:BALANCE_FORMING_STARTED:114800"",""BAL:ABB:2026-08-03:004:NEUTRAL:122400:BALANCE_COMPLETED:125400"",""BAL:ABB:2026-08-03:004:NEUTRAL:122400:BALANCE_ESCAPE_ACCEPTED:125100"",""BAL:ABB:2026-08-03:004:NEUTRAL:122400:BALANCE_ESCAPE_STARTED:124800"",""BAL:ABB:2026-08-03:004:NEUTRAL:122400:BALANCE_FORMING_STARTED:122400"",""BAL:ABB:2026-08-03:004:NEUTRAL:122400:BALANCE_LOCKED:124500"",""BAL:ABB:2026-08-03:004:NEUTRAL:122400:BALANCE_PROBABLE:123600"",""BAL:ABB:2026-08-03:005:NEUTRAL:132100:BALANCE_COMPLETED:135400"",""BAL:ABB:2026-08-03:005:NEUTRAL:132100:BALANCE_ESCAPE_ACCEPTED:135100"",""BAL:ABB:2026-08-03:005:NEUTRAL:132100:BALANCE_ESCAPE_STARTED:134800"",""BAL:ABB:2026-08-03:005:NEUTRAL:132100:BALANCE_FORMING_STARTED:132100"",""BAL:ABB:2026-08-03:005:NEUTRAL:132100:BALANCE_LOCKED:134200"",""BAL:ABB:2026-08-03:005:NEUTRAL:132100:BALANCE_PROBABLE:133300""],""episode_id"":null,""escape_attempt_count"":0,""escape_direction"":""UNKNOWN"",""failed_escape_count"":0,""forming_bars_observed"":0,""forming_invalid_bars"":0,""frozen_high"":null,""frozen_low"":null,""last_escape_direction"":""UNKNOWN"",""last_escape_failed_at"":null,""last_escape_started_at"":null,""last_reason_codes"":[""NO_QUALIFIED_ACCEPTED_RANGE""],""marginal_excursion_bars"":0,""meaningful_escape_bars"":0,""outside_close_count"":0,""range_id"":null,""rearm_bars_elapsed"":0,""rearm_inside_close_count"":0,""rearm_required"":false,""reentry_close_count"":0,""sequence"":5,""source_range_ids"":[],""started_at"":null,""state"":""NONE"",""state_age_bars"":0,""state_started_at"":null,""up_escape_attempt_count"":0},""directional"":{""continuation_failure_progress_bars"":0,""continuation_failure_seen"":false,""continuation_failure_seen_at"":null,""direction"":""UP"",""emitted_event_ids"":[""DIR:ABB:2026-08-03:001:DOWN:101500:DIRECTIONAL_COMPLETED:105100"",""DIR:ABB:2026-08-03:001:DOWN:101500:DIRECTIONAL_STARTED:101500"",""DIR:ABB:2026-08-03:002:UP:110000:DIRECTIONAL_COMPLETED:113900"",""DIR:ABB:2026-08-03:002:UP:110000:DIRECTIONAL_MATURED:110300"",""DIR:ABB:2026-08-03:002:UP:110000:DIRECTIONAL_REVERSAL_CONFIRMED:113900"",""DIR:ABB:2026-08-03:002:UP:110000:DIRECTIONAL_STARTED:110000"",""DIR:ABB:2026-08-03:002:UP:110000:REVERSAL_WATCH_STARTED:110600"",""DIR:ABB:2026-08-03:003:DOWN:113900:DIRECTIONAL_COMPLETED:115400"",""DIR:ABB:2026-08-03:003:DOWN:113900:DIRECTIONAL_REVERSAL_LEG_FAILED:115400"",""DIR:ABB:2026-08-03:003:DOWN:113900:DIRECTIONAL_REVERSAL_LEG_STARTED:113900"",""DIR:ABB:2026-08-03:004:UP:120000:DIRECTIONAL_COMPLETED:124500"",""DIR:ABB:2026-08-03:004:UP:120000:DIRECTIONAL_CONTINUATION_CONFIRMED:123300"",""DIR:ABB:2026-08-03:004:UP:120000:DIRECTIONAL_MATURED:120300"",""DIR:ABB:2026-08-03:004:UP:120000:DIRECTIONAL_MATURED:123900"",""DIR:ABB:2026-08-03:004:UP:120000:DIRECTIONAL_REVERSAL_CONFIRMED:124500"",""DIR:ABB:2026-08-03:004:UP:120000:DIRECTIONAL_STARTED:120000"",""DIR:ABB:2026-08-03:004:UP:120000:DIRECTIONAL_TREND_RESTORED:122100"",""DIR:ABB:2026-08-03:004:UP:120000:REVERSAL_WATCH_STARTED:120600"",""DIR:ABB:2026-08-03:004:UP:120000:REVERSAL_WATCH_STARTED:124200"",""DIR:ABB:2026-08-03:005:DOWN:124500:DIRECTIONAL_COMPLETED:133300"",""DIR:ABB:2026-08-03:005:DOWN:124500:DIRECTIONAL_MATURED:125700"",""DIR:ABB:2026-08-03:005:DOWN:124500:DIRECTIONAL_MATURED:131800"",""DIR:ABB:2026-08-03:005:DOWN:124500:DIRECTIONAL_REVERSAL_CONFIRMED:133300"",""DIR:ABB:2026-08-03:005:DOWN:124500:DIRECTIONAL_REVERSAL_LEG_ESTABLISHED:125100"",""DIR:ABB:2026-08-03:005:DOWN:124500:DIRECTIONAL_REVERSAL_LEG_STARTED:124500"",""DIR:ABB:2026-08-03:005:DOWN:124500:DIRECTIONAL_TREND_RESTORED:131500"",""DIR:ABB:2026-08-03:005:DOWN:124500:REVERSAL_WATCH_STARTED:130000"",""DIR:ABB:2026-08-03:005:DOWN:124500:REVERSAL_WATCH_STARTED:132100"",""DIR:ABB:2026-08-03:006:UP:133300:DIRECTIONAL_MATURED:142100"",""DIR:ABB:2026-08-03:006:UP:133300:DIRECTIONAL_REVERSAL_LEG_ESTABLISHED:135100"",""DIR:ABB:2026-08-03:006:UP:133300:DIRECTIONAL_REVERSAL_LEG_STARTED:133300""],""episode_id"":""DIR:ABB:2026-08-03:006:UP:133300"",""extreme_price"":7597.0,""extreme_time"":""2026-08-03T14:21:00+05:30"",""first_adverse_bar_close"":null,""first_adverse_bar_level"":null,""first_adverse_bar_time"":null,""inactive_bars"":0,""last_close"":7580.0,""last_observation_state"":""REVERSAL"",""last_observation_state_time"":""2026-08-03T14:21:00+05:30"",""last_reason_codes"":[""DIRECTIONAL_MATURITY_OBSERVED""],""opposite_control_bars"":0,""origin_event_id"":""DIR:ABB:2026-08-03:005:DOWN:124500:DIRECTIONAL_REVERSAL_CONFIRMED:133300"",""origin_price"":7518.5,""origin_source"":""REVERSAL_EVENT_HANDOFF"",""parent_episode_id"":""DIR:ABB:2026-08-03:005:DOWN:124500"",""protection_level"":7575.0,""protection_source"":""INITIAL_DIRECTIONAL_ANCHOR"",""protection_time"":""2026-08-03T14:18:00+05:30"",""rejection_seen"":false,""rejection_seen_at"":null,""reversal_confirmation_breach_closes"":0,""reversal_confirmation_level"":7513.0,""reversal_confirmation_level_time"":""2026-08-03T13:24:00+05:30"",""reversal_confirmation_source"":""OBSERVATION_REJECTION_OR_FAILED_EXTREME:BAR_HIGH"",""reversal_leg_failure_closes"":0,""reversal_leg_progress_atr"":1.449412225839378,""reversal_leg_progress_bars"":2,""reversal_watch_age_bars"":0,""sequence"":6,""start_candidate_bars"":0,""start_candidate_side"":""UNKNOWN"",""started_at"":""2026-08-03T13:33:00+05:30"",""state"":""MATURE"",""state_age_bars"":1,""state_started_at"":""2026-08-03T14:21:00+05:30"",""trend_restore_bars"":0},""evidence_history"":[{""atr"":18.420448281140462,""bar"":{""body_fraction"":0.7125,""close"":7540.0,""close_position"":0.8375,""direction"":""UP"",""high"":7546.5,""low"":7506.5,""lower_wick_fraction"":0.125,""move_atr"":1.547193616844784,""move_points"":28.5,""open"":7511.5,""snapshot_time"":""2026-08-03T13:48:00+05:30"",""upper_wick_fraction"":0.1625,""volume"":9361.0},""close"":7540.0,""trend"":{""ema_ref"":7424.242559021426,""ema_slow"":7465.498378325987,""hma_order"":""SELL"",""hma_spread_atr"":5.072903938088871}},{""atr"":18.283273403916144,""bar"":{""body_fraction"":0.30303030303030304,""close"":7545.0,""close_position"":1.0,""direction"":""UP"",""high"":7545.0,""low"":7528.5,""lower_wick_fraction"":0.696969696969697,""move_atr"":0.27347400487535434,""move_points"":5.0,""open"":7540.0,""snapshot_time"":""2026-08-03T13:51:00+05:30"",""upper_wick_fraction"":0.0,""volume"":3032.0},""close"":7545.0,""trend"":{""ema_ref"":7425.444125598327,""ema_slow"":7467.072667864086,""hma_order"":""BUY"",""hma_spread_atr"":5.0117307225871865}},{""atr"":17.548753875064993,""bar"":{""body_fraction"":0.625,""close"":7540.0,""close_position"":0.375,""direction"":""DOWN"",""high"":7545.0,""low"":7537.0,""lower_wick_fraction"":0.375,""move_atr"":-0.28492051547343744,""move_points"":-5.0,""open"":7545.0,""snapshot_time"":""2026-08-03T13:54:00+05:30"",""upper_wick_fraction"":0.0,""volume"":2998.0},""close"":7540.0,""trend"":{""ema_ref"":7426.583985045111,""ema_slow"":7468.516773450935,""hma_order"":""BUY"",""hma_spread_atr"":5.116643964407775}},{""atr"":17.50955716970321,""bar"":{""body_fraction"":0.6176470588235294,""close"":7550.5,""close_position"":0.7352941176470589,""direction"":""UP"",""high"":7555.0,""low"":7538.0,""lower_wick_fraction"":0.1176470588235294,""move_atr"":0.5996725044633425,""move_points"":10.5,""open"":7540.0,""snapshot_time"":""2026-08-03T13:57:00+05:30"",""upper_wick_fraction"":0.2647058823529412,""volume"":8140.0},""close"":7550.5,""trend"":{""ema_ref"":7427.816980218791,""ema_slow"":7470.14020367963,""hma_order"":""BUY"",""hma_spread_atr"":5.02435371070645}},{""atr"":17.937445943295838,""bar"":{""body_fraction"":0.0425531914893617,""close"":7551.0,""close_position"":0.6595744680851063,""direction"":""UP"",""high"":7559.0,""low"":7535.5,""lower_wick_fraction"":0.6170212765957447,""move_atr"":0.05574929692673177,""move_points"":1.0,""open"":7550.0,""snapshot_time"":""2026-08-03T14:00:00+05:30"",""upper_wick_fraction"":0.3404255319148936,""volume"":12400.0},""close"":7551.0,""trend"":{""ema_ref"":7429.042681908157,""ema_slow"":7471.741387765182,""hma_order"":""BUY"",""hma_spread_atr"":4.803388277328059}},{""atr"":18.120485518774707,""bar"":{""body_fraction"":0.8048780487804879,""close"":7567.5,""close_position"":0.8536585365853658,""direction"":""UP"",""high"":7570.5,""low"":7550.0,""lower_wick_fraction"":0.04878048780487805,""move_atr"":0.9105716280562286,""move_points"":16.5,""open"":7551.0,""snapshot_time"":""2026-08-03T14:03:00+05:30"",""upper_wick_fraction"":0.14634146341463414,""volume"":8060.0},""close"":7567.5,""trend"":{""ema_ref"":7430.42036666529,""ema_slow"":7473.637597908445,""hma_order"":""BUY"",""hma_spread_atr"":4.658388266263794}},{""atr"":17.683307981719373,""bar"":{""body_fraction"":0.4583333333333333,""close"":7562.0,""close_position"":0.3333333333333333,""direction"":""DOWN"",""high"":7570.0,""low"":7558.0,""lower_wick_fraction"":0.3333333333333333,""move_atr"":-0.3110277786082662,""move_points"":-5.5,""open"":7567.5,""snapshot_time"":""2026-08-03T14:06:00+05:30"",""upper_wick_fraction"":0.20833333333333337,""volume"":3189.0},""close"":7562.0,""trend"":{""ema_ref"":7431.729616748223,""ema_slow"":7475.387348444911,""hma_order"":""BUY"",""hma_spread_atr"":4.6747711436424595}},{""atr"":17.241643125882277,""bar"":{""body_fraction"":0.17391304347826086,""close"":7560.0,""close_position"":0.21739130434782608,""direction"":""DOWN"",""high"":7569.0,""low"":7557.5,""lower_wick_fraction"":0.21739130434782608,""move_atr"":-0.11599822507622268,""move_points"":-2.0,""open"":7562.0,""snapshot_time"":""2026-08-03T14:09:00+05:30"",""upper_wick_fraction"":0.6086956521739131,""volume"":2494.0},""close"":7560.0,""trend"":{""ema_ref"":7433.0059389696335,""ema_slow"":7477.062846495507,""hma_order"":""BUY"",""hma_spread_atr"":4.690697510545612}},{""atr"":17.117240045462115,""bar"":{""body_fraction"":0.3548387096774194,""close"":7565.5,""close_position"":0.8387096774193549,""direction"":""UP"",""high"":7568.0,""low"":7552.5,""lower_wick_fraction"":0.4838709677419355,""move_atr"":0.32131348192771786,""move_points"":5.5,""open"":7560.0,""snapshot_time"":""2026-08-03T14:12:00+05:30"",""upper_wick_fraction"":0.16129032258064516,""volume"":2705.0},""close"":7565.5,""trend"":{""ema_ref"":7434.324287835608,""ema_slow"":7478.814077257972,""hma_order"":""BUY"",""hma_spread_atr"":4.618246556854139}},{""atr"":17.32315147078625,""bar"":{""body_fraction"":0.525,""close"":7577.5,""close_position"":0.875,""direction"":""UP"",""high"":7580.0,""low"":7560.0,""lower_wick_fraction"":0.35,""move_atr"":0.6061252779384393,""move_points"":10.5,""open"":7567.0,""snapshot_time"":""2026-08-03T14:15:00+05:30"",""upper_wick_fraction"":0.125,""volume"":8367.0},""close"":7577.5,""trend"":{""ema_ref"":7435.748921787493,""ema_slow"":7480.768253945933,""hma_order"":""BUY"",""hma_spread_atr"":4.458775951546503}},{""atr"":17.085783508587234,""bar"":{""body_fraction"":0.4642857142857143,""close"":7584.0,""close_position"":0.6428571428571429,""direction"":""UP"",""high"":7589.0,""low"":7575.0,""lower_wick_fraction"":0.17857142857142858,""move_atr"":0.3804332412811582,""move_points"":6.5,""open"":7577.5,""snapshot_time"":""2026-08-03T14:18:00+05:30"",""upper_wick_fraction"":0.35714285714285715,""volume"":5596.0},""close"":7584.0,""trend"":{""ema_ref"":7437.224056894085,""ema_slow"":7482.812446937102,""hma_order"":""BUY"",""hma_spread_atr"":4.414986225622977}},{""atr"":17.365370400831004,""bar"":{""body_fraction"":0.1904761904761905,""close"":7580.0,""close_position"":0.1904761904761905,""direction"":""DOWN"",""high"":7597.0,""low"":7576.0,""lower_wick_fraction"":0.1904761904761905,""move_atr"":-0.23034348865997029,""move_points"":-4.0,""open"":7584.0,""snapshot_time"":""2026-08-03T14:21:00+05:30"",""upper_wick_fraction"":0.6190476190476191,""volume"":4726.0},""close"":7580.0,""trend"":{""ema_ref"":7438.644713044393,""ema_slow"":7484.736952938348,""hma_order"":""BUY"",""hma_spread_atr"":4.2370873120904715}}],""last_observation_hash"":""efeeadd7ce8b007ceeea0e6832270eab202a3fac56b39a1980717f8824a7f6f5"",""last_snapshot_time"":""2026-08-03T14:21:00+05:30"",""observation"":{""compression_box_high"":null,""compression_box_low"":null,""compression_candidate_bars"":0,""current_state"":""REVERSAL"",""established_side"":""UP"",""exhaustion_active"":false,""exhaustion_age_bars"":0,""exhaustion_clear_bars"":0,""exhaustion_last_seen_at"":null,""exhaustion_side"":""UNKNOWN"",""exhaustion_started_at"":null,""failure_breach_bars"":0,""last_close"":7580.0,""last_reason_codes"":[""REVERSAL_OBSERVATION_GRADUATING_TO_ORDERLY_TREND"",""MINIMUM_DWELL_REVERSAL_3_BARS"",""OBSERVATION_STATE_REVERSAL""],""last_snapshot_time"":""2026-08-03T14:21:00+05:30"",""leg_age_bars"":2,""leg_anchor_price"":7575.0,""leg_anchor_time"":""2026-08-03T14:18:00+05:30"",""leg_extreme_price"":7597.0,""leg_maturity_consumed"":false,""leg_maturity_extreme_price"":null,""leg_maturity_onset_time"":null,""leg_no_progress_bars"":0,""observation_count"":103,""pending_bars"":0,""pending_state"":null,""protection_level"":7575.0,""protection_source"":""INITIAL_DIRECTIONAL_ANCHOR"",""protection_time"":""2026-08-03T14:18:00+05:30"",""pullback_age_bars"":0,""pullback_candidate_bars"":1,""pullback_extreme_price"":null,""reacceleration_age_bars"":2,""recompression_age_bars"":0,""reversal_confirmation_bars"":0,""reversal_side"":""UP"",""state_age_bars"":2,""trading_day"":""2026-08-03"",""trend_anchor_price"":7575.0,""trend_candidate_bars"":7,""trend_candidate_side"":""UP"",""trend_extreme_price"":7597.0,""trend_failure_age_bars"":0,""trend_onset_time"":""2026-08-03T14:18:00+05:30""},""symbol"":""ABB"",""trading_day"":""2026-08-03""}"
restoration-v3-current-day,development,restoration-trend-control-v3,backtest-default,OK,,,,ABB,2026-08-03,2026-08-03T14:24:00+05:30,2026-08-03T14:21:00+05:30,SNAPSHOT_AUCTION_AUTHORITY_V3A,3m,True,True,7586.0,2026-08-03T14:24:00,7580.0,7589.0,7573.5,7586.0,6875.0,17.232129657914506,TRENDING_UP,BUY,candidate_has_directional_efficiency_or_displacement,RANGE_ACCEPTED,DYNAMIC:2026-08-03T13:00:00+05:30:2026-08-03T13:18:00+05:30,7492.5,7526.0,22,ok,UP_SLOWING,0.05803113253275182,0.2974095542303531,OK,INCREMENTAL_PREVIOUS_SNAPSHOT,AUTOTRADES_AUCTION_ENGINE,1.1.0,,,REVERSAL,UP,UP,False,False,False,UNKNOWN,False,False,False,7575.0,INITIAL_DIRECTIONAL_ANCHOR,2026-08-03T14:18:00+05:30,DYNAMIC:2026-08-03T13:00:00+05:30:2026-08-03T13:18:00+05:30,7492.5,7526.0,False,2.791044776119403,0.4457831325301205,PRICE_ACTION,0.710719294730515,REVERSAL_OBSERVATION_GRADUATING_TO_ORDERLY_TREND|MINIMUM_DWELL_REVERSAL_3_BARS|OBSERVATION_STATE_REVERSAL|OBJECTIVE_ACCEPTED_RANGE_GEOMETRY_PRESENT|OBJECTIVE_TREND_PROTECTION_GEOMETRY_PRESENT,DIR:ABB:2026-08-03:006:UP:133300,MATURE,MATURE,UP,REVERSAL_EVENT_HANDOFF,DIR:ABB:2026-08-03:005:DOWN:124500,DIR:ABB:2026-08-03:005:DOWN:124500:DIRECTIONAL_REVERSAL_CONFIRMED:133300,2026-08-03T13:33:00+05:30,2026-08-03T14:21:00+05:30,2,7518.5,7597.0,2026-08-03T14:21:00+05:30,7575.0,INITIAL_DIRECTIONAL_ANCHOR,7513.0,OBSERVATION_REJECTION_OR_FAILED_EXTREME:BAR_HIGH,2026-08-03T13:24:00+05:30,2,1.449412225839378,0,False,MATURE_EPISODE_RETAINED,6,UNKNOWN,0,0,0,0,0,REVERSAL,2026-08-03T14:24:00+05:30,MATURE_EPISODE_RETAINED,,NONE,NONE,0,,,,,,UNKNOWN,0,0,0,0,False,False,NO_QUALIFIED_ACCEPTED_RANGE,0,,,,,,0,,,,,MATCH,MATCH,MATCH,MATCH,False,0,False,False,False,True,,COHERENT,[],[],"{""accepted_range_breakout_eligible"":true,""accepted_range_established_at"":""2026-08-03T13:18:00+05:30"",""accepted_range_high"":7526.0,""accepted_range_id"":""DYNAMIC:2026-08-03T13:00:00+05:30:2026-08-03T13:18:00+05:30"",""accepted_range_inside"":false,""accepted_range_low"":7492.5,""accepted_range_outside_atr"":3.4818679519651092,""accepted_range_position"":2.791044776119403,""accepted_range_provisional"":false,""atr"":17.232129657914506,""close"":7586.0,""current_leg_mature"":false,""directional_bias"":""UP"",""directional_efficiency"":0.4457831325301205,""directional_efficiency_source"":""PRICE_ACTION"",""exhausted_side"":""UNKNOWN"",""exhaustion_active"":false,""extension_mature"":false,""failed_extreme_observed"":false,""high"":7589.0,""low"":7573.5,""observation_state"":""REVERSAL"",""overlap_ratio"":0.710719294730515,""range_width_atr"":1.944042939847186,""rejection_observed"":false,""snapshot_time"":""2026-08-03T14:24:00+05:30"",""source_reason_codes"":[""REVERSAL_OBSERVATION_GRADUATING_TO_ORDERLY_TREND"",""MINIMUM_DWELL_REVERSAL_3_BARS"",""OBSERVATION_STATE_REVERSAL"",""OBJECTIVE_ACCEPTED_RANGE_GEOMETRY_PRESENT"",""OBJECTIVE_TREND_PROTECTION_GEOMETRY_PRESENT""],""structural_failure_confirmed"":false,""symbol"":""ABB"",""trading_day"":""2026-08-03"",""trend_direction"":""UP"",""trend_protection_level"":7575.0,""trend_protection_source"":""INITIAL_DIRECTIONAL_ANCHOR"",""trend_protection_time"":""2026-08-03T14:18:00+05:30""}","{""continuation_failure_seen"":false,""continuation_failure_time"":null,""current_state"":""MATURE"",""direction"":""UP"",""episode_id"":""DIR:ABB:2026-08-03:006:UP:133300"",""extreme_price"":7597.0,""extreme_time"":""2026-08-03T14:21:00+05:30"",""first_adverse_bar_close"":null,""first_adverse_bar_level"":null,""first_adverse_bar_time"":null,""origin_event_id"":""DIR:ABB:2026-08-03:005:DOWN:124500:DIRECTIONAL_REVERSAL_CONFIRMED:133300"",""origin_price"":7518.5,""origin_source"":""REVERSAL_EVENT_HANDOFF"",""parent_episode_id"":""DIR:ABB:2026-08-03:005:DOWN:124500"",""previous_state"":""MATURE"",""protection_level"":7575.0,""protection_source"":""INITIAL_DIRECTIONAL_ANCHOR"",""reason_codes"":[""MATURE_EPISODE_RETAINED""],""rejection_seen"":false,""reversal_confirmation_breach_closes"":0,""reversal_confirmation_level"":7513.0,""reversal_confirmation_level_time"":""2026-08-03T13:24:00+05:30"",""reversal_confirmation_source"":""OBSERVATION_REJECTION_OR_FAILED_EXTREME:BAR_HIGH"",""reversal_leg_failure_closes"":0,""reversal_leg_progress_atr"":1.449412225839378,""reversal_leg_progress_bars"":2,""started_at"":""2026-08-03T13:33:00+05:30"",""state_age_bars"":2,""state_started_at"":""2026-08-03T14:21:00+05:30""}","{""attempt_limit_reached"":false,""candidate_bar_expansion_count"":0,""candidate_high"":null,""candidate_last_valid_at"":null,""candidate_low"":null,""candidate_merge_count"":0,""containment_bars"":0,""containment_ratio"":0.0,""current_state"":""NONE"",""down_escape_attempt_count"":0,""episode_id"":null,""escape_attempt_count"":0,""escape_direction"":""UNKNOWN"",""failed_escape_count"":0,""forming_bars_observed"":0,""forming_invalid_bars"":0,""frozen_high"":null,""frozen_low"":null,""last_escape_direction"":""UNKNOWN"",""last_escape_failed_at"":null,""last_escape_started_at"":null,""marginal_excursion_bars"":0,""meaningful_escape_bars"":0,""outside_close_count"":0,""previous_state"":""NONE"",""range_id"":null,""rearm_bars_elapsed"":0,""rearm_inside_close_count"":0,""rearm_required"":false,""reason_codes"":[""NO_QUALIFIED_ACCEPTED_RANGE""],""reentry_close_count"":0,""source_range_ids"":[],""started_at"":null,""state_age_bars"":0,""state_started_at"":null,""up_escape_attempt_count"":0}","{""balance_attempt_limit_reached"":false,""balance_candidate_bar_expansion_count"":0,""balance_candidate_merge_count"":0,""balance_containment_ratio"":0.0,""balance_down_escape_attempt_count"":0,""balance_escape_attempt_count"":0,""balance_failed_escape_count"":0,""balance_forming_bars_observed"":0,""balance_forming_invalid_bars"":0,""balance_last_escape_direction"":""UNKNOWN"",""balance_last_escape_failed_at"":null,""balance_last_escape_started_at"":null,""balance_marginal_excursion_bars"":0,""balance_meaningful_escape_bars"":0,""balance_rearm_bars_elapsed"":0,""balance_rearm_inside_close_count"":0,""balance_rearm_required"":false,""balance_up_escape_attempt_count"":0,""directional_origin_event_id"":""DIR:ABB:2026-08-03:005:DOWN:124500:DIRECTIONAL_REVERSAL_CONFIRMED:133300"",""directional_origin_source"":""REVERSAL_EVENT_HANDOFF"",""directional_parent_episode_id"":""DIR:ABB:2026-08-03:005:DOWN:124500"",""directional_reversal_watch_age_bars"":0,""directional_start_candidate_bars"":0,""directional_start_candidate_side"":""UNKNOWN"",""observation_accepted_range_id"":""DYNAMIC:2026-08-03T13:00:00+05:30:2026-08-03T13:18:00+05:30"",""observation_current_leg_mature"":false,""observation_directional_bias"":""UP"",""observation_exhaustion_active"":false,""observation_state"":""REVERSAL""}","{""balance"":{""attempt_limit_reached"":false,""candidate_bar_expansion_count"":0,""candidate_high"":null,""candidate_last_valid_at"":null,""candidate_low"":null,""candidate_merge_count"":0,""containment_bars"":0,""down_escape_attempt_count"":0,""emitted_event_ids"":[""BAL:ABB:2026-08-03:001:NEUTRAL:100600:BALANCE_COMPLETED:105400"",""BAL:ABB:2026-08-03:001:NEUTRAL:100600:BALANCE_ESCAPE_ACCEPTED:105100"",""BAL:ABB:2026-08-03:001:NEUTRAL:100600:BALANCE_ESCAPE_STARTED:104800"",""BAL:ABB:2026-08-03:001:NEUTRAL:100600:BALANCE_FORMING_STARTED:100600"",""BAL:ABB:2026-08-03:001:NEUTRAL:100600:BALANCE_LOCKED:102700"",""BAL:ABB:2026-08-03:001:NEUTRAL:100600:BALANCE_PROBABLE:101800"",""BAL:ABB:2026-08-03:002:NEUTRAL:112100:BALANCE_COMPLETED:113000"",""BAL:ABB:2026-08-03:002:NEUTRAL:112100:BALANCE_FORMING_STARTED:112100"",""BAL:ABB:2026-08-03:003:NEUTRAL:114800:BALANCE_COMPLETED:115400"",""BAL:ABB:2026-08-03:003:NEUTRAL:114800:BALANCE_FORMING_STARTED:114800"",""BAL:ABB:2026-08-03:004:NEUTRAL:122400:BALANCE_COMPLETED:125400"",""BAL:ABB:2026-08-03:004:NEUTRAL:122400:BALANCE_ESCAPE_ACCEPTED:125100"",""BAL:ABB:2026-08-03:004:NEUTRAL:122400:BALANCE_ESCAPE_STARTED:124800"",""BAL:ABB:2026-08-03:004:NEUTRAL:122400:BALANCE_FORMING_STARTED:122400"",""BAL:ABB:2026-08-03:004:NEUTRAL:122400:BALANCE_LOCKED:124500"",""BAL:ABB:2026-08-03:004:NEUTRAL:122400:BALANCE_PROBABLE:123600"",""BAL:ABB:2026-08-03:005:NEUTRAL:132100:BALANCE_COMPLETED:135400"",""BAL:ABB:2026-08-03:005:NEUTRAL:132100:BALANCE_ESCAPE_ACCEPTED:135100"",""BAL:ABB:2026-08-03:005:NEUTRAL:132100:BALANCE_ESCAPE_STARTED:134800"",""BAL:ABB:2026-08-03:005:NEUTRAL:132100:BALANCE_FORMING_STARTED:132100"",""BAL:ABB:2026-08-03:005:NEUTRAL:132100:BALANCE_LOCKED:134200"",""BAL:ABB:2026-08-03:005:NEUTRAL:132100:BALANCE_PROBABLE:133300""],""episode_id"":null,""escape_attempt_count"":0,""escape_direction"":""UNKNOWN"",""failed_escape_count"":0,""forming_bars_observed"":0,""forming_invalid_bars"":0,""frozen_high"":null,""frozen_low"":null,""last_escape_direction"":""UNKNOWN"",""last_escape_failed_at"":null,""last_escape_started_at"":null,""last_reason_codes"":[""NO_QUALIFIED_ACCEPTED_RANGE""],""marginal_excursion_bars"":0,""meaningful_escape_bars"":0,""outside_close_count"":0,""range_id"":null,""rearm_bars_elapsed"":0,""rearm_inside_close_count"":0,""rearm_required"":false,""reentry_close_count"":0,""sequence"":5,""source_range_ids"":[],""started_at"":null,""state"":""NONE"",""state_age_bars"":0,""state_started_at"":null,""up_escape_attempt_count"":0},""directional"":{""continuation_failure_progress_bars"":0,""continuation_failure_seen"":false,""continuation_failure_seen_at"":null,""direction"":""UP"",""emitted_event_ids"":[""DIR:ABB:2026-08-03:001:DOWN:101500:DIRECTIONAL_COMPLETED:105100"",""DIR:ABB:2026-08-03:001:DOWN:101500:DIRECTIONAL_STARTED:101500"",""DIR:ABB:2026-08-03:002:UP:110000:DIRECTIONAL_COMPLETED:113900"",""DIR:ABB:2026-08-03:002:UP:110000:DIRECTIONAL_MATURED:110300"",""DIR:ABB:2026-08-03:002:UP:110000:DIRECTIONAL_REVERSAL_CONFIRMED:113900"",""DIR:ABB:2026-08-03:002:UP:110000:DIRECTIONAL_STARTED:110000"",""DIR:ABB:2026-08-03:002:UP:110000:REVERSAL_WATCH_STARTED:110600"",""DIR:ABB:2026-08-03:003:DOWN:113900:DIRECTIONAL_COMPLETED:115400"",""DIR:ABB:2026-08-03:003:DOWN:113900:DIRECTIONAL_REVERSAL_LEG_FAILED:115400"",""DIR:ABB:2026-08-03:003:DOWN:113900:DIRECTIONAL_REVERSAL_LEG_STARTED:113900"",""DIR:ABB:2026-08-03:004:UP:120000:DIRECTIONAL_COMPLETED:124500"",""DIR:ABB:2026-08-03:004:UP:120000:DIRECTIONAL_CONTINUATION_CONFIRMED:123300"",""DIR:ABB:2026-08-03:004:UP:120000:DIRECTIONAL_MATURED:120300"",""DIR:ABB:2026-08-03:004:UP:120000:DIRECTIONAL_MATURED:123900"",""DIR:ABB:2026-08-03:004:UP:120000:DIRECTIONAL_REVERSAL_CONFIRMED:124500"",""DIR:ABB:2026-08-03:004:UP:120000:DIRECTIONAL_STARTED:120000"",""DIR:ABB:2026-08-03:004:UP:120000:DIRECTIONAL_TREND_RESTORED:122100"",""DIR:ABB:2026-08-03:004:UP:120000:REVERSAL_WATCH_STARTED:120600"",""DIR:ABB:2026-08-03:004:UP:120000:REVERSAL_WATCH_STARTED:124200"",""DIR:ABB:2026-08-03:005:DOWN:124500:DIRECTIONAL_COMPLETED:133300"",""DIR:ABB:2026-08-03:005:DOWN:124500:DIRECTIONAL_MATURED:125700"",""DIR:ABB:2026-08-03:005:DOWN:124500:DIRECTIONAL_MATURED:131800"",""DIR:ABB:2026-08-03:005:DOWN:124500:DIRECTIONAL_REVERSAL_CONFIRMED:133300"",""DIR:ABB:2026-08-03:005:DOWN:124500:DIRECTIONAL_REVERSAL_LEG_ESTABLISHED:125100"",""DIR:ABB:2026-08-03:005:DOWN:124500:DIRECTIONAL_REVERSAL_LEG_STARTED:124500"",""DIR:ABB:2026-08-03:005:DOWN:124500:DIRECTIONAL_TREND_RESTORED:131500"",""DIR:ABB:2026-08-03:005:DOWN:124500:REVERSAL_WATCH_STARTED:130000"",""DIR:ABB:2026-08-03:005:DOWN:124500:REVERSAL_WATCH_STARTED:132100"",""DIR:ABB:2026-08-03:006:UP:133300:DIRECTIONAL_MATURED:142100"",""DIR:ABB:2026-08-03:006:UP:133300:DIRECTIONAL_REVERSAL_LEG_ESTABLISHED:135100"",""DIR:ABB:2026-08-03:006:UP:133300:DIRECTIONAL_REVERSAL_LEG_STARTED:133300""],""episode_id"":""DIR:ABB:2026-08-03:006:UP:133300"",""extreme_price"":7597.0,""extreme_time"":""2026-08-03T14:21:00+05:30"",""first_adverse_bar_close"":null,""first_adverse_bar_level"":null,""first_adverse_bar_time"":null,""inactive_bars"":0,""last_close"":7586.0,""last_observation_state"":""REVERSAL"",""last_observation_state_time"":""2026-08-03T14:24:00+05:30"",""last_reason_codes"":[""MATURE_EPISODE_RETAINED""],""opposite_control_bars"":0,""origin_event_id"":""DIR:ABB:2026-08-03:005:DOWN:124500:DIRECTIONAL_REVERSAL_CONFIRMED:133300"",""origin_price"":7518.5,""origin_source"":""REVERSAL_EVENT_HANDOFF"",""parent_episode_id"":""DIR:ABB:2026-08-03:005:DOWN:124500"",""protection_level"":7575.0,""protection_source"":""INITIAL_DIRECTIONAL_ANCHOR"",""protection_time"":""2026-08-03T14:18:00+05:30"",""rejection_seen"":false,""rejection_seen_at"":null,""reversal_confirmation_breach_closes"":0,""reversal_confirmation_level"":7513.0,""reversal_confirmation_level_time"":""2026-08-03T13:24:00+05:30"",""reversal_confirmation_source"":""OBSERVATION_REJECTION_OR_FAILED_EXTREME:BAR_HIGH"",""reversal_leg_failure_closes"":0,""reversal_leg_progress_atr"":1.449412225839378,""reversal_leg_progress_bars"":2,""reversal_watch_age_bars"":0,""sequence"":6,""start_candidate_bars"":0,""start_candidate_side"":""UNKNOWN"",""started_at"":""2026-08-03T13:33:00+05:30"",""state"":""MATURE"",""state_age_bars"":2,""state_started_at"":""2026-08-03T14:21:00+05:30"",""trend_restore_bars"":0},""evidence_history"":[{""atr"":18.283273403916144,""bar"":{""body_fraction"":0.30303030303030304,""close"":7545.0,""close_position"":1.0,""direction"":""UP"",""high"":7545.0,""low"":7528.5,""lower_wick_fraction"":0.696969696969697,""move_atr"":0.27347400487535434,""move_points"":5.0,""open"":7540.0,""snapshot_time"":""2026-08-03T13:51:00+05:30"",""upper_wick_fraction"":0.0,""volume"":3032.0},""close"":7545.0,""trend"":{""ema_ref"":7425.444125598327,""ema_slow"":7467.072667864086,""hma_order"":""BUY"",""hma_spread_atr"":5.0117307225871865}},{""atr"":17.548753875064993,""bar"":{""body_fraction"":0.625,""close"":7540.0,""close_position"":0.375,""direction"":""DOWN"",""high"":7545.0,""low"":7537.0,""lower_wick_fraction"":0.375,""move_atr"":-0.28492051547343744,""move_points"":-5.0,""open"":7545.0,""snapshot_time"":""2026-08-03T13:54:00+05:30"",""upper_wick_fraction"":0.0,""volume"":2998.0},""close"":7540.0,""trend"":{""ema_ref"":7426.583985045111,""ema_slow"":7468.516773450935,""hma_order"":""BUY"",""hma_spread_atr"":5.116643964407775}},{""atr"":17.50955716970321,""bar"":{""body_fraction"":0.6176470588235294,""close"":7550.5,""close_position"":0.7352941176470589,""direction"":""UP"",""high"":7555.0,""low"":7538.0,""lower_wick_fraction"":0.1176470588235294,""move_atr"":0.5996725044633425,""move_points"":10.5,""open"":7540.0,""snapshot_time"":""2026-08-03T13:57:00+05:30"",""upper_wick_fraction"":0.2647058823529412,""volume"":8140.0},""close"":7550.5,""trend"":{""ema_ref"":7427.816980218791,""ema_slow"":7470.14020367963,""hma_order"":""BUY"",""hma_spread_atr"":5.02435371070645}},{""atr"":17.937445943295838,""bar"":{""body_fraction"":0.0425531914893617,""close"":7551.0,""close_position"":0.6595744680851063,""direction"":""UP"",""high"":7559.0,""low"":7535.5,""lower_wick_fraction"":0.6170212765957447,""move_atr"":0.05574929692673177,""move_points"":1.0,""open"":7550.0,""snapshot_time"":""2026-08-03T14:00:00+05:30"",""upper_wick_fraction"":0.3404255319148936,""volume"":12400.0},""close"":7551.0,""trend"":{""ema_ref"":7429.042681908157,""ema_slow"":7471.741387765182,""hma_order"":""BUY"",""hma_spread_atr"":4.803388277328059}},{""atr"":18.120485518774707,""bar"":{""body_fraction"":0.8048780487804879,""close"":7567.5,""close_position"":0.8536585365853658,""direction"":""UP"",""high"":7570.5,""low"":7550.0,""lower_wick_fraction"":0.04878048780487805,""move_atr"":0.9105716280562286,""move_points"":16.5,""open"":7551.0,""snapshot_time"":""2026-08-03T14:03:00+05:30"",""upper_wick_fraction"":0.14634146341463414,""volume"":8060.0},""close"":7567.5,""trend"":{""ema_ref"":7430.42036666529,""ema_slow"":7473.637597908445,""hma_order"":""BUY"",""hma_spread_atr"":4.658388266263794}},{""atr"":17.683307981719373,""bar"":{""body_fraction"":0.4583333333333333,""close"":7562.0,""close_position"":0.3333333333333333,""direction"":""DOWN"",""high"":7570.0,""low"":7558.0,""lower_wick_fraction"":0.3333333333333333,""move_atr"":-0.3110277786082662,""move_points"":-5.5,""open"":7567.5,""snapshot_time"":""2026-08-03T14:06:00+05:30"",""upper_wick_fraction"":0.20833333333333337,""volume"":3189.0},""close"":7562.0,""trend"":{""ema_ref"":7431.729616748223,""ema_slow"":7475.387348444911,""hma_order"":""BUY"",""hma_spread_atr"":4.6747711436424595}},{""atr"":17.241643125882277,""bar"":{""body_fraction"":0.17391304347826086,""close"":7560.0,""close_position"":0.21739130434782608,""direction"":""DOWN"",""high"":7569.0,""low"":7557.5,""lower_wick_fraction"":0.21739130434782608,""move_atr"":-0.11599822507622268,""move_points"":-2.0,""open"":7562.0,""snapshot_time"":""2026-08-03T14:09:00+05:30"",""upper_wick_fraction"":0.6086956521739131,""volume"":2494.0},""close"":7560.0,""trend"":{""ema_ref"":7433.0059389696335,""ema_slow"":7477.062846495507,""hma_order"":""BUY"",""hma_spread_atr"":4.690697510545612}},{""atr"":17.117240045462115,""bar"":{""body_fraction"":0.3548387096774194,""close"":7565.5,""close_position"":0.8387096774193549,""direction"":""UP"",""high"":7568.0,""low"":7552.5,""lower_wick_fraction"":0.4838709677419355,""move_atr"":0.32131348192771786,""move_points"":5.5,""open"":7560.0,""snapshot_time"":""2026-08-03T14:12:00+05:30"",""upper_wick_fraction"":0.16129032258064516,""volume"":2705.0},""close"":7565.5,""trend"":{""ema_ref"":7434.324287835608,""ema_slow"":7478.814077257972,""hma_order"":""BUY"",""hma_spread_atr"":4.618246556854139}},{""atr"":17.32315147078625,""bar"":{""body_fraction"":0.525,""close"":7577.5,""close_position"":0.875,""direction"":""UP"",""high"":7580.0,""low"":7560.0,""lower_wick_fraction"":0.35,""move_atr"":0.6061252779384393,""move_points"":10.5,""open"":7567.0,""snapshot_time"":""2026-08-03T14:15:00+05:30"",""upper_wick_fraction"":0.125,""volume"":8367.0},""close"":7577.5,""trend"":{""ema_ref"":7435.748921787493,""ema_slow"":7480.768253945933,""hma_order"":""BUY"",""hma_spread_atr"":4.458775951546503}},{""atr"":17.085783508587234,""bar"":{""body_fraction"":0.4642857142857143,""close"":7584.0,""close_position"":0.6428571428571429,""direction"":""UP"",""high"":7589.0,""low"":7575.0,""lower_wick_fraction"":0.17857142857142858,""move_atr"":0.3804332412811582,""move_points"":6.5,""open"":7577.5,""snapshot_time"":""2026-08-03T14:18:00+05:30"",""upper_wick_fraction"":0.35714285714285715,""volume"":5596.0},""close"":7584.0,""trend"":{""ema_ref"":7437.224056894085,""ema_slow"":7482.812446937102,""hma_order"":""BUY"",""hma_spread_atr"":4.414986225622977}},{""atr"":17.365370400831004,""bar"":{""body_fraction"":0.1904761904761905,""close"":7580.0,""close_position"":0.1904761904761905,""direction"":""DOWN"",""high"":7597.0,""low"":7576.0,""lower_wick_fraction"":0.1904761904761905,""move_atr"":-0.23034348865997029,""move_points"":-4.0,""open"":7584.0,""snapshot_time"":""2026-08-03T14:21:00+05:30"",""upper_wick_fraction"":0.6190476190476191,""volume"":4726.0},""close"":7580.0,""trend"":{""ema_ref"":7438.644713044393,""ema_slow"":7484.736952938348,""hma_order"":""BUY"",""hma_spread_atr"":4.2370873120904715}},{""atr"":17.232129657914506,""bar"":{""body_fraction"":0.3870967741935484,""close"":7586.0,""close_position"":0.8064516129032258,""direction"":""UP"",""high"":7589.0,""low"":7573.5,""lower_wick_fraction"":0.41935483870967744,""move_atr"":0.3481867951965109,""move_points"":6.0,""open"":7580.0,""snapshot_time"":""2026-08-03T14:24:00+05:30"",""upper_wick_fraction"":0.1935483870967742,""volume"":6875.0},""close"":7586.0,""trend"":{""ema_ref"":7440.110934805146,""ema_slow"":7486.742161791054,""hma_order"":""BUY"",""hma_spread_atr"":4.163220835630379}}],""last_observation_hash"":""da52fd6a183c565113498a0c09e4e3f90fb3414a64e40a12cf148042676598b3"",""last_snapshot_time"":""2026-08-03T14:24:00+05:30"",""observation"":{""compression_box_high"":null,""compression_box_low"":null,""compression_candidate_bars"":0,""current_state"":""REVERSAL"",""established_side"":""UP"",""exhaustion_active"":false,""exhaustion_age_bars"":0,""exhaustion_clear_bars"":0,""exhaustion_last_seen_at"":null,""exhaustion_side"":""UNKNOWN"",""exhaustion_started_at"":null,""failure_breach_bars"":0,""last_close"":7586.0,""last_reason_codes"":[""REVERSAL_OBSERVATION_GRADUATING_TO_ORDERLY_TREND"",""MINIMUM_DWELL_REVERSAL_3_BARS"",""OBSERVATION_STATE_REVERSAL""],""last_snapshot_time"":""2026-08-03T14:24:00+05:30"",""leg_age_bars"":3,""leg_anchor_price"":7575.0,""leg_anchor_time"":""2026-08-03T14:18:00+05:30"",""leg_extreme_price"":7597.0,""leg_maturity_consumed"":false,""leg_maturity_extreme_price"":null,""leg_maturity_onset_time"":null,""leg_no_progress_bars"":1,""observation_count"":104,""pending_bars"":0,""pending_state"":null,""protection_level"":7575.0,""protection_source"":""INITIAL_DIRECTIONAL_ANCHOR"",""protection_time"":""2026-08-03T14:18:00+05:30"",""pullback_age_bars"":0,""pullback_candidate_bars"":0,""pullback_extreme_price"":null,""reacceleration_age_bars"":2,""recompression_age_bars"":0,""reversal_confirmation_bars"":0,""reversal_side"":""UP"",""state_age_bars"":3,""trading_day"":""2026-08-03"",""trend_anchor_price"":7575.0,""trend_candidate_bars"":6,""trend_candidate_side"":""UP"",""trend_extreme_price"":7597.0,""trend_failure_age_bars"":0,""trend_onset_time"":""2026-08-03T14:18:00+05:30""},""symbol"":""ABB"",""trading_day"":""2026-08-03""}"
restoration-v3-current-day,development,restoration-trend-control-v3,backtest-default,OK,,,,ABB,2026-08-03,2026-08-03T14:27:00+05:30,2026-08-03T14:24:00+05:30,SNAPSHOT_AUCTION_AUTHORITY_V3A,3m,True,True,7582.5,2026-08-03T14:27:00,7586.0,7586.0,7576.5,7582.5,4720.0,16.67983468234918,TRENDING_UP,BUY,candidate_has_directional_efficiency_or_displacement,RANGE_ACCEPTED,DYNAMIC:2026-08-03T13:00:00+05:30:2026-08-03T13:18:00+05:30,7492.5,7526.0,23,ok,UP_SLOWING,0.07494079070956058,0.07494079070956058,OK,INCREMENTAL_PREVIOUS_SNAPSHOT,AUTOTRADES_AUCTION_ENGINE,1.1.0,,,ORDERLY_UPTREND,UP,UP,False,True,True,UP,True,False,False,7575.0,INITIAL_DIRECTIONAL_ANCHOR,2026-08-03T14:18:00+05:30,DYNAMIC:2026-08-03T13:00:00+05:30:2026-08-03T13:18:00+05:30,7492.5,7526.0,False,2.6865671641791047,0.5189873417721519,PRICE_ACTION,0.728110599078341,REVERSAL_OBSERVATION_GRADUATING_TO_ORDERLY_TREND|OBSERVATION_TRANSITION_CONFIRMED|OBSERVATION_STATE_ORDERLY_UPTREND|OBJECTIVE_REJECTION_OBSERVED|OBJECTIVE_ACCEPTED_RANGE_GEOMETRY_PRESENT|OBJECTIVE_TREND_PROTECTION_GEOMETRY_PRESENT,DIR:ABB:2026-08-03:006:UP:133300,MATURE,REVERSAL_WATCH,UP,REVERSAL_EVENT_HANDOFF,DIR:ABB:2026-08-03:005:DOWN:124500,DIR:ABB:2026-08-03:005:DOWN:124500:DIRECTIONAL_REVERSAL_CONFIRMED:133300,2026-08-03T13:33:00+05:30,2026-08-03T14:27:00+05:30,1,7518.5,7597.0,2026-08-03T14:21:00+05:30,7575.0,INITIAL_DIRECTIONAL_ANCHOR,7576.5,OBSERVATION_REJECTION_OR_FAILED_EXTREME:BAR_LOW,2026-08-03T14:27:00+05:30,2,1.449412225839378,0,True,REVERSAL_WATCH_TRIGGERED,6,UNKNOWN,0,1,0,0,0,ORDERLY_UPTREND,2026-08-03T14:27:00+05:30,REVERSAL_WATCH_TRIGGERED,,NONE,NONE,0,,,,,,UNKNOWN,0,0,0,0,False,False,NO_QUALIFIED_ACCEPTED_RANGE,1,DIR:ABB:2026-08-03:006:UP:133300:REVERSAL_WATCH_STARTED:142700,REVERSAL_WATCH_STARTED,UP,DIR:ABB:2026-08-03:006:UP:133300,"REVERSAL_WATCH_STARTED:EXHAUSTION_CONTEXT_ACTIVE,REJECTION_OBSERVED",0,,,,,MATCH,MATCH,MATCH,MATCH,False,0,False,False,True,True,,COHERENT,"[""event_id='DIR:ABB:2026-08-03:006:UP:133300:REVERSAL_WATCH_STARTED:142700' event_type=<AuctionEventType.REVERSAL_WATCH_STARTED: 'REVERSAL_WATCH_STARTED'> episode_id='DIR:ABB:2026-08-03:006:UP:133300' symbol='ABB' trading_day=datetime.date(2026, 8, 3) event_time=datetime.datetime(2026, 8, 3, 14, 27, tzinfo=TzInfo(19800)) direction=<DirectionalBias.UP: 'UP'> reason_codes=('EXHAUSTION_CONTEXT_ACTIVE', 'REJECTION_OBSERVED') data={'origin_price': 7518.5, 'extreme_price': 7597.0, 'origin_source': 'REVERSAL_EVENT_HANDOFF', 'origin_event_id': 'DIR:ABB:2026-08-03:005:DOWN:124500:DIRECTIONAL_REVERSAL_CONFIRMED:133300', 'protection_level': 7575.0, 'parent_episode_id': 'DIR:ABB:2026-08-03:005:DOWN:124500', 'protection_source': 'INITIAL_DIRECTIONAL_ANCHOR', 'first_adverse_bar_time': None, 'first_adverse_bar_close': None, 'first_adverse_bar_level': None, 'continuation_failure_time': None, 'reversal_leg_progress_atr': 1.449412225839378, 'reversal_leg_progress_bars': 2, 'reversal_confirmation_level': None, 'reversal_leg_failure_closes': 0, 'reversal_confirmation_source': '', 'reversal_confirmation_level_time': None}""]",[],"{""accepted_range_breakout_eligible"":true,""accepted_range_established_at"":""2026-08-03T13:18:00+05:30"",""accepted_range_high"":7526.0,""accepted_range_id"":""DYNAMIC:2026-08-03T13:00:00+05:30:2026-08-03T13:18:00+05:30"",""accepted_range_inside"":false,""accepted_range_low"":7492.5,""accepted_range_outside_atr"":3.3873237400721385,""accepted_range_position"":2.6865671641791047,""accepted_range_provisional"":false,""atr"":16.67983468234918,""close"":7582.5,""current_leg_mature"":false,""directional_bias"":""UP"",""directional_efficiency"":0.5189873417721519,""directional_efficiency_source"":""PRICE_ACTION"",""exhausted_side"":""UP"",""exhaustion_active"":true,""extension_mature"":true,""failed_extreme_observed"":false,""high"":7586.0,""low"":7576.5,""observation_state"":""ORDERLY_UPTREND"",""overlap_ratio"":0.728110599078341,""range_width_atr"":2.0084131910162237,""rejection_observed"":true,""snapshot_time"":""2026-08-03T14:27:00+05:30"",""source_reason_codes"":[""REVERSAL_OBSERVATION_GRADUATING_TO_ORDERLY_TREND"",""OBSERVATION_TRANSITION_CONFIRMED"",""OBSERVATION_STATE_ORDERLY_UPTREND"",""OBJECTIVE_REJECTION_OBSERVED"",""OBJECTIVE_ACCEPTED_RANGE_GEOMETRY_PRESENT"",""OBJECTIVE_TREND_PROTECTION_GEOMETRY_PRESENT""],""structural_failure_confirmed"":false,""symbol"":""ABB"",""trading_day"":""2026-08-03"",""trend_direction"":""UP"",""trend_protection_level"":7575.0,""trend_protection_source"":""INITIAL_DIRECTIONAL_ANCHOR"",""trend_protection_time"":""2026-08-03T14:18:00+05:30""}","{""continuation_failure_seen"":true,""continuation_failure_time"":""2026-08-03T14:27:00+05:30"",""current_state"":""REVERSAL_WATCH"",""direction"":""UP"",""episode_id"":""DIR:ABB:2026-08-03:006:UP:133300"",""extreme_price"":7597.0,""extreme_time"":""2026-08-03T14:21:00+05:30"",""first_adverse_bar_close"":7582.5,""first_adverse_bar_level"":7576.5,""first_adverse_bar_time"":""2026-08-03T14:27:00+05:30"",""origin_event_id"":""DIR:ABB:2026-08-03:005:DOWN:124500:DIRECTIONAL_REVERSAL_CONFIRMED:133300"",""origin_price"":7518.5,""origin_source"":""REVERSAL_EVENT_HANDOFF"",""parent_episode_id"":""DIR:ABB:2026-08-03:005:DOWN:124500"",""previous_state"":""MATURE"",""protection_level"":7575.0,""protection_source"":""INITIAL_DIRECTIONAL_ANCHOR"",""reason_codes"":[""REVERSAL_WATCH_TRIGGERED""],""rejection_seen"":true,""reversal_confirmation_breach_closes"":0,""reversal_confirmation_level"":7576.5,""reversal_confirmation_level_time"":""2026-08-03T14:27:00+05:30"",""reversal_confirmation_source"":""OBSERVATION_REJECTION_OR_FAILED_EXTREME:BAR_LOW"",""reversal_leg_failure_closes"":0,""reversal_leg_progress_atr"":1.449412225839378,""reversal_leg_progress_bars"":2,""started_at"":""2026-08-03T13:33:00+05:30"",""state_age_bars"":1,""state_started_at"":""2026-08-03T14:27:00+05:30""}","{""attempt_limit_reached"":false,""candidate_bar_expansion_count"":0,""candidate_high"":null,""candidate_last_valid_at"":null,""candidate_low"":null,""candidate_merge_count"":0,""containment_bars"":0,""containment_ratio"":0.0,""current_state"":""NONE"",""down_escape_attempt_count"":0,""episode_id"":null,""escape_attempt_count"":0,""escape_direction"":""UNKNOWN"",""failed_escape_count"":0,""forming_bars_observed"":0,""forming_invalid_bars"":0,""frozen_high"":null,""frozen_low"":null,""last_escape_direction"":""UNKNOWN"",""last_escape_failed_at"":null,""last_escape_started_at"":null,""marginal_excursion_bars"":0,""meaningful_escape_bars"":0,""outside_close_count"":0,""previous_state"":""NONE"",""range_id"":null,""rearm_bars_elapsed"":0,""rearm_inside_close_count"":0,""rearm_required"":false,""reason_codes"":[""NO_QUALIFIED_ACCEPTED_RANGE""],""reentry_close_count"":0,""source_range_ids"":[],""started_at"":null,""state_age_bars"":0,""state_started_at"":null,""up_escape_attempt_count"":0}","{""balance_attempt_limit_reached"":false,""balance_candidate_bar_expansion_count"":0,""balance_candidate_merge_count"":0,""balance_containment_ratio"":0.0,""balance_down_escape_attempt_count"":0,""balance_escape_attempt_count"":0,""balance_failed_escape_count"":0,""balance_forming_bars_observed"":0,""balance_forming_invalid_bars"":0,""balance_last_escape_direction"":""UNKNOWN"",""balance_last_escape_failed_at"":null,""balance_last_escape_started_at"":null,""balance_marginal_excursion_bars"":0,""balance_meaningful_escape_bars"":0,""balance_rearm_bars_elapsed"":0,""balance_rearm_inside_close_count"":0,""balance_rearm_required"":false,""balance_up_escape_attempt_count"":0,""directional_origin_event_id"":""DIR:ABB:2026-08-03:005:DOWN:124500:DIRECTIONAL_REVERSAL_CONFIRMED:133300"",""directional_origin_source"":""REVERSAL_EVENT_HANDOFF"",""directional_parent_episode_id"":""DIR:ABB:2026-08-03:005:DOWN:124500"",""directional_reversal_watch_age_bars"":1,""directional_start_candidate_bars"":0,""directional_start_candidate_side"":""UNKNOWN"",""observation_accepted_range_id"":""DYNAMIC:2026-08-03T13:00:00+05:30:2026-08-03T13:18:00+05:30"",""observation_current_leg_mature"":false,""observation_directional_bias"":""UP"",""observation_exhaustion_active"":true,""observation_state"":""ORDERLY_UPTREND""}","{""balance"":{""attempt_limit_reached"":false,""candidate_bar_expansion_count"":0,""candidate_high"":null,""candidate_last_valid_at"":null,""candidate_low"":null,""candidate_merge_count"":0,""containment_bars"":0,""down_escape_attempt_count"":0,""emitted_event_ids"":[""BAL:ABB:2026-08-03:001:NEUTRAL:100600:BALANCE_COMPLETED:105400"",""BAL:ABB:2026-08-03:001:NEUTRAL:100600:BALANCE_ESCAPE_ACCEPTED:105100"",""BAL:ABB:2026-08-03:001:NEUTRAL:100600:BALANCE_ESCAPE_STARTED:104800"",""BAL:ABB:2026-08-03:001:NEUTRAL:100600:BALANCE_FORMING_STARTED:100600"",""BAL:ABB:2026-08-03:001:NEUTRAL:100600:BALANCE_LOCKED:102700"",""BAL:ABB:2026-08-03:001:NEUTRAL:100600:BALANCE_PROBABLE:101800"",""BAL:ABB:2026-08-03:002:NEUTRAL:112100:BALANCE_COMPLETED:113000"",""BAL:ABB:2026-08-03:002:NEUTRAL:112100:BALANCE_FORMING_STARTED:112100"",""BAL:ABB:2026-08-03:003:NEUTRAL:114800:BALANCE_COMPLETED:115400"",""BAL:ABB:2026-08-03:003:NEUTRAL:114800:BALANCE_FORMING_STARTED:114800"",""BAL:ABB:2026-08-03:004:NEUTRAL:122400:BALANCE_COMPLETED:125400"",""BAL:ABB:2026-08-03:004:NEUTRAL:122400:BALANCE_ESCAPE_ACCEPTED:125100"",""BAL:ABB:2026-08-03:004:NEUTRAL:122400:BALANCE_ESCAPE_STARTED:124800"",""BAL:ABB:2026-08-03:004:NEUTRAL:122400:BALANCE_FORMING_STARTED:122400"",""BAL:ABB:2026-08-03:004:NEUTRAL:122400:BALANCE_LOCKED:124500"",""BAL:ABB:2026-08-03:004:NEUTRAL:122400:BALANCE_PROBABLE:123600"",""BAL:ABB:2026-08-03:005:NEUTRAL:132100:BALANCE_COMPLETED:135400"",""BAL:ABB:2026-08-03:005:NEUTRAL:132100:BALANCE_ESCAPE_ACCEPTED:135100"",""BAL:ABB:2026-08-03:005:NEUTRAL:132100:BALANCE_ESCAPE_STARTED:134800"",""BAL:ABB:2026-08-03:005:NEUTRAL:132100:BALANCE_FORMING_STARTED:132100"",""BAL:ABB:2026-08-03:005:NEUTRAL:132100:BALANCE_LOCKED:134200"",""BAL:ABB:2026-08-03:005:NEUTRAL:132100:BALANCE_PROBABLE:133300""],""episode_id"":null,""escape_attempt_count"":0,""escape_direction"":""UNKNOWN"",""failed_escape_count"":0,""forming_bars_observed"":0,""forming_invalid_bars"":0,""frozen_high"":null,""frozen_low"":null,""last_escape_direction"":""UNKNOWN"",""last_escape_failed_at"":null,""last_escape_started_at"":null,""last_reason_codes"":[""NO_QUALIFIED_ACCEPTED_RANGE""],""marginal_excursion_bars"":0,""meaningful_escape_bars"":0,""outside_close_count"":0,""range_id"":null,""rearm_bars_elapsed"":0,""rearm_inside_close_count"":0,""rearm_required"":false,""reentry_close_count"":0,""sequence"":5,""source_range_ids"":[],""started_at"":null,""state"":""NONE"",""state_age_bars"":0,""state_started_at"":null,""up_escape_attempt_count"":0},""directional"":{""continuation_failure_progress_bars"":1,""continuation_failure_seen"":true,""continuation_failure_seen_at"":""2026-08-03T14:27:00+05:30"",""direction"":""UP"",""emitted_event_ids"":[""DIR:ABB:2026-08-03:001:DOWN:101500:DIRECTIONAL_COMPLETED:105100"",""DIR:ABB:2026-08-03:001:DOWN:101500:DIRECTIONAL_STARTED:101500"",""DIR:ABB:2026-08-03:002:UP:110000:DIRECTIONAL_COMPLETED:113900"",""DIR:ABB:2026-08-03:002:UP:110000:DIRECTIONAL_MATURED:110300"",""DIR:ABB:2026-08-03:002:UP:110000:DIRECTIONAL_REVERSAL_CONFIRMED:113900"",""DIR:ABB:2026-08-03:002:UP:110000:DIRECTIONAL_STARTED:110000"",""DIR:ABB:2026-08-03:002:UP:110000:REVERSAL_WATCH_STARTED:110600"",""DIR:ABB:2026-08-03:003:DOWN:113900:DIRECTIONAL_COMPLETED:115400"",""DIR:ABB:2026-08-03:003:DOWN:113900:DIRECTIONAL_REVERSAL_LEG_FAILED:115400"",""DIR:ABB:2026-08-03:003:DOWN:113900:DIRECTIONAL_REVERSAL_LEG_STARTED:113900"",""DIR:ABB:2026-08-03:004:UP:120000:DIRECTIONAL_COMPLETED:124500"",""DIR:ABB:2026-08-03:004:UP:120000:DIRECTIONAL_CONTINUATION_CONFIRMED:123300"",""DIR:ABB:2026-08-03:004:UP:120000:DIRECTIONAL_MATURED:120300"",""DIR:ABB:2026-08-03:004:UP:120000:DIRECTIONAL_MATURED:123900"",""DIR:ABB:2026-08-03:004:UP:120000:DIRECTIONAL_REVERSAL_CONFIRMED:124500"",""DIR:ABB:2026-08-03:004:UP:120000:DIRECTIONAL_STARTED:120000"",""DIR:ABB:2026-08-03:004:UP:120000:DIRECTIONAL_TREND_RESTORED:122100"",""DIR:ABB:2026-08-03:004:UP:120000:REVERSAL_WATCH_STARTED:120600"",""DIR:ABB:2026-08-03:004:UP:120000:REVERSAL_WATCH_STARTED:124200"",""DIR:ABB:2026-08-03:005:DOWN:124500:DIRECTIONAL_COMPLETED:133300"",""DIR:ABB:2026-08-03:005:DOWN:124500:DIRECTIONAL_MATURED:125700"",""DIR:ABB:2026-08-03:005:DOWN:124500:DIRECTIONAL_MATURED:131800"",""DIR:ABB:2026-08-03:005:DOWN:124500:DIRECTIONAL_REVERSAL_CONFIRMED:133300"",""DIR:ABB:2026-08-03:005:DOWN:124500:DIRECTIONAL_REVERSAL_LEG_ESTABLISHED:125100"",""DIR:ABB:2026-08-03:005:DOWN:124500:DIRECTIONAL_REVERSAL_LEG_STARTED:124500"",""DIR:ABB:2026-08-03:005:DOWN:124500:DIRECTIONAL_TREND_RESTORED:131500"",""DIR:ABB:2026-08-03:005:DOWN:124500:REVERSAL_WATCH_STARTED:130000"",""DIR:ABB:2026-08-03:005:DOWN:124500:REVERSAL_WATCH_STARTED:132100"",""DIR:ABB:2026-08-03:006:UP:133300:DIRECTIONAL_MATURED:142100"",""DIR:ABB:2026-08-03:006:UP:133300:DIRECTIONAL_REVERSAL_LEG_ESTABLISHED:135100"",""DIR:ABB:2026-08-03:006:UP:133300:DIRECTIONAL_REVERSAL_LEG_STARTED:133300"",""DIR:ABB:2026-08-03:006:UP:133300:REVERSAL_WATCH_STARTED:142700""],""episode_id"":""DIR:ABB:2026-08-03:006:UP:133300"",""extreme_price"":7597.0,""extreme_time"":""2026-08-03T14:21:00+05:30"",""first_adverse_bar_close"":7582.5,""first_adverse_bar_level"":7576.5,""first_adverse_bar_time"":""2026-08-03T14:27:00+05:30"",""inactive_bars"":0,""last_close"":7582.5,""last_observation_state"":""ORDERLY_UPTREND"",""last_observation_state_time"":""2026-08-03T14:27:00+05:30"",""last_reason_codes"":[""REVERSAL_WATCH_TRIGGERED""],""opposite_control_bars"":0,""origin_event_id"":""DIR:ABB:2026-08-03:005:DOWN:124500:DIRECTIONAL_REVERSAL_CONFIRMED:133300"",""origin_price"":7518.5,""origin_source"":""REVERSAL_EVENT_HANDOFF"",""parent_episode_id"":""DIR:ABB:2026-08-03:005:DOWN:124500"",""protection_level"":7575.0,""protection_source"":""INITIAL_DIRECTIONAL_ANCHOR"",""protection_time"":""2026-08-03T14:18:00+05:30"",""rejection_seen"":true,""rejection_seen_at"":""2026-08-03T14:27:00+05:30"",""reversal_confirmation_breach_closes"":0,""reversal_confirmation_level"":7576.5,""reversal_confirmation_level_time"":""2026-08-03T14:27:00+05:30"",""reversal_confirmation_source"":""OBSERVATION_REJECTION_OR_FAILED_EXTREME:BAR_LOW"",""reversal_leg_failure_closes"":0,""reversal_leg_progress_atr"":1.449412225839378,""reversal_leg_progress_bars"":2,""reversal_watch_age_bars"":1,""sequence"":6,""start_candidate_bars"":0,""start_candidate_side"":""UNKNOWN"",""started_at"":""2026-08-03T13:33:00+05:30"",""state"":""REVERSAL_WATCH"",""state_age_bars"":1,""state_started_at"":""2026-08-03T14:27:00+05:30"",""trend_restore_bars"":0},""evidence_history"":[{""atr"":17.548753875064993,""bar"":{""body_fraction"":0.625,""close"":7540.0,""close_position"":0.375,""direction"":""DOWN"",""high"":7545.0,""low"":7537.0,""lower_wick_fraction"":0.375,""move_atr"":-0.28492051547343744,""move_points"":-5.0,""open"":7545.0,""snapshot_time"":""2026-08-03T13:54:00+05:30"",""upper_wick_fraction"":0.0,""volume"":2998.0},""close"":7540.0,""trend"":{""ema_ref"":7426.583985045111,""ema_slow"":7468.516773450935,""hma_order"":""BUY"",""hma_spread_atr"":5.116643964407775}},{""atr"":17.50955716970321,""bar"":{""body_fraction"":0.6176470588235294,""close"":7550.5,""close_position"":0.7352941176470589,""direction"":""UP"",""high"":7555.0,""low"":7538.0,""lower_wick_fraction"":0.1176470588235294,""move_atr"":0.5996725044633425,""move_points"":10.5,""open"":7540.0,""snapshot_time"":""2026-08-03T13:57:00+05:30"",""upper_wick_fraction"":0.2647058823529412,""volume"":8140.0},""close"":7550.5,""trend"":{""ema_ref"":7427.816980218791,""ema_slow"":7470.14020367963,""hma_order"":""BUY"",""hma_spread_atr"":5.02435371070645}},{""atr"":17.937445943295838,""bar"":{""body_fraction"":0.0425531914893617,""close"":7551.0,""close_position"":0.6595744680851063,""direction"":""UP"",""high"":7559.0,""low"":7535.5,""lower_wick_fraction"":0.6170212765957447,""move_atr"":0.05574929692673177,""move_points"":1.0,""open"":7550.0,""snapshot_time"":""2026-08-03T14:00:00+05:30"",""upper_wick_fraction"":0.3404255319148936,""volume"":12400.0},""close"":7551.0,""trend"":{""ema_ref"":7429.042681908157,""ema_slow"":7471.741387765182,""hma_order"":""BUY"",""hma_spread_atr"":4.803388277328059}},{""atr"":18.120485518774707,""bar"":{""body_fraction"":0.8048780487804879,""close"":7567.5,""close_position"":0.8536585365853658,""direction"":""UP"",""high"":7570.5,""low"":7550.0,""lower_wick_fraction"":0.04878048780487805,""move_atr"":0.9105716280562286,""move_points"":16.5,""open"":7551.0,""snapshot_time"":""2026-08-03T14:03:00+05:30"",""upper_wick_fraction"":0.14634146341463414,""volume"":8060.0},""close"":7567.5,""trend"":{""ema_ref"":7430.42036666529,""ema_slow"":7473.637597908445,""hma_order"":""BUY"",""hma_spread_atr"":4.658388266263794}},{""atr"":17.683307981719373,""bar"":{""body_fraction"":0.4583333333333333,""close"":7562.0,""close_position"":0.3333333333333333,""direction"":""DOWN"",""high"":7570.0,""low"":7558.0,""lower_wick_fraction"":0.3333333333333333,""move_atr"":-0.3110277786082662,""move_points"":-5.5,""open"":7567.5,""snapshot_time"":""2026-08-03T14:06:00+05:30"",""upper_wick_fraction"":0.20833333333333337,""volume"":3189.0},""close"":7562.0,""trend"":{""ema_ref"":7431.729616748223,""ema_slow"":7475.387348444911,""hma_order"":""BUY"",""hma_spread_atr"":4.6747711436424595}},{""atr"":17.241643125882277,""bar"":{""body_fraction"":0.17391304347826086,""close"":7560.0,""close_position"":0.21739130434782608,""direction"":""DOWN"",""high"":7569.0,""low"":7557.5,""lower_wick_fraction"":0.21739130434782608,""move_atr"":-0.11599822507622268,""move_points"":-2.0,""open"":7562.0,""snapshot_time"":""2026-08-03T14:09:00+05:30"",""upper_wick_fraction"":0.6086956521739131,""volume"":2494.0},""close"":7560.0,""trend"":{""ema_ref"":7433.0059389696335,""ema_slow"":7477.062846495507,""hma_order"":""BUY"",""hma_spread_atr"":4.690697510545612}},{""atr"":17.117240045462115,""bar"":{""body_fraction"":0.3548387096774194,""close"":7565.5,""close_position"":0.8387096774193549,""direction"":""UP"",""high"":7568.0,""low"":7552.5,""lower_wick_fraction"":0.4838709677419355,""move_atr"":0.32131348192771786,""move_points"":5.5,""open"":7560.0,""snapshot_time"":""2026-08-03T14:12:00+05:30"",""upper_wick_fraction"":0.16129032258064516,""volume"":2705.0},""close"":7565.5,""trend"":{""ema_ref"":7434.324287835608,""ema_slow"":7478.814077257972,""hma_order"":""BUY"",""hma_spread_atr"":4.618246556854139}},{""atr"":17.32315147078625,""bar"":{""body_fraction"":0.525,""close"":7577.5,""close_position"":0.875,""direction"":""UP"",""high"":7580.0,""low"":7560.0,""lower_wick_fraction"":0.35,""move_atr"":0.6061252779384393,""move_points"":10.5,""open"":7567.0,""snapshot_time"":""2026-08-03T14:15:00+05:30"",""upper_wick_fraction"":0.125,""volume"":8367.0},""close"":7577.5,""trend"":{""ema_ref"":7435.748921787493,""ema_slow"":7480.768253945933,""hma_order"":""BUY"",""hma_spread_atr"":4.458775951546503}},{""atr"":17.085783508587234,""bar"":{""body_fraction"":0.4642857142857143,""close"":7584.0,""close_position"":0.6428571428571429,""direction"":""UP"",""high"":7589.0,""low"":7575.0,""lower_wick_fraction"":0.17857142857142858,""move_atr"":0.3804332412811582,""move_points"":6.5,""open"":7577.5,""snapshot_time"":""2026-08-03T14:18:00+05:30"",""upper_wick_fraction"":0.35714285714285715,""volume"":5596.0},""close"":7584.0,""trend"":{""ema_ref"":7437.224056894085,""ema_slow"":7482.812446937102,""hma_order"":""BUY"",""hma_spread_atr"":4.414986225622977}},{""atr"":17.365370400831004,""bar"":{""body_fraction"":0.1904761904761905,""close"":7580.0,""close_position"":0.1904761904761905,""direction"":""DOWN"",""high"":7597.0,""low"":7576.0,""lower_wick_fraction"":0.1904761904761905,""move_atr"":-0.23034348865997029,""move_points"":-4.0,""open"":7584.0,""snapshot_time"":""2026-08-03T14:21:00+05:30"",""upper_wick_fraction"":0.6190476190476191,""volume"":4726.0},""close"":7580.0,""trend"":{""ema_ref"":7438.644713044393,""ema_slow"":7484.736952938348,""hma_order"":""BUY"",""hma_spread_atr"":4.2370873120904715}},{""atr"":17.232129657914506,""bar"":{""body_fraction"":0.3870967741935484,""close"":7586.0,""close_position"":0.8064516129032258,""direction"":""UP"",""high"":7589.0,""low"":7573.5,""lower_wick_fraction"":0.41935483870967744,""move_atr"":0.3481867951965109,""move_points"":6.0,""open"":7580.0,""snapshot_time"":""2026-08-03T14:24:00+05:30"",""upper_wick_fraction"":0.1935483870967742,""volume"":6875.0},""close"":7586.0,""trend"":{""ema_ref"":7440.110934805146,""ema_slow"":7486.742161791054,""hma_order"":""BUY"",""hma_spread_atr"":4.163220835630379}},{""atr"":16.67983468234918,""bar"":{""body_fraction"":0.3684210526315789,""close"":7582.5,""close_position"":0.631578947368421,""direction"":""DOWN"",""high"":7586.0,""low"":7576.5,""lower_wick_fraction"":0.631578947368421,""move_atr"":-0.20983421398676969,""move_points"":-3.5,""open"":7586.0,""snapshot_time"":""2026-08-03T14:27:00+05:30"",""upper_wick_fraction"":0.0,""volume"":4720.0},""close"":7582.5,""trend"":{""ema_ref"":7441.527741424001,""ema_slow"":7488.638356607073,""hma_order"":""BUY"",""hma_spread_atr"":4.229857338926135}}],""last_observation_hash"":""afc2cfb10d93fc61e8c2a3a465bcb5e3d34c726b78463c6c763c942328cdf257"",""last_snapshot_time"":""2026-08-03T14:27:00+05:30"",""observation"":{""compression_box_high"":null,""compression_box_low"":null,""compression_candidate_bars"":0,""current_state"":""ORDERLY_UPTREND"",""established_side"":""UP"",""exhaustion_active"":true,""exhaustion_age_bars"":1,""exhaustion_clear_bars"":0,""exhaustion_last_seen_at"":""2026-08-03T14:27:00+05:30"",""exhaustion_side"":""UP"",""exhaustion_started_at"":""2026-08-03T14:27:00+05:30"",""failure_breach_bars"":0,""last_close"":7582.5,""last_reason_codes"":[""REVERSAL_OBSERVATION_GRADUATING_TO_ORDERLY_TREND"",""OBSERVATION_TRANSITION_CONFIRMED"",""OBSERVATION_STATE_ORDERLY_UPTREND""],""last_snapshot_time"":""2026-08-03T14:27:00+05:30"",""leg_age_bars"":4,""leg_anchor_price"":7575.0,""leg_anchor_time"":""2026-08-03T14:18:00+05:30"",""leg_extreme_price"":7597.0,""leg_maturity_consumed"":false,""leg_maturity_extreme_price"":null,""leg_maturity_onset_time"":null,""leg_no_progress_bars"":2,""observation_count"":105,""pending_bars"":0,""pending_state"":null,""protection_level"":7575.0,""protection_source"":""INITIAL_DIRECTIONAL_ANCHOR"",""protection_time"":""2026-08-03T14:18:00+05:30"",""pullback_age_bars"":0,""pullback_candidate_bars"":0,""pullback_extreme_price"":null,""reacceleration_age_bars"":2,""recompression_age_bars"":0,""reversal_confirmation_bars"":0,""reversal_side"":""UP"",""state_age_bars"":1,""trading_day"":""2026-08-03"",""trend_anchor_price"":7575.0,""trend_candidate_bars"":7,""trend_candidate_side"":""UP"",""trend_extreme_price"":7597.0,""trend_failure_age_bars"":0,""trend_onset_time"":""2026-08-03T14:18:00+05:30""},""symbol"":""ABB"",""trading_day"":""2026-08-03""}"
restoration-v3-current-day,development,restoration-trend-control-v3,backtest-default,OK,,,,ABB,2026-08-03,2026-08-03T14:30:00+05:30,2026-08-03T14:27:00+05:30,SNAPSHOT_AUCTION_AUTHORITY_V3A,3m,True,True,7589.5,2026-08-03T14:30:00,7583.0,7589.5,7575.0,7589.5,5246.0,16.524132205038526,EXPANDING_RANGE,BUY,candidate_boundaries_or_midpoint_still_drifting,RANGE_ACCEPTED,DYNAMIC:2026-08-03T13:00:00+05:30:2026-08-03T13:18:00+05:30,7492.5,7526.0,24,ok,UP_ACCELERATING,0.10590571282565696,0.08321163150587334,OK,INCREMENTAL_PREVIOUS_SNAPSHOT,AUTOTRADES_AUCTION_ENGINE,1.1.0,,,ORDERLY_UPTREND,UP,UP,False,True,True,UP,True,False,False,7575.0,INITIAL_DIRECTIONAL_ANCHOR,2026-08-03T14:18:00+05:30,DYNAMIC:2026-08-03T13:00:00+05:30:2026-08-03T13:18:00+05:30,7492.5,7526.0,False,2.8955223880597014,0.6629213483146067,PRICE_ACTION,0.8248847926267281,ESTABLISHED_DIRECTIONAL_CONTEXT_RETAINED|OBSERVATION_PROPOSAL_MATCHED_CURRENT|OBSERVATION_STATE_ORDERLY_UPTREND|OBJECTIVE_REJECTION_OBSERVED|OBJECTIVE_ACCEPTED_RANGE_GEOMETRY_PRESENT|OBJECTIVE_TREND_PROTECTION_GEOMETRY_PRESENT,DIR:ABB:2026-08-03:006:UP:133300,REVERSAL_WATCH,REVERSAL_WATCH,UP,REVERSAL_EVENT_HANDOFF,DIR:ABB:2026-08-03:005:DOWN:124500,DIR:ABB:2026-08-03:005:DOWN:124500:DIRECTIONAL_REVERSAL_CONFIRMED:133300,2026-08-03T13:33:00+05:30,2026-08-03T14:27:00+05:30,2,7518.5,7597.0,2026-08-03T14:21:00+05:30,7575.0,INITIAL_DIRECTIONAL_ANCHOR,7576.5,OBSERVATION_REJECTION_OR_FAILED_EXTREME:BAR_LOW,2026-08-03T14:27:00+05:30,2,1.449412225839378,0,True,REVERSAL_WATCH_RETAINED,6,UNKNOWN,0,2,0,0,0,ORDERLY_UPTREND,2026-08-03T14:30:00+05:30,REVERSAL_WATCH_RETAINED,,NONE,NONE,0,,,,,,UNKNOWN,0,0,0,0,False,False,NO_QUALIFIED_ACCEPTED_RANGE,0,,,,,,0,,,,,MATCH,MATCH,MATCH,MATCH,False,0,False,False,False,True,,COHERENT,[],[],"{""accepted_range_breakout_eligible"":true,""accepted_range_established_at"":""2026-08-03T13:18:00+05:30"",""accepted_range_high"":7526.0,""accepted_range_id"":""DYNAMIC:2026-08-03T13:00:00+05:30:2026-08-03T13:18:00+05:30"",""accepted_range_inside"":false,""accepted_range_low"":7492.5,""accepted_range_outside_atr"":3.842864436816696,""accepted_range_position"":2.8955223880597014,""accepted_range_provisional"":false,""atr"":16.524132205038526,""close"":7589.5,""current_leg_mature"":false,""directional_bias"":""UP"",""directional_efficiency"":0.6629213483146067,""directional_efficiency_source"":""PRICE_ACTION"",""exhausted_side"":""UP"",""exhaustion_active"":true,""extension_mature"":true,""failed_extreme_observed"":false,""high"":7589.5,""low"":7575.0,""observation_state"":""ORDERLY_UPTREND"",""overlap_ratio"":0.8248847926267281,""range_width_atr"":2.0273379312340047,""rejection_observed"":true,""snapshot_time"":""2026-08-03T14:30:00+05:30"",""source_reason_codes"":[""ESTABLISHED_DIRECTIONAL_CONTEXT_RETAINED"",""OBSERVATION_PROPOSAL_MATCHED_CURRENT"",""OBSERVATION_STATE_ORDERLY_UPTREND"",""OBJECTIVE_REJECTION_OBSERVED"",""OBJECTIVE_ACCEPTED_RANGE_GEOMETRY_PRESENT"",""OBJECTIVE_TREND_PROTECTION_GEOMETRY_PRESENT""],""structural_failure_confirmed"":false,""symbol"":""ABB"",""trading_day"":""2026-08-03"",""trend_direction"":""UP"",""trend_protection_level"":7575.0,""trend_protection_source"":""INITIAL_DIRECTIONAL_ANCHOR"",""trend_protection_time"":""2026-08-03T14:18:00+05:30""}","{""continuation_failure_seen"":true,""continuation_failure_time"":""2026-08-03T14:27:00+05:30"",""current_state"":""REVERSAL_WATCH"",""direction"":""UP"",""episode_id"":""DIR:ABB:2026-08-03:006:UP:133300"",""extreme_price"":7597.0,""extreme_time"":""2026-08-03T14:21:00+05:30"",""first_adverse_bar_close"":7582.5,""first_adverse_bar_level"":7576.5,""first_adverse_bar_time"":""2026-08-03T14:27:00+05:30"",""origin_event_id"":""DIR:ABB:2026-08-03:005:DOWN:124500:DIRECTIONAL_REVERSAL_CONFIRMED:133300"",""origin_price"":7518.5,""origin_source"":""REVERSAL_EVENT_HANDOFF"",""parent_episode_id"":""DIR:ABB:2026-08-03:005:DOWN:124500"",""previous_state"":""REVERSAL_WATCH"",""protection_level"":7575.0,""protection_source"":""INITIAL_DIRECTIONAL_ANCHOR"",""reason_codes"":[""REVERSAL_WATCH_RETAINED""],""rejection_seen"":true,""reversal_confirmation_breach_closes"":0,""reversal_confirmation_level"":7576.5,""reversal_confirmation_level_time"":""2026-08-03T14:27:00+05:30"",""reversal_confirmation_source"":""OBSERVATION_REJECTION_OR_FAILED_EXTREME:BAR_LOW"",""reversal_leg_failure_closes"":0,""reversal_leg_progress_atr"":1.449412225839378,""reversal_leg_progress_bars"":2,""started_at"":""2026-08-03T13:33:00+05:30"",""state_age_bars"":2,""state_started_at"":""2026-08-03T14:27:00+05:30""}","{""attempt_limit_reached"":false,""candidate_bar_expansion_count"":0,""candidate_high"":null,""candidate_last_valid_at"":null,""candidate_low"":null,""candidate_merge_count"":0,""containment_bars"":0,""containment_ratio"":0.0,""current_state"":""NONE"",""down_escape_attempt_count"":0,""episode_id"":null,""escape_attempt_count"":0,""escape_direction"":""UNKNOWN"",""failed_escape_count"":0,""forming_bars_observed"":0,""forming_invalid_bars"":0,""frozen_high"":null,""frozen_low"":null,""last_escape_direction"":""UNKNOWN"",""last_escape_failed_at"":null,""last_escape_started_at"":null,""marginal_excursion_bars"":0,""meaningful_escape_bars"":0,""outside_close_count"":0,""previous_state"":""NONE"",""range_id"":null,""rearm_bars_elapsed"":0,""rearm_inside_close_count"":0,""rearm_required"":false,""reason_codes"":[""NO_QUALIFIED_ACCEPTED_RANGE""],""reentry_close_count"":0,""source_range_ids"":[],""started_at"":null,""state_age_bars"":0,""state_started_at"":null,""up_escape_attempt_count"":0}","{""balance_attempt_limit_reached"":false,""balance_candidate_bar_expansion_count"":0,""balance_candidate_merge_count"":0,""balance_containment_ratio"":0.0,""balance_down_escape_attempt_count"":0,""balance_escape_attempt_count"":0,""balance_failed_escape_count"":0,""balance_forming_bars_observed"":0,""balance_forming_invalid_bars"":0,""balance_last_escape_direction"":""UNKNOWN"",""balance_last_escape_failed_at"":null,""balance_last_escape_started_at"":null,""balance_marginal_excursion_bars"":0,""balance_meaningful_escape_bars"":0,""balance_rearm_bars_elapsed"":0,""balance_rearm_inside_close_count"":0,""balance_rearm_required"":false,""balance_up_escape_attempt_count"":0,""directional_origin_event_id"":""DIR:ABB:2026-08-03:005:DOWN:124500:DIRECTIONAL_REVERSAL_CONFIRMED:133300"",""directional_origin_source"":""REVERSAL_EVENT_HANDOFF"",""directional_parent_episode_id"":""DIR:ABB:2026-08-03:005:DOWN:124500"",""directional_reversal_watch_age_bars"":2,""directional_start_candidate_bars"":0,""directional_start_candidate_side"":""UNKNOWN"",""observation_accepted_range_id"":""DYNAMIC:2026-08-03T13:00:00+05:30:2026-08-03T13:18:00+05:30"",""observation_current_leg_mature"":false,""observation_directional_bias"":""UP"",""observation_exhaustion_active"":true,""observation_state"":""ORDERLY_UPTREND""}","{""balance"":{""attempt_limit_reached"":false,""candidate_bar_expansion_count"":0,""candidate_high"":null,""candidate_last_valid_at"":null,""candidate_low"":null,""candidate_merge_count"":0,""containment_bars"":0,""down_escape_attempt_count"":0,""emitted_event_ids"":[""BAL:ABB:2026-08-03:001:NEUTRAL:100600:BALANCE_COMPLETED:105400"",""BAL:ABB:2026-08-03:001:NEUTRAL:100600:BALANCE_ESCAPE_ACCEPTED:105100"",""BAL:ABB:2026-08-03:001:NEUTRAL:100600:BALANCE_ESCAPE_STARTED:104800"",""BAL:ABB:2026-08-03:001:NEUTRAL:100600:BALANCE_FORMING_STARTED:100600"",""BAL:ABB:2026-08-03:001:NEUTRAL:100600:BALANCE_LOCKED:102700"",""BAL:ABB:2026-08-03:001:NEUTRAL:100600:BALANCE_PROBABLE:101800"",""BAL:ABB:2026-08-03:002:NEUTRAL:112100:BALANCE_COMPLETED:113000"",""BAL:ABB:2026-08-03:002:NEUTRAL:112100:BALANCE_FORMING_STARTED:112100"",""BAL:ABB:2026-08-03:003:NEUTRAL:114800:BALANCE_COMPLETED:115400"",""BAL:ABB:2026-08-03:003:NEUTRAL:114800:BALANCE_FORMING_STARTED:114800"",""BAL:ABB:2026-08-03:004:NEUTRAL:122400:BALANCE_COMPLETED:125400"",""BAL:ABB:2026-08-03:004:NEUTRAL:122400:BALANCE_ESCAPE_ACCEPTED:125100"",""BAL:ABB:2026-08-03:004:NEUTRAL:122400:BALANCE_ESCAPE_STARTED:124800"",""BAL:ABB:2026-08-03:004:NEUTRAL:122400:BALANCE_FORMING_STARTED:122400"",""BAL:ABB:2026-08-03:004:NEUTRAL:122400:BALANCE_LOCKED:124500"",""BAL:ABB:2026-08-03:004:NEUTRAL:122400:BALANCE_PROBABLE:123600"",""BAL:ABB:2026-08-03:005:NEUTRAL:132100:BALANCE_COMPLETED:135400"",""BAL:ABB:2026-08-03:005:NEUTRAL:132100:BALANCE_ESCAPE_ACCEPTED:135100"",""BAL:ABB:2026-08-03:005:NEUTRAL:132100:BALANCE_ESCAPE_STARTED:134800"",""BAL:ABB:2026-08-03:005:NEUTRAL:132100:BALANCE_FORMING_STARTED:132100"",""BAL:ABB:2026-08-03:005:NEUTRAL:132100:BALANCE_LOCKED:134200"",""BAL:ABB:2026-08-03:005:NEUTRAL:132100:BALANCE_PROBABLE:133300""],""episode_id"":null,""escape_attempt_count"":0,""escape_direction"":""UNKNOWN"",""failed_escape_count"":0,""forming_bars_observed"":0,""forming_invalid_bars"":0,""frozen_high"":null,""frozen_low"":null,""last_escape_direction"":""UNKNOWN"",""last_escape_failed_at"":null,""last_escape_started_at"":null,""last_reason_codes"":[""NO_QUALIFIED_ACCEPTED_RANGE""],""marginal_excursion_bars"":0,""meaningful_escape_bars"":0,""outside_close_count"":0,""range_id"":null,""rearm_bars_elapsed"":0,""rearm_inside_close_count"":0,""rearm_required"":false,""reentry_close_count"":0,""sequence"":5,""source_range_ids"":[],""started_at"":null,""state"":""NONE"",""state_age_bars"":0,""state_started_at"":null,""up_escape_attempt_count"":0},""directional"":{""continuation_failure_progress_bars"":1,""continuation_failure_seen"":true,""continuation_failure_seen_at"":""2026-08-03T14:27:00+05:30"",""direction"":""UP"",""emitted_event_ids"":[""DIR:ABB:2026-08-03:001:DOWN:101500:DIRECTIONAL_COMPLETED:105100"",""DIR:ABB:2026-08-03:001:DOWN:101500:DIRECTIONAL_STARTED:101500"",""DIR:ABB:2026-08-03:002:UP:110000:DIRECTIONAL_COMPLETED:113900"",""DIR:ABB:2026-08-03:002:UP:110000:DIRECTIONAL_MATURED:110300"",""DIR:ABB:2026-08-03:002:UP:110000:DIRECTIONAL_REVERSAL_CONFIRMED:113900"",""DIR:ABB:2026-08-03:002:UP:110000:DIRECTIONAL_STARTED:110000"",""DIR:ABB:2026-08-03:002:UP:110000:REVERSAL_WATCH_STARTED:110600"",""DIR:ABB:2026-08-03:003:DOWN:113900:DIRECTIONAL_COMPLETED:115400"",""DIR:ABB:2026-08-03:003:DOWN:113900:DIRECTIONAL_REVERSAL_LEG_FAILED:115400"",""DIR:ABB:2026-08-03:003:DOWN:113900:DIRECTIONAL_REVERSAL_LEG_STARTED:113900"",""DIR:ABB:2026-08-03:004:UP:120000:DIRECTIONAL_COMPLETED:124500"",""DIR:ABB:2026-08-03:004:UP:120000:DIRECTIONAL_CONTINUATION_CONFIRMED:123300"",""DIR:ABB:2026-08-03:004:UP:120000:DIRECTIONAL_MATURED:120300"",""DIR:ABB:2026-08-03:004:UP:120000:DIRECTIONAL_MATURED:123900"",""DIR:ABB:2026-08-03:004:UP:120000:DIRECTIONAL_REVERSAL_CONFIRMED:124500"",""DIR:ABB:2026-08-03:004:UP:120000:DIRECTIONAL_STARTED:120000"",""DIR:ABB:2026-08-03:004:UP:120000:DIRECTIONAL_TREND_RESTORED:122100"",""DIR:ABB:2026-08-03:004:UP:120000:REVERSAL_WATCH_STARTED:120600"",""DIR:ABB:2026-08-03:004:UP:120000:REVERSAL_WATCH_STARTED:124200"",""DIR:ABB:2026-08-03:005:DOWN:124500:DIRECTIONAL_COMPLETED:133300"",""DIR:ABB:2026-08-03:005:DOWN:124500:DIRECTIONAL_MATURED:125700"",""DIR:ABB:2026-08-03:005:DOWN:124500:DIRECTIONAL_MATURED:131800"",""DIR:ABB:2026-08-03:005:DOWN:124500:DIRECTIONAL_REVERSAL_CONFIRMED:133300"",""DIR:ABB:2026-08-03:005:DOWN:124500:DIRECTIONAL_REVERSAL_LEG_ESTABLISHED:125100"",""DIR:ABB:2026-08-03:005:DOWN:124500:DIRECTIONAL_REVERSAL_LEG_STARTED:124500"",""DIR:ABB:2026-08-03:005:DOWN:124500:DIRECTIONAL_TREND_RESTORED:131500"",""DIR:ABB:2026-08-03:005:DOWN:124500:REVERSAL_WATCH_STARTED:130000"",""DIR:ABB:2026-08-03:005:DOWN:124500:REVERSAL_WATCH_STARTED:132100"",""DIR:ABB:2026-08-03:006:UP:133300:DIRECTIONAL_MATURED:142100"",""DIR:ABB:2026-08-03:006:UP:133300:DIRECTIONAL_REVERSAL_LEG_ESTABLISHED:135100"",""DIR:ABB:2026-08-03:006:UP:133300:DIRECTIONAL_REVERSAL_LEG_STARTED:133300"",""DIR:ABB:2026-08-03:006:UP:133300:REVERSAL_WATCH_STARTED:142700""],""episode_id"":""DIR:ABB:2026-08-03:006:UP:133300"",""extreme_price"":7597.0,""extreme_time"":""2026-08-03T14:21:00+05:30"",""first_adverse_bar_close"":7582.5,""first_adverse_bar_level"":7576.5,""first_adverse_bar_time"":""2026-08-03T14:27:00+05:30"",""inactive_bars"":0,""last_close"":7589.5,""last_observation_state"":""ORDERLY_UPTREND"",""last_observation_state_time"":""2026-08-03T14:30:00+05:30"",""last_reason_codes"":[""REVERSAL_WATCH_RETAINED""],""opposite_control_bars"":0,""origin_event_id"":""DIR:ABB:2026-08-03:005:DOWN:124500:DIRECTIONAL_REVERSAL_CONFIRMED:133300"",""origin_price"":7518.5,""origin_source"":""REVERSAL_EVENT_HANDOFF"",""parent_episode_id"":""DIR:ABB:2026-08-03:005:DOWN:124500"",""protection_level"":7575.0,""protection_source"":""INITIAL_DIRECTIONAL_ANCHOR"",""protection_time"":""2026-08-03T14:18:00+05:30"",""rejection_seen"":true,""rejection_seen_at"":""2026-08-03T14:27:00+05:30"",""reversal_confirmation_breach_closes"":0,""reversal_confirmation_level"":7576.5,""reversal_confirmation_level_time"":""2026-08-03T14:27:00+05:30"",""reversal_confirmation_source"":""OBSERVATION_REJECTION_OR_FAILED_EXTREME:BAR_LOW"",""reversal_leg_failure_closes"":0,""reversal_leg_progress_atr"":1.449412225839378,""reversal_leg_progress_bars"":2,""reversal_watch_age_bars"":2,""sequence"":6,""start_candidate_bars"":0,""start_candidate_side"":""UNKNOWN"",""started_at"":""2026-08-03T13:33:00+05:30"",""state"":""REVERSAL_WATCH"",""state_age_bars"":2,""state_started_at"":""2026-08-03T14:27:00+05:30"",""trend_restore_bars"":0},""evidence_history"":[{""atr"":17.50955716970321,""bar"":{""body_fraction"":0.6176470588235294,""close"":7550.5,""close_position"":0.7352941176470589,""direction"":""UP"",""high"":7555.0,""low"":7538.0,""lower_wick_fraction"":0.1176470588235294,""move_atr"":0.5996725044633425,""move_points"":10.5,""open"":7540.0,""snapshot_time"":""2026-08-03T13:57:00+05:30"",""upper_wick_fraction"":0.2647058823529412,""volume"":8140.0},""close"":7550.5,""trend"":{""ema_ref"":7427.816980218791,""ema_slow"":7470.14020367963,""hma_order"":""BUY"",""hma_spread_atr"":5.02435371070645}},{""atr"":17.937445943295838,""bar"":{""body_fraction"":0.0425531914893617,""close"":7551.0,""close_position"":0.6595744680851063,""direction"":""UP"",""high"":7559.0,""low"":7535.5,""lower_wick_fraction"":0.6170212765957447,""move_atr"":0.05574929692673177,""move_points"":1.0,""open"":7550.0,""snapshot_time"":""2026-08-03T14:00:00+05:30"",""upper_wick_fraction"":0.3404255319148936,""volume"":12400.0},""close"":7551.0,""trend"":{""ema_ref"":7429.042681908157,""ema_slow"":7471.741387765182,""hma_order"":""BUY"",""hma_spread_atr"":4.803388277328059}},{""atr"":18.120485518774707,""bar"":{""body_fraction"":0.8048780487804879,""close"":7567.5,""close_position"":0.8536585365853658,""direction"":""UP"",""high"":7570.5,""low"":7550.0,""lower_wick_fraction"":0.04878048780487805,""move_atr"":0.9105716280562286,""move_points"":16.5,""open"":7551.0,""snapshot_time"":""2026-08-03T14:03:00+05:30"",""upper_wick_fraction"":0.14634146341463414,""volume"":8060.0},""close"":7567.5,""trend"":{""ema_ref"":7430.42036666529,""ema_slow"":7473.637597908445,""hma_order"":""BUY"",""hma_spread_atr"":4.658388266263794}},{""atr"":17.683307981719373,""bar"":{""body_fraction"":0.4583333333333333,""close"":7562.0,""close_position"":0.3333333333333333,""direction"":""DOWN"",""high"":7570.0,""low"":7558.0,""lower_wick_fraction"":0.3333333333333333,""move_atr"":-0.3110277786082662,""move_points"":-5.5,""open"":7567.5,""snapshot_time"":""2026-08-03T14:06:00+05:30"",""upper_wick_fraction"":0.20833333333333337,""volume"":3189.0},""close"":7562.0,""trend"":{""ema_ref"":7431.729616748223,""ema_slow"":7475.387348444911,""hma_order"":""BUY"",""hma_spread_atr"":4.6747711436424595}},{""atr"":17.241643125882277,""bar"":{""body_fraction"":0.17391304347826086,""close"":7560.0,""close_position"":0.21739130434782608,""direction"":""DOWN"",""high"":7569.0,""low"":7557.5,""lower_wick_fraction"":0.21739130434782608,""move_atr"":-0.11599822507622268,""move_points"":-2.0,""open"":7562.0,""snapshot_time"":""2026-08-03T14:09:00+05:30"",""upper_wick_fraction"":0.6086956521739131,""volume"":2494.0},""close"":7560.0,""trend"":{""ema_ref"":7433.0059389696335,""ema_slow"":7477.062846495507,""hma_order"":""BUY"",""hma_spread_atr"":4.690697510545612}},{""atr"":17.117240045462115,""bar"":{""body_fraction"":0.3548387096774194,""close"":7565.5,""close_position"":0.8387096774193549,""direction"":""UP"",""high"":7568.0,""low"":7552.5,""lower_wick_fraction"":0.4838709677419355,""move_atr"":0.32131348192771786,""move_points"":5.5,""open"":7560.0,""snapshot_time"":""2026-08-03T14:12:00+05:30"",""upper_wick_fraction"":0.16129032258064516,""volume"":2705.0},""close"":7565.5,""trend"":{""ema_ref"":7434.324287835608,""ema_slow"":7478.814077257972,""hma_order"":""BUY"",""hma_spread_atr"":4.618246556854139}},{""atr"":17.32315147078625,""bar"":{""body_fraction"":0.525,""close"":7577.5,""close_position"":0.875,""direction"":""UP"",""high"":7580.0,""low"":7560.0,""lower_wick_fraction"":0.35,""move_atr"":0.6061252779384393,""move_points"":10.5,""open"":7567.0,""snapshot_time"":""2026-08-03T14:15:00+05:30"",""upper_wick_fraction"":0.125,""volume"":8367.0},""close"":7577.5,""trend"":{""ema_ref"":7435.748921787493,""ema_slow"":7480.768253945933,""hma_order"":""BUY"",""hma_spread_atr"":4.458775951546503}},{""atr"":17.085783508587234,""bar"":{""body_fraction"":0.4642857142857143,""close"":7584.0,""close_position"":0.6428571428571429,""direction"":""UP"",""high"":7589.0,""low"":7575.0,""lower_wick_fraction"":0.17857142857142858,""move_atr"":0.3804332412811582,""move_points"":6.5,""open"":7577.5,""snapshot_time"":""2026-08-03T14:18:00+05:30"",""upper_wick_fraction"":0.35714285714285715,""volume"":5596.0},""close"":7584.0,""trend"":{""ema_ref"":7437.224056894085,""ema_slow"":7482.812446937102,""hma_order"":""BUY"",""hma_spread_atr"":4.414986225622977}},{""atr"":17.365370400831004,""bar"":{""body_fraction"":0.1904761904761905,""close"":7580.0,""close_position"":0.1904761904761905,""direction"":""DOWN"",""high"":7597.0,""low"":7576.0,""lower_wick_fraction"":0.1904761904761905,""move_atr"":-0.23034348865997029,""move_points"":-4.0,""open"":7584.0,""snapshot_time"":""2026-08-03T14:21:00+05:30"",""upper_wick_fraction"":0.6190476190476191,""volume"":4726.0},""close"":7580.0,""trend"":{""ema_ref"":7438.644713044393,""ema_slow"":7484.736952938348,""hma_order"":""BUY"",""hma_spread_atr"":4.2370873120904715}},{""atr"":17.232129657914506,""bar"":{""body_fraction"":0.3870967741935484,""close"":7586.0,""close_position"":0.8064516129032258,""direction"":""UP"",""high"":7589.0,""low"":7573.5,""lower_wick_fraction"":0.41935483870967744,""move_atr"":0.3481867951965109,""move_points"":6.0,""open"":7580.0,""snapshot_time"":""2026-08-03T14:24:00+05:30"",""upper_wick_fraction"":0.1935483870967742,""volume"":6875.0},""close"":7586.0,""trend"":{""ema_ref"":7440.110934805146,""ema_slow"":7486.742161791054,""hma_order"":""BUY"",""hma_spread_atr"":4.163220835630379}},{""atr"":16.67983468234918,""bar"":{""body_fraction"":0.3684210526315789,""close"":7582.5,""close_position"":0.631578947368421,""direction"":""DOWN"",""high"":7586.0,""low"":7576.5,""lower_wick_fraction"":0.631578947368421,""move_atr"":-0.20983421398676969,""move_points"":-3.5,""open"":7586.0,""snapshot_time"":""2026-08-03T14:27:00+05:30"",""upper_wick_fraction"":0.0,""volume"":4720.0},""close"":7582.5,""trend"":{""ema_ref"":7441.527741424001,""ema_slow"":7488.638356607073,""hma_order"":""BUY"",""hma_spread_atr"":4.229857338926135}},{""atr"":16.524132205038526,""bar"":{""body_fraction"":0.4482758620689655,""close"":7589.5,""close_position"":1.0,""direction"":""UP"",""high"":7589.5,""low"":7575.0,""lower_wick_fraction"":0.5517241379310345,""move_atr"":0.393364076209583,""move_points"":6.5,""open"":7583.0,""snapshot_time"":""2026-08-03T14:30:00+05:30"",""upper_wick_fraction"":0.0,""volume"":5246.0},""close"":7589.5,""trend"":{""ema_ref"":7443.000102205852,""ema_slow"":7490.635616872279,""hma_order"":""BUY"",""hma_spread_atr"":4.209632345862008}}],""last_observation_hash"":""0b2aed3310802e395c194ce169d2e32e0c63a259274031f069b7b778b1074ef7"",""last_snapshot_time"":""2026-08-03T14:30:00+05:30"",""observation"":{""compression_box_high"":null,""compression_box_low"":null,""compression_candidate_bars"":0,""current_state"":""ORDERLY_UPTREND"",""established_side"":""UP"",""exhaustion_active"":true,""exhaustion_age_bars"":2,""exhaustion_clear_bars"":0,""exhaustion_last_seen_at"":""2026-08-03T14:30:00+05:30"",""exhaustion_side"":""UP"",""exhaustion_started_at"":""2026-08-03T14:27:00+05:30"",""failure_breach_bars"":0,""last_close"":7589.5,""last_reason_codes"":[""ESTABLISHED_DIRECTIONAL_CONTEXT_RETAINED"",""OBSERVATION_PROPOSAL_MATCHED_CURRENT"",""OBSERVATION_STATE_ORDERLY_UPTREND""],""last_snapshot_time"":""2026-08-03T14:30:00+05:30"",""leg_age_bars"":5,""leg_anchor_price"":7575.0,""leg_anchor_time"":""2026-08-03T14:18:00+05:30"",""leg_extreme_price"":7597.0,""leg_maturity_consumed"":false,""leg_maturity_extreme_price"":null,""leg_maturity_onset_time"":null,""leg_no_progress_bars"":3,""observation_count"":106,""pending_bars"":0,""pending_state"":null,""protection_level"":7575.0,""protection_source"":""INITIAL_DIRECTIONAL_ANCHOR"",""protection_time"":""2026-08-03T14:18:00+05:30"",""pullback_age_bars"":0,""pullback_candidate_bars"":0,""pullback_extreme_price"":null,""reacceleration_age_bars"":2,""recompression_age_bars"":0,""reversal_confirmation_bars"":0,""reversal_side"":""UP"",""state_age_bars"":2,""trading_day"":""2026-08-03"",""trend_anchor_price"":7575.0,""trend_candidate_bars"":8,""trend_candidate_side"":""UP"",""trend_extreme_price"":7597.0,""trend_failure_age_bars"":0,""trend_onset_time"":""2026-08-03T14:18:00+05:30""},""symbol"":""ABB"",""trading_day"":""2026-08-03""}"
restoration-v3-current-day,development,restoration-trend-control-v3,backtest-default,OK,,,,ABB,2026-08-03,2026-08-03T14:33:00+05:30,2026-08-03T14:30:00+05:30,SNAPSHOT_AUCTION_AUTHORITY_V3A,3m,True,True,7608.0,2026-08-03T14:33:00,7589.5,7624.0,7589.5,7608.0,22441.0,17.80812276182149,TRENDING_UP,BUY,candidate_has_directional_efficiency_or_displacement,RANGE_ACCEPTED,DYNAMIC:2026-08-03T13:00:00+05:30:2026-08-03T13:18:00+05:30,7492.5,7526.0,25,ok,UP_ACCELERATING,0.7159654148013003,0.393079051263459,OK,INCREMENTAL_PREVIOUS_SNAPSHOT,AUTOTRADES_AUCTION_ENGINE,1.1.0,,,ORDERLY_UPTREND,UP,UP,False,True,True,UP,True,False,False,7575.0,INITIAL_DIRECTIONAL_ANCHOR,2026-08-03T14:18:00+05:30,DYNAMIC:2026-08-03T13:00:00+05:30:2026-08-03T13:18:00+05:30,7492.5,7526.0,False,3.4477611940298507,0.7391304347826086,PRICE_ACTION,0.7534562211981567,ESTABLISHED_DIRECTIONAL_CONTEXT_RETAINED|OBSERVATION_PROPOSAL_MATCHED_CURRENT|OBSERVATION_STATE_ORDERLY_UPTREND|OBJECTIVE_REJECTION_OBSERVED|OBJECTIVE_ACCEPTED_RANGE_GEOMETRY_PRESENT|OBJECTIVE_TREND_PROTECTION_GEOMETRY_PRESENT,DIR:ABB:2026-08-03:006:UP:133300,REVERSAL_WATCH,REVERSAL_WATCH,UP,REVERSAL_EVENT_HANDOFF,DIR:ABB:2026-08-03:005:DOWN:124500,DIR:ABB:2026-08-03:005:DOWN:124500:DIRECTIONAL_REVERSAL_CONFIRMED:133300,2026-08-03T13:33:00+05:30,2026-08-03T14:27:00+05:30,3,7518.5,7624.0,2026-08-03T14:33:00+05:30,7575.0,INITIAL_DIRECTIONAL_ANCHOR,7589.5,OBSERVATION_REJECTION_OR_FAILED_EXTREME:BAR_LOW,2026-08-03T14:33:00+05:30,2,1.449412225839378,0,True,REVERSAL_WATCH_RETAINED,6,UNKNOWN,0,3,1,0,0,ORDERLY_UPTREND,2026-08-03T14:33:00+05:30,REVERSAL_WATCH_RETAINED,,NONE,NONE,0,,,,,,UNKNOWN,0,0,0,0,False,False,NO_QUALIFIED_ACCEPTED_RANGE,0,,,,,,0,,,,,MATCH,MATCH,MATCH,MATCH,False,0,False,False,False,True,,COHERENT,[],[],"{""accepted_range_breakout_eligible"":true,""accepted_range_established_at"":""2026-08-03T13:18:00+05:30"",""accepted_range_high"":7526.0,""accepted_range_id"":""DYNAMIC:2026-08-03T13:00:00+05:30:2026-08-03T13:18:00+05:30"",""accepted_range_inside"":false,""accepted_range_low"":7492.5,""accepted_range_outside_atr"":4.604640314800519,""accepted_range_position"":3.4477611940298507,""accepted_range_provisional"":false,""atr"":17.80812276182149,""close"":7608.0,""current_leg_mature"":false,""directional_bias"":""UP"",""directional_efficiency"":0.7391304347826086,""directional_efficiency_source"":""PRICE_ACTION"",""exhausted_side"":""UP"",""exhaustion_active"":true,""extension_mature"":true,""failed_extreme_observed"":false,""high"":7624.0,""low"":7589.5,""observation_state"":""ORDERLY_UPTREND"",""overlap_ratio"":0.7534562211981567,""range_width_atr"":1.8811640310465536,""rejection_observed"":true,""snapshot_time"":""2026-08-03T14:33:00+05:30"",""source_reason_codes"":[""ESTABLISHED_DIRECTIONAL_CONTEXT_RETAINED"",""OBSERVATION_PROPOSAL_MATCHED_CURRENT"",""OBSERVATION_STATE_ORDERLY_UPTREND"",""OBJECTIVE_REJECTION_OBSERVED"",""OBJECTIVE_ACCEPTED_RANGE_GEOMETRY_PRESENT"",""OBJECTIVE_TREND_PROTECTION_GEOMETRY_PRESENT""],""structural_failure_confirmed"":false,""symbol"":""ABB"",""trading_day"":""2026-08-03"",""trend_direction"":""UP"",""trend_protection_level"":7575.0,""trend_protection_source"":""INITIAL_DIRECTIONAL_ANCHOR"",""trend_protection_time"":""2026-08-03T14:18:00+05:30""}","{""continuation_failure_seen"":true,""continuation_failure_time"":""2026-08-03T14:33:00+05:30"",""current_state"":""REVERSAL_WATCH"",""direction"":""UP"",""episode_id"":""DIR:ABB:2026-08-03:006:UP:133300"",""extreme_price"":7624.0,""extreme_time"":""2026-08-03T14:33:00+05:30"",""first_adverse_bar_close"":7608.0,""first_adverse_bar_level"":7589.5,""first_adverse_bar_time"":""2026-08-03T14:33:00+05:30"",""origin_event_id"":""DIR:ABB:2026-08-03:005:DOWN:124500:DIRECTIONAL_REVERSAL_CONFIRMED:133300"",""origin_price"":7518.5,""origin_source"":""REVERSAL_EVENT_HANDOFF"",""parent_episode_id"":""DIR:ABB:2026-08-03:005:DOWN:124500"",""previous_state"":""REVERSAL_WATCH"",""protection_level"":7575.0,""protection_source"":""INITIAL_DIRECTIONAL_ANCHOR"",""reason_codes"":[""REVERSAL_WATCH_RETAINED""],""rejection_seen"":true,""reversal_confirmation_breach_closes"":0,""reversal_confirmation_level"":7589.5,""reversal_confirmation_level_time"":""2026-08-03T14:33:00+05:30"",""reversal_confirmation_source"":""OBSERVATION_REJECTION_OR_FAILED_EXTREME:BAR_LOW"",""reversal_leg_failure_closes"":0,""reversal_leg_progress_atr"":1.449412225839378,""reversal_leg_progress_bars"":2,""started_at"":""2026-08-03T13:33:00+05:30"",""state_age_bars"":3,""state_started_at"":""2026-08-03T14:27:00+05:30""}","{""attempt_limit_reached"":false,""candidate_bar_expansion_count"":0,""candidate_high"":null,""candidate_last_valid_at"":null,""candidate_low"":null,""candidate_merge_count"":0,""containment_bars"":0,""containment_ratio"":0.0,""current_state"":""NONE"",""down_escape_attempt_count"":0,""episode_id"":null,""escape_attempt_count"":0,""escape_direction"":""UNKNOWN"",""failed_escape_count"":0,""forming_bars_observed"":0,""forming_invalid_bars"":0,""frozen_high"":null,""frozen_low"":null,""last_escape_direction"":""UNKNOWN"",""last_escape_failed_at"":null,""last_escape_started_at"":null,""marginal_excursion_bars"":0,""meaningful_escape_bars"":0,""outside_close_count"":0,""previous_state"":""NONE"",""range_id"":null,""rearm_bars_elapsed"":0,""rearm_inside_close_count"":0,""rearm_required"":false,""reason_codes"":[""NO_QUALIFIED_ACCEPTED_RANGE""],""reentry_close_count"":0,""source_range_ids"":[],""started_at"":null,""state_age_bars"":0,""state_started_at"":null,""up_escape_attempt_count"":0}","{""balance_attempt_limit_reached"":false,""balance_candidate_bar_expansion_count"":0,""balance_candidate_merge_count"":0,""balance_containment_ratio"":0.0,""balance_down_escape_attempt_count"":0,""balance_escape_attempt_count"":0,""balance_failed_escape_count"":0,""balance_forming_bars_observed"":0,""balance_forming_invalid_bars"":0,""balance_last_escape_direction"":""UNKNOWN"",""balance_last_escape_failed_at"":null,""balance_last_escape_started_at"":null,""balance_marginal_excursion_bars"":0,""balance_meaningful_escape_bars"":0,""balance_rearm_bars_elapsed"":0,""balance_rearm_inside_close_count"":0,""balance_rearm_required"":false,""balance_up_escape_attempt_count"":0,""directional_origin_event_id"":""DIR:ABB:2026-08-03:005:DOWN:124500:DIRECTIONAL_REVERSAL_CONFIRMED:133300"",""directional_origin_source"":""REVERSAL_EVENT_HANDOFF"",""directional_parent_episode_id"":""DIR:ABB:2026-08-03:005:DOWN:124500"",""directional_reversal_watch_age_bars"":3,""directional_start_candidate_bars"":0,""directional_start_candidate_side"":""UNKNOWN"",""observation_accepted_range_id"":""DYNAMIC:2026-08-03T13:00:00+05:30:2026-08-03T13:18:00+05:30"",""observation_current_leg_mature"":false,""observation_directional_bias"":""UP"",""observation_exhaustion_active"":true,""observation_state"":""ORDERLY_UPTREND""}","{""balance"":{""attempt_limit_reached"":false,""candidate_bar_expansion_count"":0,""candidate_high"":null,""candidate_last_valid_at"":null,""candidate_low"":null,""candidate_merge_count"":0,""containment_bars"":0,""down_escape_attempt_count"":0,""emitted_event_ids"":[""BAL:ABB:2026-08-03:001:NEUTRAL:100600:BALANCE_COMPLETED:105400"",""BAL:ABB:2026-08-03:001:NEUTRAL:100600:BALANCE_ESCAPE_ACCEPTED:105100"",""BAL:ABB:2026-08-03:001:NEUTRAL:100600:BALANCE_ESCAPE_STARTED:104800"",""BAL:ABB:2026-08-03:001:NEUTRAL:100600:BALANCE_FORMING_STARTED:100600"",""BAL:ABB:2026-08-03:001:NEUTRAL:100600:BALANCE_LOCKED:102700"",""BAL:ABB:2026-08-03:001:NEUTRAL:100600:BALANCE_PROBABLE:101800"",""BAL:ABB:2026-08-03:002:NEUTRAL:112100:BALANCE_COMPLETED:113000"",""BAL:ABB:2026-08-03:002:NEUTRAL:112100:BALANCE_FORMING_STARTED:112100"",""BAL:ABB:2026-08-03:003:NEUTRAL:114800:BALANCE_COMPLETED:115400"",""BAL:ABB:2026-08-03:003:NEUTRAL:114800:BALANCE_FORMING_STARTED:114800"",""BAL:ABB:2026-08-03:004:NEUTRAL:122400:BALANCE_COMPLETED:125400"",""BAL:ABB:2026-08-03:004:NEUTRAL:122400:BALANCE_ESCAPE_ACCEPTED:125100"",""BAL:ABB:2026-08-03:004:NEUTRAL:122400:BALANCE_ESCAPE_STARTED:124800"",""BAL:ABB:2026-08-03:004:NEUTRAL:122400:BALANCE_FORMING_STARTED:122400"",""BAL:ABB:2026-08-03:004:NEUTRAL:122400:BALANCE_LOCKED:124500"",""BAL:ABB:2026-08-03:004:NEUTRAL:122400:BALANCE_PROBABLE:123600"",""BAL:ABB:2026-08-03:005:NEUTRAL:132100:BALANCE_COMPLETED:135400"",""BAL:ABB:2026-08-03:005:NEUTRAL:132100:BALANCE_ESCAPE_ACCEPTED:135100"",""BAL:ABB:2026-08-03:005:NEUTRAL:132100:BALANCE_ESCAPE_STARTED:134800"",""BAL:ABB:2026-08-03:005:NEUTRAL:132100:BALANCE_FORMING_STARTED:132100"",""BAL:ABB:2026-08-03:005:NEUTRAL:132100:BALANCE_LOCKED:134200"",""BAL:ABB:2026-08-03:005:NEUTRAL:132100:BALANCE_PROBABLE:133300""],""episode_id"":null,""escape_attempt_count"":0,""escape_direction"":""UNKNOWN"",""failed_escape_count"":0,""forming_bars_observed"":0,""forming_invalid_bars"":0,""frozen_high"":null,""frozen_low"":null,""last_escape_direction"":""UNKNOWN"",""last_escape_failed_at"":null,""last_escape_started_at"":null,""last_reason_codes"":[""NO_QUALIFIED_ACCEPTED_RANGE""],""marginal_excursion_bars"":0,""meaningful_escape_bars"":0,""outside_close_count"":0,""range_id"":null,""rearm_bars_elapsed"":0,""rearm_inside_close_count"":0,""rearm_required"":false,""reentry_close_count"":0,""sequence"":5,""source_range_ids"":[],""started_at"":null,""state"":""NONE"",""state_age_bars"":0,""state_started_at"":null,""up_escape_attempt_count"":0},""directional"":{""continuation_failure_progress_bars"":1,""continuation_failure_seen"":true,""continuation_failure_seen_at"":""2026-08-03T14:33:00+05:30"",""direction"":""UP"",""emitted_event_ids"":[""DIR:ABB:2026-08-03:001:DOWN:101500:DIRECTIONAL_COMPLETED:105100"",""DIR:ABB:2026-08-03:001:DOWN:101500:DIRECTIONAL_STARTED:101500"",""DIR:ABB:2026-08-03:002:UP:110000:DIRECTIONAL_COMPLETED:113900"",""DIR:ABB:2026-08-03:002:UP:110000:DIRECTIONAL_MATURED:110300"",""DIR:ABB:2026-08-03:002:UP:110000:DIRECTIONAL_REVERSAL_CONFIRMED:113900"",""DIR:ABB:2026-08-03:002:UP:110000:DIRECTIONAL_STARTED:110000"",""DIR:ABB:2026-08-03:002:UP:110000:REVERSAL_WATCH_STARTED:110600"",""DIR:ABB:2026-08-03:003:DOWN:113900:DIRECTIONAL_COMPLETED:115400"",""DIR:ABB:2026-08-03:003:DOWN:113900:DIRECTIONAL_REVERSAL_LEG_FAILED:115400"",""DIR:ABB:2026-08-03:003:DOWN:113900:DIRECTIONAL_REVERSAL_LEG_STARTED:113900"",""DIR:ABB:2026-08-03:004:UP:120000:DIRECTIONAL_COMPLETED:124500"",""DIR:ABB:2026-08-03:004:UP:120000:DIRECTIONAL_CONTINUATION_CONFIRMED:123300"",""DIR:ABB:2026-08-03:004:UP:120000:DIRECTIONAL_MATURED:120300"",""DIR:ABB:2026-08-03:004:UP:120000:DIRECTIONAL_MATURED:123900"",""DIR:ABB:2026-08-03:004:UP:120000:DIRECTIONAL_REVERSAL_CONFIRMED:124500"",""DIR:ABB:2026-08-03:004:UP:120000:DIRECTIONAL_STARTED:120000"",""DIR:ABB:2026-08-03:004:UP:120000:DIRECTIONAL_TREND_RESTORED:122100"",""DIR:ABB:2026-08-03:004:UP:120000:REVERSAL_WATCH_STARTED:120600"",""DIR:ABB:2026-08-03:004:UP:120000:REVERSAL_WATCH_STARTED:124200"",""DIR:ABB:2026-08-03:005:DOWN:124500:DIRECTIONAL_COMPLETED:133300"",""DIR:ABB:2026-08-03:005:DOWN:124500:DIRECTIONAL_MATURED:125700"",""DIR:ABB:2026-08-03:005:DOWN:124500:DIRECTIONAL_MATURED:131800"",""DIR:ABB:2026-08-03:005:DOWN:124500:DIRECTIONAL_REVERSAL_CONFIRMED:133300"",""DIR:ABB:2026-08-03:005:DOWN:124500:DIRECTIONAL_REVERSAL_LEG_ESTABLISHED:125100"",""DIR:ABB:2026-08-03:005:DOWN:124500:DIRECTIONAL_REVERSAL_LEG_STARTED:124500"",""DIR:ABB:2026-08-03:005:DOWN:124500:DIRECTIONAL_TREND_RESTORED:131500"",""DIR:ABB:2026-08-03:005:DOWN:124500:REVERSAL_WATCH_STARTED:130000"",""DIR:ABB:2026-08-03:005:DOWN:124500:REVERSAL_WATCH_STARTED:132100"",""DIR:ABB:2026-08-03:006:UP:133300:DIRECTIONAL_MATURED:142100"",""DIR:ABB:2026-08-03:006:UP:133300:DIRECTIONAL_REVERSAL_LEG_ESTABLISHED:135100"",""DIR:ABB:2026-08-03:006:UP:133300:DIRECTIONAL_REVERSAL_LEG_STARTED:133300"",""DIR:ABB:2026-08-03:006:UP:133300:REVERSAL_WATCH_STARTED:142700""],""episode_id"":""DIR:ABB:2026-08-03:006:UP:133300"",""extreme_price"":7624.0,""extreme_time"":""2026-08-03T14:33:00+05:30"",""first_adverse_bar_close"":7608.0,""first_adverse_bar_level"":7589.5,""first_adverse_bar_time"":""2026-08-03T14:33:00+05:30"",""inactive_bars"":0,""last_close"":7608.0,""last_observation_state"":""ORDERLY_UPTREND"",""last_observation_state_time"":""2026-08-03T14:33:00+05:30"",""last_reason_codes"":[""REVERSAL_WATCH_RETAINED""],""opposite_control_bars"":0,""origin_event_id"":""DIR:ABB:2026-08-03:005:DOWN:124500:DIRECTIONAL_REVERSAL_CONFIRMED:133300"",""origin_price"":7518.5,""origin_source"":""REVERSAL_EVENT_HANDOFF"",""parent_episode_id"":""DIR:ABB:2026-08-03:005:DOWN:124500"",""protection_level"":7575.0,""protection_source"":""INITIAL_DIRECTIONAL_ANCHOR"",""protection_time"":""2026-08-03T14:18:00+05:30"",""rejection_seen"":true,""rejection_seen_at"":""2026-08-03T14:33:00+05:30"",""reversal_confirmation_breach_closes"":0,""reversal_confirmation_level"":7589.5,""reversal_confirmation_level_time"":""2026-08-03T14:33:00+05:30"",""reversal_confirmation_source"":""OBSERVATION_REJECTION_OR_FAILED_EXTREME:BAR_LOW"",""reversal_leg_failure_closes"":0,""reversal_leg_progress_atr"":1.449412225839378,""reversal_leg_progress_bars"":2,""reversal_watch_age_bars"":3,""sequence"":6,""start_candidate_bars"":0,""start_candidate_side"":""UNKNOWN"",""started_at"":""2026-08-03T13:33:00+05:30"",""state"":""REVERSAL_WATCH"",""state_age_bars"":3,""state_started_at"":""2026-08-03T14:27:00+05:30"",""trend_restore_bars"":1},""evidence_history"":[{""atr"":17.937445943295838,""bar"":{""body_fraction"":0.0425531914893617,""close"":7551.0,""close_position"":0.6595744680851063,""direction"":""UP"",""high"":7559.0,""low"":7535.5,""lower_wick_fraction"":0.6170212765957447,""move_atr"":0.05574929692673177,""move_points"":1.0,""open"":7550.0,""snapshot_time"":""2026-08-03T14:00:00+05:30"",""upper_wick_fraction"":0.3404255319148936,""volume"":12400.0},""close"":7551.0,""trend"":{""ema_ref"":7429.042681908157,""ema_slow"":7471.741387765182,""hma_order"":""BUY"",""hma_spread_atr"":4.803388277328059}},{""atr"":18.120485518774707,""bar"":{""body_fraction"":0.8048780487804879,""close"":7567.5,""close_position"":0.8536585365853658,""direction"":""UP"",""high"":7570.5,""low"":7550.0,""lower_wick_fraction"":0.04878048780487805,""move_atr"":0.9105716280562286,""move_points"":16.5,""open"":7551.0,""snapshot_time"":""2026-08-03T14:03:00+05:30"",""upper_wick_fraction"":0.14634146341463414,""volume"":8060.0},""close"":7567.5,""trend"":{""ema_ref"":7430.42036666529,""ema_slow"":7473.637597908445,""hma_order"":""BUY"",""hma_spread_atr"":4.658388266263794}},{""atr"":17.683307981719373,""bar"":{""body_fraction"":0.4583333333333333,""close"":7562.0,""close_position"":0.3333333333333333,""direction"":""DOWN"",""high"":7570.0,""low"":7558.0,""lower_wick_fraction"":0.3333333333333333,""move_atr"":-0.3110277786082662,""move_points"":-5.5,""open"":7567.5,""snapshot_time"":""2026-08-03T14:06:00+05:30"",""upper_wick_fraction"":0.20833333333333337,""volume"":3189.0},""close"":7562.0,""trend"":{""ema_ref"":7431.729616748223,""ema_slow"":7475.387348444911,""hma_order"":""BUY"",""hma_spread_atr"":4.6747711436424595}},{""atr"":17.241643125882277,""bar"":{""body_fraction"":0.17391304347826086,""close"":7560.0,""close_position"":0.21739130434782608,""direction"":""DOWN"",""high"":7569.0,""low"":7557.5,""lower_wick_fraction"":0.21739130434782608,""move_atr"":-0.11599822507622268,""move_points"":-2.0,""open"":7562.0,""snapshot_time"":""2026-08-03T14:09:00+05:30"",""upper_wick_fraction"":0.6086956521739131,""volume"":2494.0},""close"":7560.0,""trend"":{""ema_ref"":7433.0059389696335,""ema_slow"":7477.062846495507,""hma_order"":""BUY"",""hma_spread_atr"":4.690697510545612}},{""atr"":17.117240045462115,""bar"":{""body_fraction"":0.3548387096774194,""close"":7565.5,""close_position"":0.8387096774193549,""direction"":""UP"",""high"":7568.0,""low"":7552.5,""lower_wick_fraction"":0.4838709677419355,""move_atr"":0.32131348192771786,""move_points"":5.5,""open"":7560.0,""snapshot_time"":""2026-08-03T14:12:00+05:30"",""upper_wick_fraction"":0.16129032258064516,""volume"":2705.0},""close"":7565.5,""trend"":{""ema_ref"":7434.324287835608,""ema_slow"":7478.814077257972,""hma_order"":""BUY"",""hma_spread_atr"":4.618246556854139}},{""atr"":17.32315147078625,""bar"":{""body_fraction"":0.525,""close"":7577.5,""close_position"":0.875,""direction"":""UP"",""high"":7580.0,""low"":7560.0,""lower_wick_fraction"":0.35,""move_atr"":0.6061252779384393,""move_points"":10.5,""open"":7567.0,""snapshot_time"":""2026-08-03T14:15:00+05:30"",""upper_wick_fraction"":0.125,""volume"":8367.0},""close"":7577.5,""trend"":{""ema_ref"":7435.748921787493,""ema_slow"":7480.768253945933,""hma_order"":""BUY"",""hma_spread_atr"":4.458775951546503}},{""atr"":17.085783508587234,""bar"":{""body_fraction"":0.4642857142857143,""close"":7584.0,""close_position"":0.6428571428571429,""direction"":""UP"",""high"":7589.0,""low"":7575.0,""lower_wick_fraction"":0.17857142857142858,""move_atr"":0.3804332412811582,""move_points"":6.5,""open"":7577.5,""snapshot_time"":""2026-08-03T14:18:00+05:30"",""upper_wick_fraction"":0.35714285714285715,""volume"":5596.0},""close"":7584.0,""trend"":{""ema_ref"":7437.224056894085,""ema_slow"":7482.812446937102,""hma_order"":""BUY"",""hma_spread_atr"":4.414986225622977}},{""atr"":17.365370400831004,""bar"":{""body_fraction"":0.1904761904761905,""close"":7580.0,""close_position"":0.1904761904761905,""direction"":""DOWN"",""high"":7597.0,""low"":7576.0,""lower_wick_fraction"":0.1904761904761905,""move_atr"":-0.23034348865997029,""move_points"":-4.0,""open"":7584.0,""snapshot_time"":""2026-08-03T14:21:00+05:30"",""upper_wick_fraction"":0.6190476190476191,""volume"":4726.0},""close"":7580.0,""trend"":{""ema_ref"":7438.644713044393,""ema_slow"":7484.736952938348,""hma_order"":""BUY"",""hma_spread_atr"":4.2370873120904715}},{""atr"":17.232129657914506,""bar"":{""body_fraction"":0.3870967741935484,""close"":7586.0,""close_position"":0.8064516129032258,""direction"":""UP"",""high"":7589.0,""low"":7573.5,""lower_wick_fraction"":0.41935483870967744,""move_atr"":0.3481867951965109,""move_points"":6.0,""open"":7580.0,""snapshot_time"":""2026-08-03T14:24:00+05:30"",""upper_wick_fraction"":0.1935483870967742,""volume"":6875.0},""close"":7586.0,""trend"":{""ema_ref"":7440.110934805146,""ema_slow"":7486.742161791054,""hma_order"":""BUY"",""hma_spread_atr"":4.163220835630379}},{""atr"":16.67983468234918,""bar"":{""body_fraction"":0.3684210526315789,""close"":7582.5,""close_position"":0.631578947368421,""direction"":""DOWN"",""high"":7586.0,""low"":7576.5,""lower_wick_fraction"":0.631578947368421,""move_atr"":-0.20983421398676969,""move_points"":-3.5,""open"":7586.0,""snapshot_time"":""2026-08-03T14:27:00+05:30"",""upper_wick_fraction"":0.0,""volume"":4720.0},""close"":7582.5,""trend"":{""ema_ref"":7441.527741424001,""ema_slow"":7488.638356607073,""hma_order"":""BUY"",""hma_spread_atr"":4.229857338926135}},{""atr"":16.524132205038526,""bar"":{""body_fraction"":0.4482758620689655,""close"":7589.5,""close_position"":1.0,""direction"":""UP"",""high"":7589.5,""low"":7575.0,""lower_wick_fraction"":0.5517241379310345,""move_atr"":0.393364076209583,""move_points"":6.5,""open"":7583.0,""snapshot_time"":""2026-08-03T14:30:00+05:30"",""upper_wick_fraction"":0.0,""volume"":5246.0},""close"":7589.5,""trend"":{""ema_ref"":7443.000102205852,""ema_slow"":7490.635616872279,""hma_order"":""BUY"",""hma_spread_atr"":4.209632345862008}},{""atr"":17.80812276182149,""bar"":{""body_fraction"":0.5362318840579711,""close"":7608.0,""close_position"":0.5362318840579711,""direction"":""UP"",""high"":7624.0,""low"":7589.5,""lower_wick_fraction"":0.0,""move_atr"":1.0388517783391416,""move_points"":18.5,""open"":7589.5,""snapshot_time"":""2026-08-03T14:33:00+05:30"",""upper_wick_fraction"":0.463768115942029,""volume"":22441.0},""close"":7608.0,""trend"":{""ema_ref"":7444.641892233655,""ema_slow"":7492.959664062927,""hma_order"":""BUY"",""hma_spread_atr"":4.010061767358477}}],""last_observation_hash"":""d1a2a2b056429386c0086960289843150d65f6a7f718dfe1dbdba31b3fb079c1"",""last_snapshot_time"":""2026-08-03T14:33:00+05:30"",""observation"":{""compression_box_high"":null,""compression_box_low"":null,""compression_candidate_bars"":0,""current_state"":""ORDERLY_UPTREND"",""established_side"":""UP"",""exhaustion_active"":true,""exhaustion_age_bars"":3,""exhaustion_clear_bars"":0,""exhaustion_last_seen_at"":""2026-08-03T14:33:00+05:30"",""exhaustion_side"":""UP"",""exhaustion_started_at"":""2026-08-03T14:27:00+05:30"",""failure_breach_bars"":0,""last_close"":7608.0,""last_reason_codes"":[""ESTABLISHED_DIRECTIONAL_CONTEXT_RETAINED"",""OBSERVATION_PROPOSAL_MATCHED_CURRENT"",""OBSERVATION_STATE_ORDERLY_UPTREND""],""last_snapshot_time"":""2026-08-03T14:33:00+05:30"",""leg_age_bars"":6,""leg_anchor_price"":7575.0,""leg_anchor_time"":""2026-08-03T14:18:00+05:30"",""leg_extreme_price"":7624.0,""leg_maturity_consumed"":false,""leg_maturity_extreme_price"":null,""leg_maturity_onset_time"":null,""leg_no_progress_bars"":0,""observation_count"":107,""pending_bars"":0,""pending_state"":null,""protection_level"":7575.0,""protection_source"":""INITIAL_DIRECTIONAL_ANCHOR"",""protection_time"":""2026-08-03T14:18:00+05:30"",""pullback_age_bars"":0,""pullback_candidate_bars"":0,""pullback_extreme_price"":null,""reacceleration_age_bars"":2,""recompression_age_bars"":0,""reversal_confirmation_bars"":0,""reversal_side"":""UP"",""state_age_bars"":3,""trading_day"":""2026-08-03"",""trend_anchor_price"":7575.0,""trend_candidate_bars"":9,""trend_candidate_side"":""UP"",""trend_extreme_price"":7624.0,""trend_failure_age_bars"":0,""trend_onset_time"":""2026-08-03T14:18:00+05:30""},""symbol"":""ABB"",""trading_day"":""2026-08-03""}"
restoration-v3-current-day,development,restoration-trend-control-v3,backtest-default,OK,,,,ABB,2026-08-03,2026-08-03T14:36:00+05:30,2026-08-03T14:33:00+05:30,SNAPSHOT_AUCTION_AUTHORITY_V3A,3m,True,True,7605.0,2026-08-03T14:36:00,7607.5,7608.5,7590.0,7605.0,10062.0,17.857542564548528,TRENDING_UP,BUY,candidate_has_directional_efficiency_or_displacement,RANGE_ACCEPTED,DYNAMIC:2026-08-03T13:00:00+05:30:2026-08-03T13:18:00+05:30,7492.5,7526.0,26,ok,UP_ACCELERATING,0.4339902857286531,0.26599404609175514,OK,INCREMENTAL_PREVIOUS_SNAPSHOT,AUTOTRADES_AUCTION_ENGINE,1.1.0,,,ORDERLY_UPTREND,UP,UP,False,True,True,UP,True,False,False,7575.0,INITIAL_DIRECTIONAL_ANCHOR,2026-08-03T14:18:00+05:30,DYNAMIC:2026-08-03T13:00:00+05:30:2026-08-03T13:18:00+05:30,7492.5,7526.0,False,3.3582089552238807,0.5670103092783505,PRICE_ACTION,0.767741935483871,ESTABLISHED_DIRECTIONAL_CONTEXT_RETAINED|OBSERVATION_PROPOSAL_MATCHED_CURRENT|OBSERVATION_STATE_ORDERLY_UPTREND|OBJECTIVE_REJECTION_OBSERVED|OBJECTIVE_ACCEPTED_RANGE_GEOMETRY_PRESENT|OBJECTIVE_TREND_PROTECTION_GEOMETRY_PRESENT,DIR:ABB:2026-08-03:006:UP:133300,REVERSAL_WATCH,REVERSAL_WATCH,UP,REVERSAL_EVENT_HANDOFF,DIR:ABB:2026-08-03:005:DOWN:124500,DIR:ABB:2026-08-03:005:DOWN:124500:DIRECTIONAL_REVERSAL_CONFIRMED:133300,2026-08-03T13:33:00+05:30,2026-08-03T14:27:00+05:30,4,7518.5,7624.0,2026-08-03T14:33:00+05:30,7575.0,INITIAL_DIRECTIONAL_ANCHOR,7589.5,OBSERVATION_REJECTION_OR_FAILED_EXTREME:BAR_LOW,2026-08-03T14:33:00+05:30,2,1.449412225839378,0,True,REVERSAL_WATCH_RETAINED,6,UNKNOWN,0,4,0,0,0,ORDERLY_UPTREND,2026-08-03T14:36:00+05:30,REVERSAL_WATCH_RETAINED,,NONE,NONE,0,,,,,,UNKNOWN,0,0,0,0,False,False,NO_QUALIFIED_ACCEPTED_RANGE,0,,,,,,0,,,,,MATCH,MATCH,MATCH,MATCH,False,0,False,False,False,True,,COHERENT,[],[],"{""accepted_range_breakout_eligible"":true,""accepted_range_established_at"":""2026-08-03T13:18:00+05:30"",""accepted_range_high"":7526.0,""accepted_range_id"":""DYNAMIC:2026-08-03T13:00:00+05:30:2026-08-03T13:18:00+05:30"",""accepted_range_inside"":false,""accepted_range_low"":7492.5,""accepted_range_outside_atr"":4.42390097710498,""accepted_range_position"":3.3582089552238807,""accepted_range_provisional"":false,""atr"":17.857542564548528,""close"":7605.0,""current_leg_mature"":false,""directional_bias"":""UP"",""directional_efficiency"":0.5670103092783505,""directional_efficiency_source"":""PRICE_ACTION"",""exhausted_side"":""UP"",""exhaustion_active"":true,""extension_mature"":true,""failed_extreme_observed"":false,""high"":7608.5,""low"":7590.0,""observation_state"":""ORDERLY_UPTREND"",""overlap_ratio"":0.767741935483871,""range_width_atr"":1.875958009278694,""rejection_observed"":true,""snapshot_time"":""2026-08-03T14:36:00+05:30"",""source_reason_codes"":[""ESTABLISHED_DIRECTIONAL_CONTEXT_RETAINED"",""OBSERVATION_PROPOSAL_MATCHED_CURRENT"",""OBSERVATION_STATE_ORDERLY_UPTREND"",""OBJECTIVE_REJECTION_OBSERVED"",""OBJECTIVE_ACCEPTED_RANGE_GEOMETRY_PRESENT"",""OBJECTIVE_TREND_PROTECTION_GEOMETRY_PRESENT""],""structural_failure_confirmed"":false,""symbol"":""ABB"",""trading_day"":""2026-08-03"",""trend_direction"":""UP"",""trend_protection_level"":7575.0,""trend_protection_source"":""INITIAL_DIRECTIONAL_ANCHOR"",""trend_protection_time"":""2026-08-03T14:18:00+05:30""}","{""continuation_failure_seen"":true,""continuation_failure_time"":""2026-08-03T14:33:00+05:30"",""current_state"":""REVERSAL_WATCH"",""direction"":""UP"",""episode_id"":""DIR:ABB:2026-08-03:006:UP:133300"",""extreme_price"":7624.0,""extreme_time"":""2026-08-03T14:33:00+05:30"",""first_adverse_bar_close"":7608.0,""first_adverse_bar_level"":7589.5,""first_adverse_bar_time"":""2026-08-03T14:33:00+05:30"",""origin_event_id"":""DIR:ABB:2026-08-03:005:DOWN:124500:DIRECTIONAL_REVERSAL_CONFIRMED:133300"",""origin_price"":7518.5,""origin_source"":""REVERSAL_EVENT_HANDOFF"",""parent_episode_id"":""DIR:ABB:2026-08-03:005:DOWN:124500"",""previous_state"":""REVERSAL_WATCH"",""protection_level"":7575.0,""protection_source"":""INITIAL_DIRECTIONAL_ANCHOR"",""reason_codes"":[""REVERSAL_WATCH_RETAINED""],""rejection_seen"":true,""reversal_confirmation_breach_closes"":0,""reversal_confirmation_level"":7589.5,""reversal_confirmation_level_time"":""2026-08-03T14:33:00+05:30"",""reversal_confirmation_source"":""OBSERVATION_REJECTION_OR_FAILED_EXTREME:BAR_LOW"",""reversal_leg_failure_closes"":0,""reversal_leg_progress_atr"":1.449412225839378,""reversal_leg_progress_bars"":2,""started_at"":""2026-08-03T13:33:00+05:30"",""state_age_bars"":4,""state_started_at"":""2026-08-03T14:27:00+05:30""}","{""attempt_limit_reached"":false,""candidate_bar_expansion_count"":0,""candidate_high"":null,""candidate_last_valid_at"":null,""candidate_low"":null,""candidate_merge_count"":0,""containment_bars"":0,""containment_ratio"":0.0,""current_state"":""NONE"",""down_escape_attempt_count"":0,""episode_id"":null,""escape_attempt_count"":0,""escape_direction"":""UNKNOWN"",""failed_escape_count"":0,""forming_bars_observed"":0,""forming_invalid_bars"":0,""frozen_high"":null,""frozen_low"":null,""last_escape_direction"":""UNKNOWN"",""last_escape_failed_at"":null,""last_escape_started_at"":null,""marginal_excursion_bars"":0,""meaningful_escape_bars"":0,""outside_close_count"":0,""previous_state"":""NONE"",""range_id"":null,""rearm_bars_elapsed"":0,""rearm_inside_close_count"":0,""rearm_required"":false,""reason_codes"":[""NO_QUALIFIED_ACCEPTED_RANGE""],""reentry_close_count"":0,""source_range_ids"":[],""started_at"":null,""state_age_bars"":0,""state_started_at"":null,""up_escape_attempt_count"":0}","{""balance_attempt_limit_reached"":false,""balance_candidate_bar_expansion_count"":0,""balance_candidate_merge_count"":0,""balance_containment_ratio"":0.0,""balance_down_escape_attempt_count"":0,""balance_escape_attempt_count"":0,""balance_failed_escape_count"":0,""balance_forming_bars_observed"":0,""balance_forming_invalid_bars"":0,""balance_last_escape_direction"":""UNKNOWN"",""balance_last_escape_failed_at"":null,""balance_last_escape_started_at"":null,""balance_marginal_excursion_bars"":0,""balance_meaningful_escape_bars"":0,""balance_rearm_bars_elapsed"":0,""balance_rearm_inside_close_count"":0,""balance_rearm_required"":false,""balance_up_escape_attempt_count"":0,""directional_origin_event_id"":""DIR:ABB:2026-08-03:005:DOWN:124500:DIRECTIONAL_REVERSAL_CONFIRMED:133300"",""directional_origin_source"":""REVERSAL_EVENT_HANDOFF"",""directional_parent_episode_id"":""DIR:ABB:2026-08-03:005:DOWN:124500"",""directional_reversal_watch_age_bars"":4,""directional_start_candidate_bars"":0,""directional_start_candidate_side"":""UNKNOWN"",""observation_accepted_range_id"":""DYNAMIC:2026-08-03T13:00:00+05:30:2026-08-03T13:18:00+05:30"",""observation_current_leg_mature"":false,""observation_directional_bias"":""UP"",""observation_exhaustion_active"":true,""observation_state"":""ORDERLY_UPTREND""}","{""balance"":{""attempt_limit_reached"":false,""candidate_bar_expansion_count"":0,""candidate_high"":null,""candidate_last_valid_at"":null,""candidate_low"":null,""candidate_merge_count"":0,""containment_bars"":0,""down_escape_attempt_count"":0,""emitted_event_ids"":[""BAL:ABB:2026-08-03:001:NEUTRAL:100600:BALANCE_COMPLETED:105400"",""BAL:ABB:2026-08-03:001:NEUTRAL:100600:BALANCE_ESCAPE_ACCEPTED:105100"",""BAL:ABB:2026-08-03:001:NEUTRAL:100600:BALANCE_ESCAPE_STARTED:104800"",""BAL:ABB:2026-08-03:001:NEUTRAL:100600:BALANCE_FORMING_STARTED:100600"",""BAL:ABB:2026-08-03:001:NEUTRAL:100600:BALANCE_LOCKED:102700"",""BAL:ABB:2026-08-03:001:NEUTRAL:100600:BALANCE_PROBABLE:101800"",""BAL:ABB:2026-08-03:002:NEUTRAL:112100:BALANCE_COMPLETED:113000"",""BAL:ABB:2026-08-03:002:NEUTRAL:112100:BALANCE_FORMING_STARTED:112100"",""BAL:ABB:2026-08-03:003:NEUTRAL:114800:BALANCE_COMPLETED:115400"",""BAL:ABB:2026-08-03:003:NEUTRAL:114800:BALANCE_FORMING_STARTED:114800"",""BAL:ABB:2026-08-03:004:NEUTRAL:122400:BALANCE_COMPLETED:125400"",""BAL:ABB:2026-08-03:004:NEUTRAL:122400:BALANCE_ESCAPE_ACCEPTED:125100"",""BAL:ABB:2026-08-03:004:NEUTRAL:122400:BALANCE_ESCAPE_STARTED:124800"",""BAL:ABB:2026-08-03:004:NEUTRAL:122400:BALANCE_FORMING_STARTED:122400"",""BAL:ABB:2026-08-03:004:NEUTRAL:122400:BALANCE_LOCKED:124500"",""BAL:ABB:2026-08-03:004:NEUTRAL:122400:BALANCE_PROBABLE:123600"",""BAL:ABB:2026-08-03:005:NEUTRAL:132100:BALANCE_COMPLETED:135400"",""BAL:ABB:2026-08-03:005:NEUTRAL:132100:BALANCE_ESCAPE_ACCEPTED:135100"",""BAL:ABB:2026-08-03:005:NEUTRAL:132100:BALANCE_ESCAPE_STARTED:134800"",""BAL:ABB:2026-08-03:005:NEUTRAL:132100:BALANCE_FORMING_STARTED:132100"",""BAL:ABB:2026-08-03:005:NEUTRAL:132100:BALANCE_LOCKED:134200"",""BAL:ABB:2026-08-03:005:NEUTRAL:132100:BALANCE_PROBABLE:133300""],""episode_id"":null,""escape_attempt_count"":0,""escape_direction"":""UNKNOWN"",""failed_escape_count"":0,""forming_bars_observed"":0,""forming_invalid_bars"":0,""frozen_high"":null,""frozen_low"":null,""last_escape_direction"":""UNKNOWN"",""last_escape_failed_at"":null,""last_escape_started_at"":null,""last_reason_codes"":[""NO_QUALIFIED_ACCEPTED_RANGE""],""marginal_excursion_bars"":0,""meaningful_escape_bars"":0,""outside_close_count"":0,""range_id"":null,""rearm_bars_elapsed"":0,""rearm_inside_close_count"":0,""rearm_required"":false,""reentry_close_count"":0,""sequence"":5,""source_range_ids"":[],""started_at"":null,""state"":""NONE"",""state_age_bars"":0,""state_started_at"":null,""up_escape_attempt_count"":0},""directional"":{""continuation_failure_progress_bars"":2,""continuation_failure_seen"":true,""continuation_failure_seen_at"":""2026-08-03T14:33:00+05:30"",""direction"":""UP"",""emitted_event_ids"":[""DIR:ABB:2026-08-03:001:DOWN:101500:DIRECTIONAL_COMPLETED:105100"",""DIR:ABB:2026-08-03:001:DOWN:101500:DIRECTIONAL_STARTED:101500"",""DIR:ABB:2026-08-03:002:UP:110000:DIRECTIONAL_COMPLETED:113900"",""DIR:ABB:2026-08-03:002:UP:110000:DIRECTIONAL_MATURED:110300"",""DIR:ABB:2026-08-03:002:UP:110000:DIRECTIONAL_REVERSAL_CONFIRMED:113900"",""DIR:ABB:2026-08-03:002:UP:110000:DIRECTIONAL_STARTED:110000"",""DIR:ABB:2026-08-03:002:UP:110000:REVERSAL_WATCH_STARTED:110600"",""DIR:ABB:2026-08-03:003:DOWN:113900:DIRECTIONAL_COMPLETED:115400"",""DIR:ABB:2026-08-03:003:DOWN:113900:DIRECTIONAL_REVERSAL_LEG_FAILED:115400"",""DIR:ABB:2026-08-03:003:DOWN:113900:DIRECTIONAL_REVERSAL_LEG_STARTED:113900"",""DIR:ABB:2026-08-03:004:UP:120000:DIRECTIONAL_COMPLETED:124500"",""DIR:ABB:2026-08-03:004:UP:120000:DIRECTIONAL_CONTINUATION_CONFIRMED:123300"",""DIR:ABB:2026-08-03:004:UP:120000:DIRECTIONAL_MATURED:120300"",""DIR:ABB:2026-08-03:004:UP:120000:DIRECTIONAL_MATURED:123900"",""DIR:ABB:2026-08-03:004:UP:120000:DIRECTIONAL_REVERSAL_CONFIRMED:124500"",""DIR:ABB:2026-08-03:004:UP:120000:DIRECTIONAL_STARTED:120000"",""DIR:ABB:2026-08-03:004:UP:120000:DIRECTIONAL_TREND_RESTORED:122100"",""DIR:ABB:2026-08-03:004:UP:120000:REVERSAL_WATCH_STARTED:120600"",""DIR:ABB:2026-08-03:004:UP:120000:REVERSAL_WATCH_STARTED:124200"",""DIR:ABB:2026-08-03:005:DOWN:124500:DIRECTIONAL_COMPLETED:133300"",""DIR:ABB:2026-08-03:005:DOWN:124500:DIRECTIONAL_MATURED:125700"",""DIR:ABB:2026-08-03:005:DOWN:124500:DIRECTIONAL_MATURED:131800"",""DIR:ABB:2026-08-03:005:DOWN:124500:DIRECTIONAL_REVERSAL_CONFIRMED:133300"",""DIR:ABB:2026-08-03:005:DOWN:124500:DIRECTIONAL_REVERSAL_LEG_ESTABLISHED:125100"",""DIR:ABB:2026-08-03:005:DOWN:124500:DIRECTIONAL_REVERSAL_LEG_STARTED:124500"",""DIR:ABB:2026-08-03:005:DOWN:124500:DIRECTIONAL_TREND_RESTORED:131500"",""DIR:ABB:2026-08-03:005:DOWN:124500:REVERSAL_WATCH_STARTED:130000"",""DIR:ABB:2026-08-03:005:DOWN:124500:REVERSAL_WATCH_STARTED:132100"",""DIR:ABB:2026-08-03:006:UP:133300:DIRECTIONAL_MATURED:142100"",""DIR:ABB:2026-08-03:006:UP:133300:DIRECTIONAL_REVERSAL_LEG_ESTABLISHED:135100"",""DIR:ABB:2026-08-03:006:UP:133300:DIRECTIONAL_REVERSAL_LEG_STARTED:133300"",""DIR:ABB:2026-08-03:006:UP:133300:REVERSAL_WATCH_STARTED:142700""],""episode_id"":""DIR:ABB:2026-08-03:006:UP:133300"",""extreme_price"":7624.0,""extreme_time"":""2026-08-03T14:33:00+05:30"",""first_adverse_bar_close"":7608.0,""first_adverse_bar_level"":7589.5,""first_adverse_bar_time"":""2026-08-03T14:33:00+05:30"",""inactive_bars"":0,""last_close"":7605.0,""last_observation_state"":""ORDERLY_UPTREND"",""last_observation_state_time"":""2026-08-03T14:36:00+05:30"",""last_reason_codes"":[""REVERSAL_WATCH_RETAINED""],""opposite_control_bars"":0,""origin_event_id"":""DIR:ABB:2026-08-03:005:DOWN:124500:DIRECTIONAL_REVERSAL_CONFIRMED:133300"",""origin_price"":7518.5,""origin_source"":""REVERSAL_EVENT_HANDOFF"",""parent_episode_id"":""DIR:ABB:2026-08-03:005:DOWN:124500"",""protection_level"":7575.0,""protection_source"":""INITIAL_DIRECTIONAL_ANCHOR"",""protection_time"":""2026-08-03T14:18:00+05:30"",""rejection_seen"":true,""rejection_seen_at"":""2026-08-03T14:33:00+05:30"",""reversal_confirmation_breach_closes"":0,""reversal_confirmation_level"":7589.5,""reversal_confirmation_level_time"":""2026-08-03T14:33:00+05:30"",""reversal_confirmation_source"":""OBSERVATION_REJECTION_OR_FAILED_EXTREME:BAR_LOW"",""reversal_leg_failure_closes"":0,""reversal_leg_progress_atr"":1.449412225839378,""reversal_leg_progress_bars"":2,""reversal_watch_age_bars"":4,""sequence"":6,""start_candidate_bars"":0,""start_candidate_side"":""UNKNOWN"",""started_at"":""2026-08-03T13:33:00+05:30"",""state"":""REVERSAL_WATCH"",""state_age_bars"":4,""state_started_at"":""2026-08-03T14:27:00+05:30"",""trend_restore_bars"":0},""evidence_history"":[{""atr"":18.120485518774707,""bar"":{""body_fraction"":0.8048780487804879,""close"":7567.5,""close_position"":0.8536585365853658,""direction"":""UP"",""high"":7570.5,""low"":7550.0,""lower_wick_fraction"":0.04878048780487805,""move_atr"":0.9105716280562286,""move_points"":16.5,""open"":7551.0,""snapshot_time"":""2026-08-03T14:03:00+05:30"",""upper_wick_fraction"":0.14634146341463414,""volume"":8060.0},""close"":7567.5,""trend"":{""ema_ref"":7430.42036666529,""ema_slow"":7473.637597908445,""hma_order"":""BUY"",""hma_spread_atr"":4.658388266263794}},{""atr"":17.683307981719373,""bar"":{""body_fraction"":0.4583333333333333,""close"":7562.0,""close_position"":0.3333333333333333,""direction"":""DOWN"",""high"":7570.0,""low"":7558.0,""lower_wick_fraction"":0.3333333333333333,""move_atr"":-0.3110277786082662,""move_points"":-5.5,""open"":7567.5,""snapshot_time"":""2026-08-03T14:06:00+05:30"",""upper_wick_fraction"":0.20833333333333337,""volume"":3189.0},""close"":7562.0,""trend"":{""ema_ref"":7431.729616748223,""ema_slow"":7475.387348444911,""hma_order"":""BUY"",""hma_spread_atr"":4.6747711436424595}},{""atr"":17.241643125882277,""bar"":{""body_fraction"":0.17391304347826086,""close"":7560.0,""close_position"":0.21739130434782608,""direction"":""DOWN"",""high"":7569.0,""low"":7557.5,""lower_wick_fraction"":0.21739130434782608,""move_atr"":-0.11599822507622268,""move_points"":-2.0,""open"":7562.0,""snapshot_time"":""2026-08-03T14:09:00+05:30"",""upper_wick_fraction"":0.6086956521739131,""volume"":2494.0},""close"":7560.0,""trend"":{""ema_ref"":7433.0059389696335,""ema_slow"":7477.062846495507,""hma_order"":""BUY"",""hma_spread_atr"":4.690697510545612}},{""atr"":17.117240045462115,""bar"":{""body_fraction"":0.3548387096774194,""close"":7565.5,""close_position"":0.8387096774193549,""direction"":""UP"",""high"":7568.0,""low"":7552.5,""lower_wick_fraction"":0.4838709677419355,""move_atr"":0.32131348192771786,""move_points"":5.5,""open"":7560.0,""snapshot_time"":""2026-08-03T14:12:00+05:30"",""upper_wick_fraction"":0.16129032258064516,""volume"":2705.0},""close"":7565.5,""trend"":{""ema_ref"":7434.324287835608,""ema_slow"":7478.814077257972,""hma_order"":""BUY"",""hma_spread_atr"":4.618246556854139}},{""atr"":17.32315147078625,""bar"":{""body_fraction"":0.525,""close"":7577.5,""close_position"":0.875,""direction"":""UP"",""high"":7580.0,""low"":7560.0,""lower_wick_fraction"":0.35,""move_atr"":0.6061252779384393,""move_points"":10.5,""open"":7567.0,""snapshot_time"":""2026-08-03T14:15:00+05:30"",""upper_wick_fraction"":0.125,""volume"":8367.0},""close"":7577.5,""trend"":{""ema_ref"":7435.748921787493,""ema_slow"":7480.768253945933,""hma_order"":""BUY"",""hma_spread_atr"":4.458775951546503}},{""atr"":17.085783508587234,""bar"":{""body_fraction"":0.4642857142857143,""close"":7584.0,""close_position"":0.6428571428571429,""direction"":""UP"",""high"":7589.0,""low"":7575.0,""lower_wick_fraction"":0.17857142857142858,""move_atr"":0.3804332412811582,""move_points"":6.5,""open"":7577.5,""snapshot_time"":""2026-08-03T14:18:00+05:30"",""upper_wick_fraction"":0.35714285714285715,""volume"":5596.0},""close"":7584.0,""trend"":{""ema_ref"":7437.224056894085,""ema_slow"":7482.812446937102,""hma_order"":""BUY"",""hma_spread_atr"":4.414986225622977}},{""atr"":17.365370400831004,""bar"":{""body_fraction"":0.1904761904761905,""close"":7580.0,""close_position"":0.1904761904761905,""direction"":""DOWN"",""high"":7597.0,""low"":7576.0,""lower_wick_fraction"":0.1904761904761905,""move_atr"":-0.23034348865997029,""move_points"":-4.0,""open"":7584.0,""snapshot_time"":""2026-08-03T14:21:00+05:30"",""upper_wick_fraction"":0.6190476190476191,""volume"":4726.0},""close"":7580.0,""trend"":{""ema_ref"":7438.644713044393,""ema_slow"":7484.736952938348,""hma_order"":""BUY"",""hma_spread_atr"":4.2370873120904715}},{""atr"":17.232129657914506,""bar"":{""body_fraction"":0.3870967741935484,""close"":7586.0,""close_position"":0.8064516129032258,""direction"":""UP"",""high"":7589.0,""low"":7573.5,""lower_wick_fraction"":0.41935483870967744,""move_atr"":0.3481867951965109,""move_points"":6.0,""open"":7580.0,""snapshot_time"":""2026-08-03T14:24:00+05:30"",""upper_wick_fraction"":0.1935483870967742,""volume"":6875.0},""close"":7586.0,""trend"":{""ema_ref"":7440.110934805146,""ema_slow"":7486.742161791054,""hma_order"":""BUY"",""hma_spread_atr"":4.163220835630379}},{""atr"":16.67983468234918,""bar"":{""body_fraction"":0.3684210526315789,""close"":7582.5,""close_position"":0.631578947368421,""direction"":""DOWN"",""high"":7586.0,""low"":7576.5,""lower_wick_fraction"":0.631578947368421,""move_atr"":-0.20983421398676969,""move_points"":-3.5,""open"":7586.0,""snapshot_time"":""2026-08-03T14:27:00+05:30"",""upper_wick_fraction"":0.0,""volume"":4720.0},""close"":7582.5,""trend"":{""ema_ref"":7441.527741424001,""ema_slow"":7488.638356607073,""hma_order"":""BUY"",""hma_spread_atr"":4.229857338926135}},{""atr"":16.524132205038526,""bar"":{""body_fraction"":0.4482758620689655,""close"":7589.5,""close_position"":1.0,""direction"":""UP"",""high"":7589.5,""low"":7575.0,""lower_wick_fraction"":0.5517241379310345,""move_atr"":0.393364076209583,""move_points"":6.5,""open"":7583.0,""snapshot_time"":""2026-08-03T14:30:00+05:30"",""upper_wick_fraction"":0.0,""volume"":5246.0},""close"":7589.5,""trend"":{""ema_ref"":7443.000102205852,""ema_slow"":7490.635616872279,""hma_order"":""BUY"",""hma_spread_atr"":4.209632345862008}},{""atr"":17.80812276182149,""bar"":{""body_fraction"":0.5362318840579711,""close"":7608.0,""close_position"":0.5362318840579711,""direction"":""UP"",""high"":7624.0,""low"":7589.5,""lower_wick_fraction"":0.0,""move_atr"":1.0388517783391416,""move_points"":18.5,""open"":7589.5,""snapshot_time"":""2026-08-03T14:33:00+05:30"",""upper_wick_fraction"":0.463768115942029,""volume"":22441.0},""close"":7608.0,""trend"":{""ema_ref"":7444.641892233655,""ema_slow"":7492.959664062927,""hma_order"":""BUY"",""hma_spread_atr"":4.010061767358477}},{""atr"":17.857542564548528,""bar"":{""body_fraction"":0.13513513513513514,""close"":7605.0,""close_position"":0.8108108108108109,""direction"":""DOWN"",""high"":7608.5,""low"":7590.0,""lower_wick_fraction"":0.8108108108108109,""move_atr"":-0.13999686636408165,""move_points"":-2.5,""open"":7607.5,""snapshot_time"":""2026-08-03T14:36:00+05:30"",""upper_wick_fraction"":0.05405405405405406,""volume"":10062.0},""close"":7605.0,""trend"":{""ema_ref"":7446.237495296007,""ema_slow"":7495.178284576532,""hma_order"":""BUY"",""hma_spread_atr"":4.1156149170575835}}],""last_observation_hash"":""a952be1835ea50e653a7fb9b6b8c44ca491bb37d3f3292d766acd6819f5a7ed7"",""last_snapshot_time"":""2026-08-03T14:36:00+05:30"",""observation"":{""compression_box_high"":null,""compression_box_low"":null,""compression_candidate_bars"":0,""current_state"":""ORDERLY_UPTREND"",""established_side"":""UP"",""exhaustion_active"":true,""exhaustion_age_bars"":4,""exhaustion_clear_bars"":0,""exhaustion_last_seen_at"":""2026-08-03T14:36:00+05:30"",""exhaustion_side"":""UP"",""exhaustion_started_at"":""2026-08-03T14:27:00+05:30"",""failure_breach_bars"":0,""last_close"":7605.0,""last_reason_codes"":[""ESTABLISHED_DIRECTIONAL_CONTEXT_RETAINED"",""OBSERVATION_PROPOSAL_MATCHED_CURRENT"",""OBSERVATION_STATE_ORDERLY_UPTREND""],""last_snapshot_time"":""2026-08-03T14:36:00+05:30"",""leg_age_bars"":7,""leg_anchor_price"":7575.0,""leg_anchor_time"":""2026-08-03T14:18:00+05:30"",""leg_extreme_price"":7624.0,""leg_maturity_consumed"":false,""leg_maturity_extreme_price"":null,""leg_maturity_onset_time"":null,""leg_no_progress_bars"":1,""observation_count"":108,""pending_bars"":0,""pending_state"":null,""protection_level"":7575.0,""protection_source"":""INITIAL_DIRECTIONAL_ANCHOR"",""protection_time"":""2026-08-03T14:18:00+05:30"",""pullback_age_bars"":0,""pullback_candidate_bars"":1,""pullback_extreme_price"":null,""reacceleration_age_bars"":2,""recompression_age_bars"":0,""reversal_confirmation_bars"":0,""reversal_side"":""UP"",""state_age_bars"":4,""trading_day"":""2026-08-03"",""trend_anchor_price"":7575.0,""trend_candidate_bars"":10,""trend_candidate_side"":""UP"",""trend_extreme_price"":7624.0,""trend_failure_age_bars"":0,""trend_onset_time"":""2026-08-03T14:18:00+05:30""},""symbol"":""ABB"",""trading_day"":""2026-08-03""}"
restoration-v3-current-day,development,restoration-trend-control-v3,backtest-default,OK,,,,ABB,2026-08-03,2026-08-03T14:39:00+05:30,2026-08-03T14:36:00+05:30,SNAPSHOT_AUCTION_AUTHORITY_V3A,3m,True,True,7616.5,2026-08-03T14:39:00,7605.0,7620.0,7600.0,7616.5,9804.0,18.010575238509347,TRENDING_UP,BUY,candidate_has_directional_efficiency_or_displacement,RANGE_ACCEPTED,DYNAMIC:2026-08-03T13:00:00+05:30:2026-08-03T13:18:00+05:30,7492.5,7526.0,27,ok,UP_SLOWING,0.23597247415578676,0.4719449483115735,OK,INCREMENTAL_PREVIOUS_SNAPSHOT,AUTOTRADES_AUCTION_ENGINE,1.1.0,,,ORDERLY_UPTREND,UP,UP,True,False,True,UP,False,False,False,7575.0,INITIAL_DIRECTIONAL_ANCHOR,2026-08-03T14:18:00+05:30,DYNAMIC:2026-08-03T13:00:00+05:30:2026-08-03T13:18:00+05:30,7492.5,7526.0,False,3.701492537313433,0.6074766355140186,PRICE_ACTION,0.6918918918918919,CURRENT_DIRECTIONAL_LEG_MATURED|AWAITING_2_BAR_CONFIRMATION_FOR_MATURE_EXTENSION|OBSERVATION_STATE_ORDERLY_UPTREND|OBJECTIVE_ACCEPTED_RANGE_GEOMETRY_PRESENT|OBJECTIVE_TREND_PROTECTION_GEOMETRY_PRESENT,DIR:ABB:2026-08-03:006:UP:133300,REVERSAL_WATCH,REVERSAL_WATCH,UP,REVERSAL_EVENT_HANDOFF,DIR:ABB:2026-08-03:005:DOWN:124500,DIR:ABB:2026-08-03:005:DOWN:124500:DIRECTIONAL_REVERSAL_CONFIRMED:133300,2026-08-03T13:33:00+05:30,2026-08-03T14:27:00+05:30,5,7518.5,7624.0,2026-08-03T14:33:00+05:30,7575.0,INITIAL_DIRECTIONAL_ANCHOR,7589.5,OBSERVATION_REJECTION_OR_FAILED_EXTREME:BAR_LOW,2026-08-03T14:33:00+05:30,2,1.449412225839378,0,True,REVERSAL_WATCH_RETAINED,6,UNKNOWN,0,5,0,0,0,ORDERLY_UPTREND,2026-08-03T14:39:00+05:30,REVERSAL_WATCH_RETAINED,,NONE,NONE,0,,,,,,UNKNOWN,0,0,0,0,False,False,NO_QUALIFIED_ACCEPTED_RANGE,0,,,,,,0,,,,,MATCH,MATCH,MATCH,MATCH,False,0,False,False,False,True,,COHERENT,[],[],"{""accepted_range_breakout_eligible"":true,""accepted_range_established_at"":""2026-08-03T13:18:00+05:30"",""accepted_range_high"":7526.0,""accepted_range_id"":""DYNAMIC:2026-08-03T13:00:00+05:30:2026-08-03T13:18:00+05:30"",""accepted_range_inside"":false,""accepted_range_low"":7492.5,""accepted_range_outside_atr"":5.0248256261408715,""accepted_range_position"":3.701492537313433,""accepted_range_provisional"":false,""atr"":18.010575238509347,""close"":7616.5,""current_leg_mature"":true,""directional_bias"":""UP"",""directional_efficiency"":0.6074766355140186,""directional_efficiency_source"":""PRICE_ACTION"",""exhausted_side"":""UP"",""exhaustion_active"":true,""extension_mature"":false,""failed_extreme_observed"":false,""high"":7620.0,""low"":7600.0,""observation_state"":""ORDERLY_UPTREND"",""overlap_ratio"":0.6918918918918919,""range_width_atr"":1.8600183256985543,""rejection_observed"":false,""snapshot_time"":""2026-08-03T14:39:00+05:30"",""source_reason_codes"":[""CURRENT_DIRECTIONAL_LEG_MATURED"",""AWAITING_2_BAR_CONFIRMATION_FOR_MATURE_EXTENSION"",""OBSERVATION_STATE_ORDERLY_UPTREND"",""OBJECTIVE_ACCEPTED_RANGE_GEOMETRY_PRESENT"",""OBJECTIVE_TREND_PROTECTION_GEOMETRY_PRESENT""],""structural_failure_confirmed"":false,""symbol"":""ABB"",""trading_day"":""2026-08-03"",""trend_direction"":""UP"",""trend_protection_level"":7575.0,""trend_protection_source"":""INITIAL_DIRECTIONAL_ANCHOR"",""trend_protection_time"":""2026-08-03T14:18:00+05:30""}","{""continuation_failure_seen"":true,""continuation_failure_time"":""2026-08-03T14:33:00+05:30"",""current_state"":""REVERSAL_WATCH"",""direction"":""UP"",""episode_id"":""DIR:ABB:2026-08-03:006:UP:133300"",""extreme_price"":7624.0,""extreme_time"":""2026-08-03T14:33:00+05:30"",""first_adverse_bar_close"":7608.0,""first_adverse_bar_level"":7589.5,""first_adverse_bar_time"":""2026-08-03T14:33:00+05:30"",""origin_event_id"":""DIR:ABB:2026-08-03:005:DOWN:124500:DIRECTIONAL_REVERSAL_CONFIRMED:133300"",""origin_price"":7518.5,""origin_source"":""REVERSAL_EVENT_HANDOFF"",""parent_episode_id"":""DIR:ABB:2026-08-03:005:DOWN:124500"",""previous_state"":""REVERSAL_WATCH"",""protection_level"":7575.0,""protection_source"":""INITIAL_DIRECTIONAL_ANCHOR"",""reason_codes"":[""REVERSAL_WATCH_RETAINED""],""rejection_seen"":true,""reversal_confirmation_breach_closes"":0,""reversal_confirmation_level"":7589.5,""reversal_confirmation_level_time"":""2026-08-03T14:33:00+05:30"",""reversal_confirmation_source"":""OBSERVATION_REJECTION_OR_FAILED_EXTREME:BAR_LOW"",""reversal_leg_failure_closes"":0,""reversal_leg_progress_atr"":1.449412225839378,""reversal_leg_progress_bars"":2,""started_at"":""2026-08-03T13:33:00+05:30"",""state_age_bars"":5,""state_started_at"":""2026-08-03T14:27:00+05:30""}","{""attempt_limit_reached"":false,""candidate_bar_expansion_count"":0,""candidate_high"":null,""candidate_last_valid_at"":null,""candidate_low"":null,""candidate_merge_count"":0,""containment_bars"":0,""containment_ratio"":0.0,""current_state"":""NONE"",""down_escape_attempt_count"":0,""episode_id"":null,""escape_attempt_count"":0,""escape_direction"":""UNKNOWN"",""failed_escape_count"":0,""forming_bars_observed"":0,""forming_invalid_bars"":0,""frozen_high"":null,""frozen_low"":null,""last_escape_direction"":""UNKNOWN"",""last_escape_failed_at"":null,""last_escape_started_at"":null,""marginal_excursion_bars"":0,""meaningful_escape_bars"":0,""outside_close_count"":0,""previous_state"":""NONE"",""range_id"":null,""rearm_bars_elapsed"":0,""rearm_inside_close_count"":0,""rearm_required"":false,""reason_codes"":[""NO_QUALIFIED_ACCEPTED_RANGE""],""reentry_close_count"":0,""source_range_ids"":[],""started_at"":null,""state_age_bars"":0,""state_started_at"":null,""up_escape_attempt_count"":0}","{""balance_attempt_limit_reached"":false,""balance_candidate_bar_expansion_count"":0,""balance_candidate_merge_count"":0,""balance_containment_ratio"":0.0,""balance_down_escape_attempt_count"":0,""balance_escape_attempt_count"":0,""balance_failed_escape_count"":0,""balance_forming_bars_observed"":0,""balance_forming_invalid_bars"":0,""balance_last_escape_direction"":""UNKNOWN"",""balance_last_escape_failed_at"":null,""balance_last_escape_started_at"":null,""balance_marginal_excursion_bars"":0,""balance_meaningful_escape_bars"":0,""balance_rearm_bars_elapsed"":0,""balance_rearm_inside_close_count"":0,""balance_rearm_required"":false,""balance_up_escape_attempt_count"":0,""directional_origin_event_id"":""DIR:ABB:2026-08-03:005:DOWN:124500:DIRECTIONAL_REVERSAL_CONFIRMED:133300"",""directional_origin_source"":""REVERSAL_EVENT_HANDOFF"",""directional_parent_episode_id"":""DIR:ABB:2026-08-03:005:DOWN:124500"",""directional_reversal_watch_age_bars"":5,""directional_start_candidate_bars"":0,""directional_start_candidate_side"":""UNKNOWN"",""observation_accepted_range_id"":""DYNAMIC:2026-08-03T13:00:00+05:30:2026-08-03T13:18:00+05:30"",""observation_current_leg_mature"":true,""observation_directional_bias"":""UP"",""observation_exhaustion_active"":true,""observation_state"":""ORDERLY_UPTREND""}","{""balance"":{""attempt_limit_reached"":false,""candidate_bar_expansion_count"":0,""candidate_high"":null,""candidate_last_valid_at"":null,""candidate_low"":null,""candidate_merge_count"":0,""containment_bars"":0,""down_escape_attempt_count"":0,""emitted_event_ids"":[""BAL:ABB:2026-08-03:001:NEUTRAL:100600:BALANCE_COMPLETED:105400"",""BAL:ABB:2026-08-03:001:NEUTRAL:100600:BALANCE_ESCAPE_ACCEPTED:105100"",""BAL:ABB:2026-08-03:001:NEUTRAL:100600:BALANCE_ESCAPE_STARTED:104800"",""BAL:ABB:2026-08-03:001:NEUTRAL:100600:BALANCE_FORMING_STARTED:100600"",""BAL:ABB:2026-08-03:001:NEUTRAL:100600:BALANCE_LOCKED:102700"",""BAL:ABB:2026-08-03:001:NEUTRAL:100600:BALANCE_PROBABLE:101800"",""BAL:ABB:2026-08-03:002:NEUTRAL:112100:BALANCE_COMPLETED:113000"",""BAL:ABB:2026-08-03:002:NEUTRAL:112100:BALANCE_FORMING_STARTED:112100"",""BAL:ABB:2026-08-03:003:NEUTRAL:114800:BALANCE_COMPLETED:115400"",""BAL:ABB:2026-08-03:003:NEUTRAL:114800:BALANCE_FORMING_STARTED:114800"",""BAL:ABB:2026-08-03:004:NEUTRAL:122400:BALANCE_COMPLETED:125400"",""BAL:ABB:2026-08-03:004:NEUTRAL:122400:BALANCE_ESCAPE_ACCEPTED:125100"",""BAL:ABB:2026-08-03:004:NEUTRAL:122400:BALANCE_ESCAPE_STARTED:124800"",""BAL:ABB:2026-08-03:004:NEUTRAL:122400:BALANCE_FORMING_STARTED:122400"",""BAL:ABB:2026-08-03:004:NEUTRAL:122400:BALANCE_LOCKED:124500"",""BAL:ABB:2026-08-03:004:NEUTRAL:122400:BALANCE_PROBABLE:123600"",""BAL:ABB:2026-08-03:005:NEUTRAL:132100:BALANCE_COMPLETED:135400"",""BAL:ABB:2026-08-03:005:NEUTRAL:132100:BALANCE_ESCAPE_ACCEPTED:135100"",""BAL:ABB:2026-08-03:005:NEUTRAL:132100:BALANCE_ESCAPE_STARTED:134800"",""BAL:ABB:2026-08-03:005:NEUTRAL:132100:BALANCE_FORMING_STARTED:132100"",""BAL:ABB:2026-08-03:005:NEUTRAL:132100:BALANCE_LOCKED:134200"",""BAL:ABB:2026-08-03:005:NEUTRAL:132100:BALANCE_PROBABLE:133300""],""episode_id"":null,""escape_attempt_count"":0,""escape_direction"":""UNKNOWN"",""failed_escape_count"":0,""forming_bars_observed"":0,""forming_invalid_bars"":0,""frozen_high"":null,""frozen_low"":null,""last_escape_direction"":""UNKNOWN"",""last_escape_failed_at"":null,""last_escape_started_at"":null,""last_reason_codes"":[""NO_QUALIFIED_ACCEPTED_RANGE""],""marginal_excursion_bars"":0,""meaningful_escape_bars"":0,""outside_close_count"":0,""range_id"":null,""rearm_bars_elapsed"":0,""rearm_inside_close_count"":0,""rearm_required"":false,""reentry_close_count"":0,""sequence"":5,""source_range_ids"":[],""started_at"":null,""state"":""NONE"",""state_age_bars"":0,""state_started_at"":null,""up_escape_attempt_count"":0},""directional"":{""continuation_failure_progress_bars"":2,""continuation_failure_seen"":true,""continuation_failure_seen_at"":""2026-08-03T14:33:00+05:30"",""direction"":""UP"",""emitted_event_ids"":[""DIR:ABB:2026-08-03:001:DOWN:101500:DIRECTIONAL_COMPLETED:105100"",""DIR:ABB:2026-08-03:001:DOWN:101500:DIRECTIONAL_STARTED:101500"",""DIR:ABB:2026-08-03:002:UP:110000:DIRECTIONAL_COMPLETED:113900"",""DIR:ABB:2026-08-03:002:UP:110000:DIRECTIONAL_MATURED:110300"",""DIR:ABB:2026-08-03:002:UP:110000:DIRECTIONAL_REVERSAL_CONFIRMED:113900"",""DIR:ABB:2026-08-03:002:UP:110000:DIRECTIONAL_STARTED:110000"",""DIR:ABB:2026-08-03:002:UP:110000:REVERSAL_WATCH_STARTED:110600"",""DIR:ABB:2026-08-03:003:DOWN:113900:DIRECTIONAL_COMPLETED:115400"",""DIR:ABB:2026-08-03:003:DOWN:113900:DIRECTIONAL_REVERSAL_LEG_FAILED:115400"",""DIR:ABB:2026-08-03:003:DOWN:113900:DIRECTIONAL_REVERSAL_LEG_STARTED:113900"",""DIR:ABB:2026-08-03:004:UP:120000:DIRECTIONAL_COMPLETED:124500"",""DIR:ABB:2026-08-03:004:UP:120000:DIRECTIONAL_CONTINUATION_CONFIRMED:123300"",""DIR:ABB:2026-08-03:004:UP:120000:DIRECTIONAL_MATURED:120300"",""DIR:ABB:2026-08-03:004:UP:120000:DIRECTIONAL_MATURED:123900"",""DIR:ABB:2026-08-03:004:UP:120000:DIRECTIONAL_REVERSAL_CONFIRMED:124500"",""DIR:ABB:2026-08-03:004:UP:120000:DIRECTIONAL_STARTED:120000"",""DIR:ABB:2026-08-03:004:UP:120000:DIRECTIONAL_TREND_RESTORED:122100"",""DIR:ABB:2026-08-03:004:UP:120000:REVERSAL_WATCH_STARTED:120600"",""DIR:ABB:2026-08-03:004:UP:120000:REVERSAL_WATCH_STARTED:124200"",""DIR:ABB:2026-08-03:005:DOWN:124500:DIRECTIONAL_COMPLETED:133300"",""DIR:ABB:2026-08-03:005:DOWN:124500:DIRECTIONAL_MATURED:125700"",""DIR:ABB:2026-08-03:005:DOWN:124500:DIRECTIONAL_MATURED:131800"",""DIR:ABB:2026-08-03:005:DOWN:124500:DIRECTIONAL_REVERSAL_CONFIRMED:133300"",""DIR:ABB:2026-08-03:005:DOWN:124500:DIRECTIONAL_REVERSAL_LEG_ESTABLISHED:125100"",""DIR:ABB:2026-08-03:005:DOWN:124500:DIRECTIONAL_REVERSAL_LEG_STARTED:124500"",""DIR:ABB:2026-08-03:005:DOWN:124500:DIRECTIONAL_TREND_RESTORED:131500"",""DIR:ABB:2026-08-03:005:DOWN:124500:REVERSAL_WATCH_STARTED:130000"",""DIR:ABB:2026-08-03:005:DOWN:124500:REVERSAL_WATCH_STARTED:132100"",""DIR:ABB:2026-08-03:006:UP:133300:DIRECTIONAL_MATURED:142100"",""DIR:ABB:2026-08-03:006:UP:133300:DIRECTIONAL_REVERSAL_LEG_ESTABLISHED:135100"",""DIR:ABB:2026-08-03:006:UP:133300:DIRECTIONAL_REVERSAL_LEG_STARTED:133300"",""DIR:ABB:2026-08-03:006:UP:133300:REVERSAL_WATCH_STARTED:142700""],""episode_id"":""DIR:ABB:2026-08-03:006:UP:133300"",""extreme_price"":7624.0,""extreme_time"":""2026-08-03T14:33:00+05:30"",""first_adverse_bar_close"":7608.0,""first_adverse_bar_level"":7589.5,""first_adverse_bar_time"":""2026-08-03T14:33:00+05:30"",""inactive_bars"":0,""last_close"":7616.5,""last_observation_state"":""ORDERLY_UPTREND"",""last_observation_state_time"":""2026-08-03T14:39:00+05:30"",""last_reason_codes"":[""REVERSAL_WATCH_RETAINED""],""opposite_control_bars"":0,""origin_event_id"":""DIR:ABB:2026-08-03:005:DOWN:124500:DIRECTIONAL_REVERSAL_CONFIRMED:133300"",""origin_price"":7518.5,""origin_source"":""REVERSAL_EVENT_HANDOFF"",""parent_episode_id"":""DIR:ABB:2026-08-03:005:DOWN:124500"",""protection_level"":7575.0,""protection_source"":""INITIAL_DIRECTIONAL_ANCHOR"",""protection_time"":""2026-08-03T14:18:00+05:30"",""rejection_seen"":true,""rejection_seen_at"":""2026-08-03T14:33:00+05:30"",""reversal_confirmation_breach_closes"":0,""reversal_confirmation_level"":7589.5,""reversal_confirmation_level_time"":""2026-08-03T14:33:00+05:30"",""reversal_confirmation_source"":""OBSERVATION_REJECTION_OR_FAILED_EXTREME:BAR_LOW"",""reversal_leg_failure_closes"":0,""reversal_leg_progress_atr"":1.449412225839378,""reversal_leg_progress_bars"":2,""reversal_watch_age_bars"":5,""sequence"":6,""start_candidate_bars"":0,""start_candidate_side"":""UNKNOWN"",""started_at"":""2026-08-03T13:33:00+05:30"",""state"":""REVERSAL_WATCH"",""state_age_bars"":5,""state_started_at"":""2026-08-03T14:27:00+05:30"",""trend_restore_bars"":0},""evidence_history"":[{""atr"":17.683307981719373,""bar"":{""body_fraction"":0.4583333333333333,""close"":7562.0,""close_position"":0.3333333333333333,""direction"":""DOWN"",""high"":7570.0,""low"":7558.0,""lower_wick_fraction"":0.3333333333333333,""move_atr"":-0.3110277786082662,""move_points"":-5.5,""open"":7567.5,""snapshot_time"":""2026-08-03T14:06:00+05:30"",""upper_wick_fraction"":0.20833333333333337,""volume"":3189.0},""close"":7562.0,""trend"":{""ema_ref"":7431.729616748223,""ema_slow"":7475.387348444911,""hma_order"":""BUY"",""hma_spread_atr"":4.6747711436424595}},{""atr"":17.241643125882277,""bar"":{""body_fraction"":0.17391304347826086,""close"":7560.0,""close_position"":0.21739130434782608,""direction"":""DOWN"",""high"":7569.0,""low"":7557.5,""lower_wick_fraction"":0.21739130434782608,""move_atr"":-0.11599822507622268,""move_points"":-2.0,""open"":7562.0,""snapshot_time"":""2026-08-03T14:09:00+05:30"",""upper_wick_fraction"":0.6086956521739131,""volume"":2494.0},""close"":7560.0,""trend"":{""ema_ref"":7433.0059389696335,""ema_slow"":7477.062846495507,""hma_order"":""BUY"",""hma_spread_atr"":4.690697510545612}},{""atr"":17.117240045462115,""bar"":{""body_fraction"":0.3548387096774194,""close"":7565.5,""close_position"":0.8387096774193549,""direction"":""UP"",""high"":7568.0,""low"":7552.5,""lower_wick_fraction"":0.4838709677419355,""move_atr"":0.32131348192771786,""move_points"":5.5,""open"":7560.0,""snapshot_time"":""2026-08-03T14:12:00+05:30"",""upper_wick_fraction"":0.16129032258064516,""volume"":2705.0},""close"":7565.5,""trend"":{""ema_ref"":7434.324287835608,""ema_slow"":7478.814077257972,""hma_order"":""BUY"",""hma_spread_atr"":4.618246556854139}},{""atr"":17.32315147078625,""bar"":{""body_fraction"":0.525,""close"":7577.5,""close_position"":0.875,""direction"":""UP"",""high"":7580.0,""low"":7560.0,""lower_wick_fraction"":0.35,""move_atr"":0.6061252779384393,""move_points"":10.5,""open"":7567.0,""snapshot_time"":""2026-08-03T14:15:00+05:30"",""upper_wick_fraction"":0.125,""volume"":8367.0},""close"":7577.5,""trend"":{""ema_ref"":7435.748921787493,""ema_slow"":7480.768253945933,""hma_order"":""BUY"",""hma_spread_atr"":4.458775951546503}},{""atr"":17.085783508587234,""bar"":{""body_fraction"":0.4642857142857143,""close"":7584.0,""close_position"":0.6428571428571429,""direction"":""UP"",""high"":7589.0,""low"":7575.0,""lower_wick_fraction"":0.17857142857142858,""move_atr"":0.3804332412811582,""move_points"":6.5,""open"":7577.5,""snapshot_time"":""2026-08-03T14:18:00+05:30"",""upper_wick_fraction"":0.35714285714285715,""volume"":5596.0},""close"":7584.0,""trend"":{""ema_ref"":7437.224056894085,""ema_slow"":7482.812446937102,""hma_order"":""BUY"",""hma_spread_atr"":4.414986225622977}},{""atr"":17.365370400831004,""bar"":{""body_fraction"":0.1904761904761905,""close"":7580.0,""close_position"":0.1904761904761905,""direction"":""DOWN"",""high"":7597.0,""low"":7576.0,""lower_wick_fraction"":0.1904761904761905,""move_atr"":-0.23034348865997029,""move_points"":-4.0,""open"":7584.0,""snapshot_time"":""2026-08-03T14:21:00+05:30"",""upper_wick_fraction"":0.6190476190476191,""volume"":4726.0},""close"":7580.0,""trend"":{""ema_ref"":7438.644713044393,""ema_slow"":7484.736952938348,""hma_order"":""BUY"",""hma_spread_atr"":4.2370873120904715}},{""atr"":17.232129657914506,""bar"":{""body_fraction"":0.3870967741935484,""close"":7586.0,""close_position"":0.8064516129032258,""direction"":""UP"",""high"":7589.0,""low"":7573.5,""lower_wick_fraction"":0.41935483870967744,""move_atr"":0.3481867951965109,""move_points"":6.0,""open"":7580.0,""snapshot_time"":""2026-08-03T14:24:00+05:30"",""upper_wick_fraction"":0.1935483870967742,""volume"":6875.0},""close"":7586.0,""trend"":{""ema_ref"":7440.110934805146,""ema_slow"":7486.742161791054,""hma_order"":""BUY"",""hma_spread_atr"":4.163220835630379}},{""atr"":16.67983468234918,""bar"":{""body_fraction"":0.3684210526315789,""close"":7582.5,""close_position"":0.631578947368421,""direction"":""DOWN"",""high"":7586.0,""low"":7576.5,""lower_wick_fraction"":0.631578947368421,""move_atr"":-0.20983421398676969,""move_points"":-3.5,""open"":7586.0,""snapshot_time"":""2026-08-03T14:27:00+05:30"",""upper_wick_fraction"":0.0,""volume"":4720.0},""close"":7582.5,""trend"":{""ema_ref"":7441.527741424001,""ema_slow"":7488.638356607073,""hma_order"":""BUY"",""hma_spread_atr"":4.229857338926135}},{""atr"":16.524132205038526,""bar"":{""body_fraction"":0.4482758620689655,""close"":7589.5,""close_position"":1.0,""direction"":""UP"",""high"":7589.5,""low"":7575.0,""lower_wick_fraction"":0.5517241379310345,""move_atr"":0.393364076209583,""move_points"":6.5,""open"":7583.0,""snapshot_time"":""2026-08-03T14:30:00+05:30"",""upper_wick_fraction"":0.0,""volume"":5246.0},""close"":7589.5,""trend"":{""ema_ref"":7443.000102205852,""ema_slow"":7490.635616872279,""hma_order"":""BUY"",""hma_spread_atr"":4.209632345862008}},{""atr"":17.80812276182149,""bar"":{""body_fraction"":0.5362318840579711,""close"":7608.0,""close_position"":0.5362318840579711,""direction"":""UP"",""high"":7624.0,""low"":7589.5,""lower_wick_fraction"":0.0,""move_atr"":1.0388517783391416,""move_points"":18.5,""open"":7589.5,""snapshot_time"":""2026-08-03T14:33:00+05:30"",""upper_wick_fraction"":0.463768115942029,""volume"":22441.0},""close"":7608.0,""trend"":{""ema_ref"":7444.641892233655,""ema_slow"":7492.959664062927,""hma_order"":""BUY"",""hma_spread_atr"":4.010061767358477}},{""atr"":17.857542564548528,""bar"":{""body_fraction"":0.13513513513513514,""close"":7605.0,""close_position"":0.8108108108108109,""direction"":""DOWN"",""high"":7608.5,""low"":7590.0,""lower_wick_fraction"":0.8108108108108109,""move_atr"":-0.13999686636408165,""move_points"":-2.5,""open"":7607.5,""snapshot_time"":""2026-08-03T14:36:00+05:30"",""upper_wick_fraction"":0.05405405405405406,""volume"":10062.0},""close"":7605.0,""trend"":{""ema_ref"":7446.237495296007,""ema_slow"":7495.178284576532,""hma_order"":""BUY"",""hma_spread_atr"":4.1156149170575835}},{""atr"":18.010575238509347,""bar"":{""body_fraction"":0.575,""close"":7616.5,""close_position"":0.825,""direction"":""UP"",""high"":7620.0,""low"":7600.0,""lower_wick_fraction"":0.25,""move_atr"":0.6385137535980112,""move_points"":11.5,""open"":7605.0,""snapshot_time"":""2026-08-03T14:39:00+05:30"",""upper_wick_fraction"":0.175,""volume"":9804.0},""close"":7616.5,""trend"":{""ema_ref"":7447.9316495716685,""ema_slow"":7497.580694782938,""hma_order"":""BUY"",""hma_spread_atr"":4.254349339607453}}],""last_observation_hash"":""2ca4271002e9b931ae402338db72da7c6e51a6a44c6fedf09bb46f43eceef0bc"",""last_snapshot_time"":""2026-08-03T14:39:00+05:30"",""observation"":{""compression_box_high"":null,""compression_box_low"":null,""compression_candidate_bars"":0,""current_state"":""ORDERLY_UPTREND"",""established_side"":""UP"",""exhaustion_active"":true,""exhaustion_age_bars"":5,""exhaustion_clear_bars"":0,""exhaustion_last_seen_at"":""2026-08-03T14:39:00+05:30"",""exhaustion_side"":""UP"",""exhaustion_started_at"":""2026-08-03T14:27:00+05:30"",""failure_breach_bars"":0,""last_close"":7616.5,""last_reason_codes"":[""CURRENT_DIRECTIONAL_LEG_MATURED"",""AWAITING_2_BAR_CONFIRMATION_FOR_MATURE_EXTENSION"",""OBSERVATION_STATE_ORDERLY_UPTREND""],""last_snapshot_time"":""2026-08-03T14:39:00+05:30"",""leg_age_bars"":8,""leg_anchor_price"":7575.0,""leg_anchor_time"":""2026-08-03T14:18:00+05:30"",""leg_extreme_price"":7624.0,""leg_maturity_consumed"":false,""leg_maturity_extreme_price"":null,""leg_maturity_onset_time"":null,""leg_no_progress_bars"":2,""observation_count"":109,""pending_bars"":1,""pending_state"":""MATURE_EXTENSION"",""protection_level"":7575.0,""protection_source"":""INITIAL_DIRECTIONAL_ANCHOR"",""protection_time"":""2026-08-03T14:18:00+05:30"",""pullback_age_bars"":0,""pullback_candidate_bars"":0,""pullback_extreme_price"":null,""reacceleration_age_bars"":2,""recompression_age_bars"":0,""reversal_confirmation_bars"":0,""reversal_side"":""UP"",""state_age_bars"":5,""trading_day"":""2026-08-03"",""trend_anchor_price"":7575.0,""trend_candidate_bars"":11,""trend_candidate_side"":""UP"",""trend_extreme_price"":7624.0,""trend_failure_age_bars"":0,""trend_onset_time"":""2026-08-03T14:18:00+05:30""},""symbol"":""ABB"",""trading_day"":""2026-08-03""}"
restoration-v3-current-day,development,restoration-trend-control-v3,backtest-default,OK,,,,ABB,2026-08-03,2026-08-03T14:42:00+05:30,2026-08-03T14:39:00+05:30,SNAPSHOT_AUCTION_AUTHORITY_V3A,3m,True,True,7651.5,2026-08-03T14:42:00,7616.5,7657.0,7610.0,7651.5,21854.0,20.08124843575868,TRENDING_UP,BUY,candidate_has_directional_efficiency_or_displacement,RANGE_ACCEPTED,DYNAMIC:2026-08-03T13:00:00+05:30:2026-08-03T13:18:00+05:30,7492.5,7526.0,28,ok,UP_ACCELERATING,1.1577965421013727,0.7718643614009151,OK,INCREMENTAL_PREVIOUS_SNAPSHOT,AUTOTRADES_AUCTION_ENGINE,1.1.0,,,ORDERLY_UPTREND,UP,UP,False,False,True,UP,False,False,False,7575.0,INITIAL_DIRECTIONAL_ANCHOR,2026-08-03T14:18:00+05:30,DYNAMIC:2026-08-03T13:00:00+05:30:2026-08-03T13:18:00+05:30,7492.5,7526.0,False,4.746268656716418,0.8461538461538461,PRICE_ACTION,0.591891891891892,ESTABLISHED_DIRECTIONAL_CONTEXT_RETAINED|OBSERVATION_PROPOSAL_MATCHED_CURRENT|OBSERVATION_STATE_ORDERLY_UPTREND|OBJECTIVE_ACCEPTED_RANGE_GEOMETRY_PRESENT|OBJECTIVE_TREND_PROTECTION_GEOMETRY_PRESENT,DIR:ABB:2026-08-03:006:UP:133300,REVERSAL_WATCH,REVERSAL_WATCH,UP,REVERSAL_EVENT_HANDOFF,DIR:ABB:2026-08-03:005:DOWN:124500,DIR:ABB:2026-08-03:005:DOWN:124500:DIRECTIONAL_REVERSAL_CONFIRMED:133300,2026-08-03T13:33:00+05:30,2026-08-03T14:27:00+05:30,6,7518.5,7657.0,2026-08-03T14:42:00+05:30,7575.0,INITIAL_DIRECTIONAL_ANCHOR,,,,2,1.449412225839378,0,False,REVERSAL_WATCH_RETAINED,6,UNKNOWN,0,6,1,0,0,ORDERLY_UPTREND,2026-08-03T14:42:00+05:30,REVERSAL_WATCH_RETAINED,,NONE,NONE,0,,,,,,UNKNOWN,0,0,0,0,False,False,NO_QUALIFIED_ACCEPTED_RANGE,0,,,,,,0,,,,,MATCH,MATCH,MATCH,MATCH,False,0,False,False,False,True,,COHERENT,[],[],"{""accepted_range_breakout_eligible"":true,""accepted_range_established_at"":""2026-08-03T13:18:00+05:30"",""accepted_range_high"":7526.0,""accepted_range_id"":""DYNAMIC:2026-08-03T13:00:00+05:30:2026-08-03T13:18:00+05:30"",""accepted_range_inside"":false,""accepted_range_low"":7492.5,""accepted_range_outside_atr"":6.249611442310635,""accepted_range_position"":4.746268656716418,""accepted_range_provisional"":false,""atr"":20.08124843575868,""close"":7651.5,""current_leg_mature"":false,""directional_bias"":""UP"",""directional_efficiency"":0.8461538461538461,""directional_efficiency_source"":""PRICE_ACTION"",""exhausted_side"":""UP"",""exhaustion_active"":true,""extension_mature"":false,""failed_extreme_observed"":false,""high"":7657.0,""low"":7610.0,""observation_state"":""ORDERLY_UPTREND"",""overlap_ratio"":0.591891891891892,""range_width_atr"":1.6682229746406876,""rejection_observed"":false,""snapshot_time"":""2026-08-03T14:42:00+05:30"",""source_reason_codes"":[""ESTABLISHED_DIRECTIONAL_CONTEXT_RETAINED"",""OBSERVATION_PROPOSAL_MATCHED_CURRENT"",""OBSERVATION_STATE_ORDERLY_UPTREND"",""OBJECTIVE_ACCEPTED_RANGE_GEOMETRY_PRESENT"",""OBJECTIVE_TREND_PROTECTION_GEOMETRY_PRESENT""],""structural_failure_confirmed"":false,""symbol"":""ABB"",""trading_day"":""2026-08-03"",""trend_direction"":""UP"",""trend_protection_level"":7575.0,""trend_protection_source"":""INITIAL_DIRECTIONAL_ANCHOR"",""trend_protection_time"":""2026-08-03T14:18:00+05:30""}","{""continuation_failure_seen"":false,""continuation_failure_time"":null,""current_state"":""REVERSAL_WATCH"",""direction"":""UP"",""episode_id"":""DIR:ABB:2026-08-03:006:UP:133300"",""extreme_price"":7657.0,""extreme_time"":""2026-08-03T14:42:00+05:30"",""first_adverse_bar_close"":null,""first_adverse_bar_level"":null,""first_adverse_bar_time"":null,""origin_event_id"":""DIR:ABB:2026-08-03:005:DOWN:124500:DIRECTIONAL_REVERSAL_CONFIRMED:133300"",""origin_price"":7518.5,""origin_source"":""REVERSAL_EVENT_HANDOFF"",""parent_episode_id"":""DIR:ABB:2026-08-03:005:DOWN:124500"",""previous_state"":""REVERSAL_WATCH"",""protection_level"":7575.0,""protection_source"":""INITIAL_DIRECTIONAL_ANCHOR"",""reason_codes"":[""REVERSAL_WATCH_RETAINED""],""rejection_seen"":false,""reversal_confirmation_breach_closes"":0,""reversal_confirmation_level"":null,""reversal_confirmation_level_time"":null,""reversal_confirmation_source"":"""",""reversal_leg_failure_closes"":0,""reversal_leg_progress_atr"":1.449412225839378,""reversal_leg_progress_bars"":2,""started_at"":""2026-08-03T13:33:00+05:30"",""state_age_bars"":6,""state_started_at"":""2026-08-03T14:27:00+05:30""}","{""attempt_limit_reached"":false,""candidate_bar_expansion_count"":0,""candidate_high"":null,""candidate_last_valid_at"":null,""candidate_low"":null,""candidate_merge_count"":0,""containment_bars"":0,""containment_ratio"":0.0,""current_state"":""NONE"",""down_escape_attempt_count"":0,""episode_id"":null,""escape_attempt_count"":0,""escape_direction"":""UNKNOWN"",""failed_escape_count"":0,""forming_bars_observed"":0,""forming_invalid_bars"":0,""frozen_high"":null,""frozen_low"":null,""last_escape_direction"":""UNKNOWN"",""last_escape_failed_at"":null,""last_escape_started_at"":null,""marginal_excursion_bars"":0,""meaningful_escape_bars"":0,""outside_close_count"":0,""previous_state"":""NONE"",""range_id"":null,""rearm_bars_elapsed"":0,""rearm_inside_close_count"":0,""rearm_required"":false,""reason_codes"":[""NO_QUALIFIED_ACCEPTED_RANGE""],""reentry_close_count"":0,""source_range_ids"":[],""started_at"":null,""state_age_bars"":0,""state_started_at"":null,""up_escape_attempt_count"":0}","{""balance_attempt_limit_reached"":false,""balance_candidate_bar_expansion_count"":0,""balance_candidate_merge_count"":0,""balance_containment_ratio"":0.0,""balance_down_escape_attempt_count"":0,""balance_escape_attempt_count"":0,""balance_failed_escape_count"":0,""balance_forming_bars_observed"":0,""balance_forming_invalid_bars"":0,""balance_last_escape_direction"":""UNKNOWN"",""balance_last_escape_failed_at"":null,""balance_last_escape_started_at"":null,""balance_marginal_excursion_bars"":0,""balance_meaningful_escape_bars"":0,""balance_rearm_bars_elapsed"":0,""balance_rearm_inside_close_count"":0,""balance_rearm_required"":false,""balance_up_escape_attempt_count"":0,""directional_origin_event_id"":""DIR:ABB:2026-08-03:005:DOWN:124500:DIRECTIONAL_REVERSAL_CONFIRMED:133300"",""directional_origin_source"":""REVERSAL_EVENT_HANDOFF"",""directional_parent_episode_id"":""DIR:ABB:2026-08-03:005:DOWN:124500"",""directional_reversal_watch_age_bars"":6,""directional_start_candidate_bars"":0,""directional_start_candidate_side"":""UNKNOWN"",""observation_accepted_range_id"":""DYNAMIC:2026-08-03T13:00:00+05:30:2026-08-03T13:18:00+05:30"",""observation_current_leg_mature"":false,""observation_directional_bias"":""UP"",""observation_exhaustion_active"":true,""observation_state"":""ORDERLY_UPTREND""}","{""balance"":{""attempt_limit_reached"":false,""candidate_bar_expansion_count"":0,""candidate_high"":null,""candidate_last_valid_at"":null,""candidate_low"":null,""candidate_merge_count"":0,""containment_bars"":0,""down_escape_attempt_count"":0,""emitted_event_ids"":[""BAL:ABB:2026-08-03:001:NEUTRAL:100600:BALANCE_COMPLETED:105400"",""BAL:ABB:2026-08-03:001:NEUTRAL:100600:BALANCE_ESCAPE_ACCEPTED:105100"",""BAL:ABB:2026-08-03:001:NEUTRAL:100600:BALANCE_ESCAPE_STARTED:104800"",""BAL:ABB:2026-08-03:001:NEUTRAL:100600:BALANCE_FORMING_STARTED:100600"",""BAL:ABB:2026-08-03:001:NEUTRAL:100600:BALANCE_LOCKED:102700"",""BAL:ABB:2026-08-03:001:NEUTRAL:100600:BALANCE_PROBABLE:101800"",""BAL:ABB:2026-08-03:002:NEUTRAL:112100:BALANCE_COMPLETED:113000"",""BAL:ABB:2026-08-03:002:NEUTRAL:112100:BALANCE_FORMING_STARTED:112100"",""BAL:ABB:2026-08-03:003:NEUTRAL:114800:BALANCE_COMPLETED:115400"",""BAL:ABB:2026-08-03:003:NEUTRAL:114800:BALANCE_FORMING_STARTED:114800"",""BAL:ABB:2026-08-03:004:NEUTRAL:122400:BALANCE_COMPLETED:125400"",""BAL:ABB:2026-08-03:004:NEUTRAL:122400:BALANCE_ESCAPE_ACCEPTED:125100"",""BAL:ABB:2026-08-03:004:NEUTRAL:122400:BALANCE_ESCAPE_STARTED:124800"",""BAL:ABB:2026-08-03:004:NEUTRAL:122400:BALANCE_FORMING_STARTED:122400"",""BAL:ABB:2026-08-03:004:NEUTRAL:122400:BALANCE_LOCKED:124500"",""BAL:ABB:2026-08-03:004:NEUTRAL:122400:BALANCE_PROBABLE:123600"",""BAL:ABB:2026-08-03:005:NEUTRAL:132100:BALANCE_COMPLETED:135400"",""BAL:ABB:2026-08-03:005:NEUTRAL:132100:BALANCE_ESCAPE_ACCEPTED:135100"",""BAL:ABB:2026-08-03:005:NEUTRAL:132100:BALANCE_ESCAPE_STARTED:134800"",""BAL:ABB:2026-08-03:005:NEUTRAL:132100:BALANCE_FORMING_STARTED:132100"",""BAL:ABB:2026-08-03:005:NEUTRAL:132100:BALANCE_LOCKED:134200"",""BAL:ABB:2026-08-03:005:NEUTRAL:132100:BALANCE_PROBABLE:133300""],""episode_id"":null,""escape_attempt_count"":0,""escape_direction"":""UNKNOWN"",""failed_escape_count"":0,""forming_bars_observed"":0,""forming_invalid_bars"":0,""frozen_high"":null,""frozen_low"":null,""last_escape_direction"":""UNKNOWN"",""last_escape_failed_at"":null,""last_escape_started_at"":null,""last_reason_codes"":[""NO_QUALIFIED_ACCEPTED_RANGE""],""marginal_excursion_bars"":0,""meaningful_escape_bars"":0,""outside_close_count"":0,""range_id"":null,""rearm_bars_elapsed"":0,""rearm_inside_close_count"":0,""rearm_required"":false,""reentry_close_count"":0,""sequence"":5,""source_range_ids"":[],""started_at"":null,""state"":""NONE"",""state_age_bars"":0,""state_started_at"":null,""up_escape_attempt_count"":0},""directional"":{""continuation_failure_progress_bars"":0,""continuation_failure_seen"":false,""continuation_failure_seen_at"":null,""direction"":""UP"",""emitted_event_ids"":[""DIR:ABB:2026-08-03:001:DOWN:101500:DIRECTIONAL_COMPLETED:105100"",""DIR:ABB:2026-08-03:001:DOWN:101500:DIRECTIONAL_STARTED:101500"",""DIR:ABB:2026-08-03:002:UP:110000:DIRECTIONAL_COMPLETED:113900"",""DIR:ABB:2026-08-03:002:UP:110000:DIRECTIONAL_MATURED:110300"",""DIR:ABB:2026-08-03:002:UP:110000:DIRECTIONAL_REVERSAL_CONFIRMED:113900"",""DIR:ABB:2026-08-03:002:UP:110000:DIRECTIONAL_STARTED:110000"",""DIR:ABB:2026-08-03:002:UP:110000:REVERSAL_WATCH_STARTED:110600"",""DIR:ABB:2026-08-03:003:DOWN:113900:DIRECTIONAL_COMPLETED:115400"",""DIR:ABB:2026-08-03:003:DOWN:113900:DIRECTIONAL_REVERSAL_LEG_FAILED:115400"",""DIR:ABB:2026-08-03:003:DOWN:113900:DIRECTIONAL_REVERSAL_LEG_STARTED:113900"",""DIR:ABB:2026-08-03:004:UP:120000:DIRECTIONAL_COMPLETED:124500"",""DIR:ABB:2026-08-03:004:UP:120000:DIRECTIONAL_CONTINUATION_CONFIRMED:123300"",""DIR:ABB:2026-08-03:004:UP:120000:DIRECTIONAL_MATURED:120300"",""DIR:ABB:2026-08-03:004:UP:120000:DIRECTIONAL_MATURED:123900"",""DIR:ABB:2026-08-03:004:UP:120000:DIRECTIONAL_REVERSAL_CONFIRMED:124500"",""DIR:ABB:2026-08-03:004:UP:120000:DIRECTIONAL_STARTED:120000"",""DIR:ABB:2026-08-03:004:UP:120000:DIRECTIONAL_TREND_RESTORED:122100"",""DIR:ABB:2026-08-03:004:UP:120000:REVERSAL_WATCH_STARTED:120600"",""DIR:ABB:2026-08-03:004:UP:120000:REVERSAL_WATCH_STARTED:124200"",""DIR:ABB:2026-08-03:005:DOWN:124500:DIRECTIONAL_COMPLETED:133300"",""DIR:ABB:2026-08-03:005:DOWN:124500:DIRECTIONAL_MATURED:125700"",""DIR:ABB:2026-08-03:005:DOWN:124500:DIRECTIONAL_MATURED:131800"",""DIR:ABB:2026-08-03:005:DOWN:124500:DIRECTIONAL_REVERSAL_CONFIRMED:133300"",""DIR:ABB:2026-08-03:005:DOWN:124500:DIRECTIONAL_REVERSAL_LEG_ESTABLISHED:125100"",""DIR:ABB:2026-08-03:005:DOWN:124500:DIRECTIONAL_REVERSAL_LEG_STARTED:124500"",""DIR:ABB:2026-08-03:005:DOWN:124500:DIRECTIONAL_TREND_RESTORED:131500"",""DIR:ABB:2026-08-03:005:DOWN:124500:REVERSAL_WATCH_STARTED:130000"",""DIR:ABB:2026-08-03:005:DOWN:124500:REVERSAL_WATCH_STARTED:132100"",""DIR:ABB:2026-08-03:006:UP:133300:DIRECTIONAL_MATURED:142100"",""DIR:ABB:2026-08-03:006:UP:133300:DIRECTIONAL_REVERSAL_LEG_ESTABLISHED:135100"",""DIR:ABB:2026-08-03:006:UP:133300:DIRECTIONAL_REVERSAL_LEG_STARTED:133300"",""DIR:ABB:2026-08-03:006:UP:133300:REVERSAL_WATCH_STARTED:142700""],""episode_id"":""DIR:ABB:2026-08-03:006:UP:133300"",""extreme_price"":7657.0,""extreme_time"":""2026-08-03T14:42:00+05:30"",""first_adverse_bar_close"":null,""first_adverse_bar_level"":null,""first_adverse_bar_time"":null,""inactive_bars"":0,""last_close"":7651.5,""last_observation_state"":""ORDERLY_UPTREND"",""last_observation_state_time"":""2026-08-03T14:42:00+05:30"",""last_reason_codes"":[""REVERSAL_WATCH_RETAINED""],""opposite_control_bars"":0,""origin_event_id"":""DIR:ABB:2026-08-03:005:DOWN:124500:DIRECTIONAL_REVERSAL_CONFIRMED:133300"",""origin_price"":7518.5,""origin_source"":""REVERSAL_EVENT_HANDOFF"",""parent_episode_id"":""DIR:ABB:2026-08-03:005:DOWN:124500"",""protection_level"":7575.0,""protection_source"":""INITIAL_DIRECTIONAL_ANCHOR"",""protection_time"":""2026-08-03T14:18:00+05:30"",""rejection_seen"":false,""rejection_seen_at"":null,""reversal_confirmation_breach_closes"":0,""reversal_confirmation_level"":null,""reversal_confirmation_level_time"":null,""reversal_confirmation_source"":"""",""reversal_leg_failure_closes"":0,""reversal_leg_progress_atr"":1.449412225839378,""reversal_leg_progress_bars"":2,""reversal_watch_age_bars"":6,""sequence"":6,""start_candidate_bars"":0,""start_candidate_side"":""UNKNOWN"",""started_at"":""2026-08-03T13:33:00+05:30"",""state"":""REVERSAL_WATCH"",""state_age_bars"":6,""state_started_at"":""2026-08-03T14:27:00+05:30"",""trend_restore_bars"":1},""evidence_history"":[{""atr"":17.241643125882277,""bar"":{""body_fraction"":0.17391304347826086,""close"":7560.0,""close_position"":0.21739130434782608,""direction"":""DOWN"",""high"":7569.0,""low"":7557.5,""lower_wick_fraction"":0.21739130434782608,""move_atr"":-0.11599822507622268,""move_points"":-2.0,""open"":7562.0,""snapshot_time"":""2026-08-03T14:09:00+05:30"",""upper_wick_fraction"":0.6086956521739131,""volume"":2494.0},""close"":7560.0,""trend"":{""ema_ref"":7433.0059389696335,""ema_slow"":7477.062846495507,""hma_order"":""BUY"",""hma_spread_atr"":4.690697510545612}},{""atr"":17.117240045462115,""bar"":{""body_fraction"":0.3548387096774194,""close"":7565.5,""close_position"":0.8387096774193549,""direction"":""UP"",""high"":7568.0,""low"":7552.5,""lower_wick_fraction"":0.4838709677419355,""move_atr"":0.32131348192771786,""move_points"":5.5,""open"":7560.0,""snapshot_time"":""2026-08-03T14:12:00+05:30"",""upper_wick_fraction"":0.16129032258064516,""volume"":2705.0},""close"":7565.5,""trend"":{""ema_ref"":7434.324287835608,""ema_slow"":7478.814077257972,""hma_order"":""BUY"",""hma_spread_atr"":4.618246556854139}},{""atr"":17.32315147078625,""bar"":{""body_fraction"":0.525,""close"":7577.5,""close_position"":0.875,""direction"":""UP"",""high"":7580.0,""low"":7560.0,""lower_wick_fraction"":0.35,""move_atr"":0.6061252779384393,""move_points"":10.5,""open"":7567.0,""snapshot_time"":""2026-08-03T14:15:00+05:30"",""upper_wick_fraction"":0.125,""volume"":8367.0},""close"":7577.5,""trend"":{""ema_ref"":7435.748921787493,""ema_slow"":7480.768253945933,""hma_order"":""BUY"",""hma_spread_atr"":4.458775951546503}},{""atr"":17.085783508587234,""bar"":{""body_fraction"":0.4642857142857143,""close"":7584.0,""close_position"":0.6428571428571429,""direction"":""UP"",""high"":7589.0,""low"":7575.0,""lower_wick_fraction"":0.17857142857142858,""move_atr"":0.3804332412811582,""move_points"":6.5,""open"":7577.5,""snapshot_time"":""2026-08-03T14:18:00+05:30"",""upper_wick_fraction"":0.35714285714285715,""volume"":5596.0},""close"":7584.0,""trend"":{""ema_ref"":7437.224056894085,""ema_slow"":7482.812446937102,""hma_order"":""BUY"",""hma_spread_atr"":4.414986225622977}},{""atr"":17.365370400831004,""bar"":{""body_fraction"":0.1904761904761905,""close"":7580.0,""close_position"":0.1904761904761905,""direction"":""DOWN"",""high"":7597.0,""low"":7576.0,""lower_wick_fraction"":0.1904761904761905,""move_atr"":-0.23034348865997029,""move_points"":-4.0,""open"":7584.0,""snapshot_time"":""2026-08-03T14:21:00+05:30"",""upper_wick_fraction"":0.6190476190476191,""volume"":4726.0},""close"":7580.0,""trend"":{""ema_ref"":7438.644713044393,""ema_slow"":7484.736952938348,""hma_order"":""BUY"",""hma_spread_atr"":4.2370873120904715}},{""atr"":17.232129657914506,""bar"":{""body_fraction"":0.3870967741935484,""close"":7586.0,""close_position"":0.8064516129032258,""direction"":""UP"",""high"":7589.0,""low"":7573.5,""lower_wick_fraction"":0.41935483870967744,""move_atr"":0.3481867951965109,""move_points"":6.0,""open"":7580.0,""snapshot_time"":""2026-08-03T14:24:00+05:30"",""upper_wick_fraction"":0.1935483870967742,""volume"":6875.0},""close"":7586.0,""trend"":{""ema_ref"":7440.110934805146,""ema_slow"":7486.742161791054,""hma_order"":""BUY"",""hma_spread_atr"":4.163220835630379}},{""atr"":16.67983468234918,""bar"":{""body_fraction"":0.3684210526315789,""close"":7582.5,""close_position"":0.631578947368421,""direction"":""DOWN"",""high"":7586.0,""low"":7576.5,""lower_wick_fraction"":0.631578947368421,""move_atr"":-0.20983421398676969,""move_points"":-3.5,""open"":7586.0,""snapshot_time"":""2026-08-03T14:27:00+05:30"",""upper_wick_fraction"":0.0,""volume"":4720.0},""close"":7582.5,""trend"":{""ema_ref"":7441.527741424001,""ema_slow"":7488.638356607073,""hma_order"":""BUY"",""hma_spread_atr"":4.229857338926135}},{""atr"":16.524132205038526,""bar"":{""body_fraction"":0.4482758620689655,""close"":7589.5,""close_position"":1.0,""direction"":""UP"",""high"":7589.5,""low"":7575.0,""lower_wick_fraction"":0.5517241379310345,""move_atr"":0.393364076209583,""move_points"":6.5,""open"":7583.0,""snapshot_time"":""2026-08-03T14:30:00+05:30"",""upper_wick_fraction"":0.0,""volume"":5246.0},""close"":7589.5,""trend"":{""ema_ref"":7443.000102205852,""ema_slow"":7490.635616872279,""hma_order"":""BUY"",""hma_spread_atr"":4.209632345862008}},{""atr"":17.80812276182149,""bar"":{""body_fraction"":0.5362318840579711,""close"":7608.0,""close_position"":0.5362318840579711,""direction"":""UP"",""high"":7624.0,""low"":7589.5,""lower_wick_fraction"":0.0,""move_atr"":1.0388517783391416,""move_points"":18.5,""open"":7589.5,""snapshot_time"":""2026-08-03T14:33:00+05:30"",""upper_wick_fraction"":0.463768115942029,""volume"":22441.0},""close"":7608.0,""trend"":{""ema_ref"":7444.641892233655,""ema_slow"":7492.959664062927,""hma_order"":""BUY"",""hma_spread_atr"":4.010061767358477}},{""atr"":17.857542564548528,""bar"":{""body_fraction"":0.13513513513513514,""close"":7605.0,""close_position"":0.8108108108108109,""direction"":""DOWN"",""high"":7608.5,""low"":7590.0,""lower_wick_fraction"":0.8108108108108109,""move_atr"":-0.13999686636408165,""move_points"":-2.5,""open"":7607.5,""snapshot_time"":""2026-08-03T14:36:00+05:30"",""upper_wick_fraction"":0.05405405405405406,""volume"":10062.0},""close"":7605.0,""trend"":{""ema_ref"":7446.237495296007,""ema_slow"":7495.178284576532,""hma_order"":""BUY"",""hma_spread_atr"":4.1156149170575835}},{""atr"":18.010575238509347,""bar"":{""body_fraction"":0.575,""close"":7616.5,""close_position"":0.825,""direction"":""UP"",""high"":7620.0,""low"":7600.0,""lower_wick_fraction"":0.25,""move_atr"":0.6385137535980112,""move_points"":11.5,""open"":7605.0,""snapshot_time"":""2026-08-03T14:39:00+05:30"",""upper_wick_fraction"":0.175,""volume"":9804.0},""close"":7616.5,""trend"":{""ema_ref"":7447.9316495716685,""ema_slow"":7497.580694782938,""hma_order"":""BUY"",""hma_spread_atr"":4.254349339607453}},{""atr"":20.08124843575868,""bar"":{""body_fraction"":0.7446808510638298,""close"":7651.5,""close_position"":0.8829787234042553,""direction"":""UP"",""high"":7657.0,""low"":7610.0,""lower_wick_fraction"":0.13829787234042554,""move_atr"":1.7429195257440018,""move_points"":35.0,""open"":7616.5,""snapshot_time"":""2026-08-03T14:42:00+05:30"",""upper_wick_fraction"":0.11702127659574468,""volume"":21854.0},""close"":7651.5,""trend"":{""ema_ref"":7449.957205297324,""ema_slow"":7500.628601816939,""hma_order"":""BUY"",""hma_spread_atr"":4.264581922200843}}],""last_observation_hash"":""36199f74fa0bef9681292cb90ed79acf6deaf0edfed7de3dce3111f380f0052d"",""last_snapshot_time"":""2026-08-03T14:42:00+05:30"",""observation"":{""compression_box_high"":null,""compression_box_low"":null,""compression_candidate_bars"":0,""current_state"":""ORDERLY_UPTREND"",""established_side"":""UP"",""exhaustion_active"":true,""exhaustion_age_bars"":6,""exhaustion_clear_bars"":0,""exhaustion_last_seen_at"":""2026-08-03T14:39:00+05:30"",""exhaustion_side"":""UP"",""exhaustion_started_at"":""2026-08-03T14:27:00+05:30"",""failure_breach_bars"":0,""last_close"":7651.5,""last_reason_codes"":[""ESTABLISHED_DIRECTIONAL_CONTEXT_RETAINED"",""OBSERVATION_PROPOSAL_MATCHED_CURRENT"",""OBSERVATION_STATE_ORDERLY_UPTREND""],""last_snapshot_time"":""2026-08-03T14:42:00+05:30"",""leg_age_bars"":9,""leg_anchor_price"":7575.0,""leg_anchor_time"":""2026-08-03T14:18:00+05:30"",""leg_extreme_price"":7657.0,""leg_maturity_consumed"":false,""leg_maturity_extreme_price"":null,""leg_maturity_onset_time"":null,""leg_no_progress_bars"":0,""observation_count"":110,""pending_bars"":0,""pending_state"":null,""protection_level"":7575.0,""protection_source"":""INITIAL_DIRECTIONAL_ANCHOR"",""protection_time"":""2026-08-03T14:18:00+05:30"",""pullback_age_bars"":0,""pullback_candidate_bars"":0,""pullback_extreme_price"":null,""reacceleration_age_bars"":2,""recompression_age_bars"":0,""reversal_confirmation_bars"":0,""reversal_side"":""UP"",""state_age_bars"":6,""trading_day"":""2026-08-03"",""trend_anchor_price"":7575.0,""trend_candidate_bars"":12,""trend_candidate_side"":""UP"",""trend_extreme_price"":7657.0,""trend_failure_age_bars"":0,""trend_onset_time"":""2026-08-03T14:18:00+05:30""},""symbol"":""ABB"",""trading_day"":""2026-08-03""}"
restoration-v3-current-day,development,restoration-trend-control-v3,backtest-default,OK,,,,ABB,2026-08-03,2026-08-03T14:45:00+05:30,2026-08-03T14:42:00+05:30,SNAPSHOT_AUCTION_AUTHORITY_V3A,3m,True,True,7633.5,2026-08-03T14:45:00,7651.5,7651.5,7629.5,7633.5,13227.0,20.21830211891878,TRENDING_UP,BUY,candidate_has_directional_efficiency_or_displacement,RANGE_ACCEPTED,DYNAMIC:2026-08-03T13:00:00+05:30:2026-08-03T13:18:00+05:30,7492.5,7526.0,29,ok,UP_ACCELERATING,0.4204111675651703,0.3153083756738777,OK,INCREMENTAL_PREVIOUS_SNAPSHOT,AUTOTRADES_AUCTION_ENGINE,1.1.0,,,ORDERLY_UPTREND,UP,UP,False,False,True,UP,False,False,False,7575.0,INITIAL_DIRECTIONAL_ANCHOR,2026-08-03T14:18:00+05:30,DYNAMIC:2026-08-03T13:00:00+05:30:2026-08-03T13:18:00+05:30,7492.5,7526.0,False,4.208955223880597,0.49222797927461137,PRICE_ACTION,0.591891891891892,ESTABLISHED_DIRECTIONAL_CONTEXT_RETAINED|OBSERVATION_PROPOSAL_MATCHED_CURRENT|OBSERVATION_STATE_ORDERLY_UPTREND|OBJECTIVE_ACCEPTED_RANGE_GEOMETRY_PRESENT|OBJECTIVE_TREND_PROTECTION_GEOMETRY_PRESENT,DIR:ABB:2026-08-03:006:UP:133300,REVERSAL_WATCH,REVERSAL_WATCH,UP,REVERSAL_EVENT_HANDOFF,DIR:ABB:2026-08-03:005:DOWN:124500,DIR:ABB:2026-08-03:005:DOWN:124500:DIRECTIONAL_REVERSAL_CONFIRMED:133300,2026-08-03T13:33:00+05:30,2026-08-03T14:27:00+05:30,7,7518.5,7657.0,2026-08-03T14:42:00+05:30,7575.0,INITIAL_DIRECTIONAL_ANCHOR,7629.5,EPISODE_PRICE_ACTION_FIRST_ADVERSE_BAR:BAR_LOW,2026-08-03T14:45:00+05:30,2,1.449412225839378,0,True,REVERSAL_WATCH_RETAINED,6,UNKNOWN,0,7,0,0,0,ORDERLY_UPTREND,2026-08-03T14:45:00+05:30,REVERSAL_WATCH_RETAINED,,NONE,NONE,0,,,,,,UNKNOWN,0,0,0,0,False,False,NO_QUALIFIED_ACCEPTED_RANGE,0,,,,,,0,,,,,MATCH,MATCH,MATCH,MATCH,False,0,False,False,False,True,,COHERENT,[],[],"{""accepted_range_breakout_eligible"":true,""accepted_range_established_at"":""2026-08-03T13:18:00+05:30"",""accepted_range_high"":7526.0,""accepted_range_id"":""DYNAMIC:2026-08-03T13:00:00+05:30:2026-08-03T13:18:00+05:30"",""accepted_range_inside"":false,""accepted_range_low"":7492.5,""accepted_range_outside_atr"":5.3169647662653885,""accepted_range_position"":4.208955223880597,""accepted_range_provisional"":false,""atr"":20.21830211891878,""close"":7633.5,""current_leg_mature"":false,""directional_bias"":""UP"",""directional_efficiency"":0.49222797927461137,""directional_efficiency_source"":""PRICE_ACTION"",""exhausted_side"":""UP"",""exhaustion_active"":true,""extension_mature"":false,""failed_extreme_observed"":false,""high"":7651.5,""low"":7629.5,""observation_state"":""ORDERLY_UPTREND"",""overlap_ratio"":0.591891891891892,""range_width_atr"":1.656914601580377,""rejection_observed"":false,""snapshot_time"":""2026-08-03T14:45:00+05:30"",""source_reason_codes"":[""ESTABLISHED_DIRECTIONAL_CONTEXT_RETAINED"",""OBSERVATION_PROPOSAL_MATCHED_CURRENT"",""OBSERVATION_STATE_ORDERLY_UPTREND"",""OBJECTIVE_ACCEPTED_RANGE_GEOMETRY_PRESENT"",""OBJECTIVE_TREND_PROTECTION_GEOMETRY_PRESENT""],""structural_failure_confirmed"":false,""symbol"":""ABB"",""trading_day"":""2026-08-03"",""trend_direction"":""UP"",""trend_protection_level"":7575.0,""trend_protection_source"":""INITIAL_DIRECTIONAL_ANCHOR"",""trend_protection_time"":""2026-08-03T14:18:00+05:30""}","{""continuation_failure_seen"":true,""continuation_failure_time"":""2026-08-03T14:45:00+05:30"",""current_state"":""REVERSAL_WATCH"",""direction"":""UP"",""episode_id"":""DIR:ABB:2026-08-03:006:UP:133300"",""extreme_price"":7657.0,""extreme_time"":""2026-08-03T14:42:00+05:30"",""first_adverse_bar_close"":7633.5,""first_adverse_bar_level"":7629.5,""first_adverse_bar_time"":""2026-08-03T14:45:00+05:30"",""origin_event_id"":""DIR:ABB:2026-08-03:005:DOWN:124500:DIRECTIONAL_REVERSAL_CONFIRMED:133300"",""origin_price"":7518.5,""origin_source"":""REVERSAL_EVENT_HANDOFF"",""parent_episode_id"":""DIR:ABB:2026-08-03:005:DOWN:124500"",""previous_state"":""REVERSAL_WATCH"",""protection_level"":7575.0,""protection_source"":""INITIAL_DIRECTIONAL_ANCHOR"",""reason_codes"":[""REVERSAL_WATCH_RETAINED""],""rejection_seen"":true,""reversal_confirmation_breach_closes"":0,""reversal_confirmation_level"":7629.5,""reversal_confirmation_level_time"":""2026-08-03T14:45:00+05:30"",""reversal_confirmation_source"":""EPISODE_PRICE_ACTION_FIRST_ADVERSE_BAR:BAR_LOW"",""reversal_leg_failure_closes"":0,""reversal_leg_progress_atr"":1.449412225839378,""reversal_leg_progress_bars"":2,""started_at"":""2026-08-03T13:33:00+05:30"",""state_age_bars"":7,""state_started_at"":""2026-08-03T14:27:00+05:30""}","{""attempt_limit_reached"":false,""candidate_bar_expansion_count"":0,""candidate_high"":null,""candidate_last_valid_at"":null,""candidate_low"":null,""candidate_merge_count"":0,""containment_bars"":0,""containment_ratio"":0.0,""current_state"":""NONE"",""down_escape_attempt_count"":0,""episode_id"":null,""escape_attempt_count"":0,""escape_direction"":""UNKNOWN"",""failed_escape_count"":0,""forming_bars_observed"":0,""forming_invalid_bars"":0,""frozen_high"":null,""frozen_low"":null,""last_escape_direction"":""UNKNOWN"",""last_escape_failed_at"":null,""last_escape_started_at"":null,""marginal_excursion_bars"":0,""meaningful_escape_bars"":0,""outside_close_count"":0,""previous_state"":""NONE"",""range_id"":null,""rearm_bars_elapsed"":0,""rearm_inside_close_count"":0,""rearm_required"":false,""reason_codes"":[""NO_QUALIFIED_ACCEPTED_RANGE""],""reentry_close_count"":0,""source_range_ids"":[],""started_at"":null,""state_age_bars"":0,""state_started_at"":null,""up_escape_attempt_count"":0}","{""balance_attempt_limit_reached"":false,""balance_candidate_bar_expansion_count"":0,""balance_candidate_merge_count"":0,""balance_containment_ratio"":0.0,""balance_down_escape_attempt_count"":0,""balance_escape_attempt_count"":0,""balance_failed_escape_count"":0,""balance_forming_bars_observed"":0,""balance_forming_invalid_bars"":0,""balance_last_escape_direction"":""UNKNOWN"",""balance_last_escape_failed_at"":null,""balance_last_escape_started_at"":null,""balance_marginal_excursion_bars"":0,""balance_meaningful_escape_bars"":0,""balance_rearm_bars_elapsed"":0,""balance_rearm_inside_close_count"":0,""balance_rearm_required"":false,""balance_up_escape_attempt_count"":0,""directional_origin_event_id"":""DIR:ABB:2026-08-03:005:DOWN:124500:DIRECTIONAL_REVERSAL_CONFIRMED:133300"",""directional_origin_source"":""REVERSAL_EVENT_HANDOFF"",""directional_parent_episode_id"":""DIR:ABB:2026-08-03:005:DOWN:124500"",""directional_reversal_watch_age_bars"":7,""directional_start_candidate_bars"":0,""directional_start_candidate_side"":""UNKNOWN"",""observation_accepted_range_id"":""DYNAMIC:2026-08-03T13:00:00+05:30:2026-08-03T13:18:00+05:30"",""observation_current_leg_mature"":false,""observation_directional_bias"":""UP"",""observation_exhaustion_active"":true,""observation_state"":""ORDERLY_UPTREND""}","{""balance"":{""attempt_limit_reached"":false,""candidate_bar_expansion_count"":0,""candidate_high"":null,""candidate_last_valid_at"":null,""candidate_low"":null,""candidate_merge_count"":0,""containment_bars"":0,""down_escape_attempt_count"":0,""emitted_event_ids"":[""BAL:ABB:2026-08-03:001:NEUTRAL:100600:BALANCE_COMPLETED:105400"",""BAL:ABB:2026-08-03:001:NEUTRAL:100600:BALANCE_ESCAPE_ACCEPTED:105100"",""BAL:ABB:2026-08-03:001:NEUTRAL:100600:BALANCE_ESCAPE_STARTED:104800"",""BAL:ABB:2026-08-03:001:NEUTRAL:100600:BALANCE_FORMING_STARTED:100600"",""BAL:ABB:2026-08-03:001:NEUTRAL:100600:BALANCE_LOCKED:102700"",""BAL:ABB:2026-08-03:001:NEUTRAL:100600:BALANCE_PROBABLE:101800"",""BAL:ABB:2026-08-03:002:NEUTRAL:112100:BALANCE_COMPLETED:113000"",""BAL:ABB:2026-08-03:002:NEUTRAL:112100:BALANCE_FORMING_STARTED:112100"",""BAL:ABB:2026-08-03:003:NEUTRAL:114800:BALANCE_COMPLETED:115400"",""BAL:ABB:2026-08-03:003:NEUTRAL:114800:BALANCE_FORMING_STARTED:114800"",""BAL:ABB:2026-08-03:004:NEUTRAL:122400:BALANCE_COMPLETED:125400"",""BAL:ABB:2026-08-03:004:NEUTRAL:122400:BALANCE_ESCAPE_ACCEPTED:125100"",""BAL:ABB:2026-08-03:004:NEUTRAL:122400:BALANCE_ESCAPE_STARTED:124800"",""BAL:ABB:2026-08-03:004:NEUTRAL:122400:BALANCE_FORMING_STARTED:122400"",""BAL:ABB:2026-08-03:004:NEUTRAL:122400:BALANCE_LOCKED:124500"",""BAL:ABB:2026-08-03:004:NEUTRAL:122400:BALANCE_PROBABLE:123600"",""BAL:ABB:2026-08-03:005:NEUTRAL:132100:BALANCE_COMPLETED:135400"",""BAL:ABB:2026-08-03:005:NEUTRAL:132100:BALANCE_ESCAPE_ACCEPTED:135100"",""BAL:ABB:2026-08-03:005:NEUTRAL:132100:BALANCE_ESCAPE_STARTED:134800"",""BAL:ABB:2026-08-03:005:NEUTRAL:132100:BALANCE_FORMING_STARTED:132100"",""BAL:ABB:2026-08-03:005:NEUTRAL:132100:BALANCE_LOCKED:134200"",""BAL:ABB:2026-08-03:005:NEUTRAL:132100:BALANCE_PROBABLE:133300""],""episode_id"":null,""escape_attempt_count"":0,""escape_direction"":""UNKNOWN"",""failed_escape_count"":0,""forming_bars_observed"":0,""forming_invalid_bars"":0,""frozen_high"":null,""frozen_low"":null,""last_escape_direction"":""UNKNOWN"",""last_escape_failed_at"":null,""last_escape_started_at"":null,""last_reason_codes"":[""NO_QUALIFIED_ACCEPTED_RANGE""],""marginal_excursion_bars"":0,""meaningful_escape_bars"":0,""outside_close_count"":0,""range_id"":null,""rearm_bars_elapsed"":0,""rearm_inside_close_count"":0,""rearm_required"":false,""reentry_close_count"":0,""sequence"":5,""source_range_ids"":[],""started_at"":null,""state"":""NONE"",""state_age_bars"":0,""state_started_at"":null,""up_escape_attempt_count"":0},""directional"":{""continuation_failure_progress_bars"":1,""continuation_failure_seen"":true,""continuation_failure_seen_at"":""2026-08-03T14:45:00+05:30"",""direction"":""UP"",""emitted_event_ids"":[""DIR:ABB:2026-08-03:001:DOWN:101500:DIRECTIONAL_COMPLETED:105100"",""DIR:ABB:2026-08-03:001:DOWN:101500:DIRECTIONAL_STARTED:101500"",""DIR:ABB:2026-08-03:002:UP:110000:DIRECTIONAL_COMPLETED:113900"",""DIR:ABB:2026-08-03:002:UP:110000:DIRECTIONAL_MATURED:110300"",""DIR:ABB:2026-08-03:002:UP:110000:DIRECTIONAL_REVERSAL_CONFIRMED:113900"",""DIR:ABB:2026-08-03:002:UP:110000:DIRECTIONAL_STARTED:110000"",""DIR:ABB:2026-08-03:002:UP:110000:REVERSAL_WATCH_STARTED:110600"",""DIR:ABB:2026-08-03:003:DOWN:113900:DIRECTIONAL_COMPLETED:115400"",""DIR:ABB:2026-08-03:003:DOWN:113900:DIRECTIONAL_REVERSAL_LEG_FAILED:115400"",""DIR:ABB:2026-08-03:003:DOWN:113900:DIRECTIONAL_REVERSAL_LEG_STARTED:113900"",""DIR:ABB:2026-08-03:004:UP:120000:DIRECTIONAL_COMPLETED:124500"",""DIR:ABB:2026-08-03:004:UP:120000:DIRECTIONAL_CONTINUATION_CONFIRMED:123300"",""DIR:ABB:2026-08-03:004:UP:120000:DIRECTIONAL_MATURED:120300"",""DIR:ABB:2026-08-03:004:UP:120000:DIRECTIONAL_MATURED:123900"",""DIR:ABB:2026-08-03:004:UP:120000:DIRECTIONAL_REVERSAL_CONFIRMED:124500"",""DIR:ABB:2026-08-03:004:UP:120000:DIRECTIONAL_STARTED:120000"",""DIR:ABB:2026-08-03:004:UP:120000:DIRECTIONAL_TREND_RESTORED:122100"",""DIR:ABB:2026-08-03:004:UP:120000:REVERSAL_WATCH_STARTED:120600"",""DIR:ABB:2026-08-03:004:UP:120000:REVERSAL_WATCH_STARTED:124200"",""DIR:ABB:2026-08-03:005:DOWN:124500:DIRECTIONAL_COMPLETED:133300"",""DIR:ABB:2026-08-03:005:DOWN:124500:DIRECTIONAL_MATURED:125700"",""DIR:ABB:2026-08-03:005:DOWN:124500:DIRECTIONAL_MATURED:131800"",""DIR:ABB:2026-08-03:005:DOWN:124500:DIRECTIONAL_REVERSAL_CONFIRMED:133300"",""DIR:ABB:2026-08-03:005:DOWN:124500:DIRECTIONAL_REVERSAL_LEG_ESTABLISHED:125100"",""DIR:ABB:2026-08-03:005:DOWN:124500:DIRECTIONAL_REVERSAL_LEG_STARTED:124500"",""DIR:ABB:2026-08-03:005:DOWN:124500:DIRECTIONAL_TREND_RESTORED:131500"",""DIR:ABB:2026-08-03:005:DOWN:124500:REVERSAL_WATCH_STARTED:130000"",""DIR:ABB:2026-08-03:005:DOWN:124500:REVERSAL_WATCH_STARTED:132100"",""DIR:ABB:2026-08-03:006:UP:133300:DIRECTIONAL_MATURED:142100"",""DIR:ABB:2026-08-03:006:UP:133300:DIRECTIONAL_REVERSAL_LEG_ESTABLISHED:135100"",""DIR:ABB:2026-08-03:006:UP:133300:DIRECTIONAL_REVERSAL_LEG_STARTED:133300"",""DIR:ABB:2026-08-03:006:UP:133300:REVERSAL_WATCH_STARTED:142700""],""episode_id"":""DIR:ABB:2026-08-03:006:UP:133300"",""extreme_price"":7657.0,""extreme_time"":""2026-08-03T14:42:00+05:30"",""first_adverse_bar_close"":7633.5,""first_adverse_bar_level"":7629.5,""first_adverse_bar_time"":""2026-08-03T14:45:00+05:30"",""inactive_bars"":0,""last_close"":7633.5,""last_observation_state"":""ORDERLY_UPTREND"",""last_observation_state_time"":""2026-08-03T14:45:00+05:30"",""last_reason_codes"":[""REVERSAL_WATCH_RETAINED""],""opposite_control_bars"":0,""origin_event_id"":""DIR:ABB:2026-08-03:005:DOWN:124500:DIRECTIONAL_REVERSAL_CONFIRMED:133300"",""origin_price"":7518.5,""origin_source"":""REVERSAL_EVENT_HANDOFF"",""parent_episode_id"":""DIR:ABB:2026-08-03:005:DOWN:124500"",""protection_level"":7575.0,""protection_source"":""INITIAL_DIRECTIONAL_ANCHOR"",""protection_time"":""2026-08-03T14:18:00+05:30"",""rejection_seen"":true,""rejection_seen_at"":""2026-08-03T14:45:00+05:30"",""reversal_confirmation_breach_closes"":0,""reversal_confirmation_level"":7629.5,""reversal_confirmation_level_time"":""2026-08-03T14:45:00+05:30"",""reversal_confirmation_source"":""EPISODE_PRICE_ACTION_FIRST_ADVERSE_BAR:BAR_LOW"",""reversal_leg_failure_closes"":0,""reversal_leg_progress_atr"":1.449412225839378,""reversal_leg_progress_bars"":2,""reversal_watch_age_bars"":7,""sequence"":6,""start_candidate_bars"":0,""start_candidate_side"":""UNKNOWN"",""started_at"":""2026-08-03T13:33:00+05:30"",""state"":""REVERSAL_WATCH"",""state_age_bars"":7,""state_started_at"":""2026-08-03T14:27:00+05:30"",""trend_restore_bars"":0},""evidence_history"":[{""atr"":17.117240045462115,""bar"":{""body_fraction"":0.3548387096774194,""close"":7565.5,""close_position"":0.8387096774193549,""direction"":""UP"",""high"":7568.0,""low"":7552.5,""lower_wick_fraction"":0.4838709677419355,""move_atr"":0.32131348192771786,""move_points"":5.5,""open"":7560.0,""snapshot_time"":""2026-08-03T14:12:00+05:30"",""upper_wick_fraction"":0.16129032258064516,""volume"":2705.0},""close"":7565.5,""trend"":{""ema_ref"":7434.324287835608,""ema_slow"":7478.814077257972,""hma_order"":""BUY"",""hma_spread_atr"":4.618246556854139}},{""atr"":17.32315147078625,""bar"":{""body_fraction"":0.525,""close"":7577.5,""close_position"":0.875,""direction"":""UP"",""high"":7580.0,""low"":7560.0,""lower_wick_fraction"":0.35,""move_atr"":0.6061252779384393,""move_points"":10.5,""open"":7567.0,""snapshot_time"":""2026-08-03T14:15:00+05:30"",""upper_wick_fraction"":0.125,""volume"":8367.0},""close"":7577.5,""trend"":{""ema_ref"":7435.748921787493,""ema_slow"":7480.768253945933,""hma_order"":""BUY"",""hma_spread_atr"":4.458775951546503}},{""atr"":17.085783508587234,""bar"":{""body_fraction"":0.4642857142857143,""close"":7584.0,""close_position"":0.6428571428571429,""direction"":""UP"",""high"":7589.0,""low"":7575.0,""lower_wick_fraction"":0.17857142857142858,""move_atr"":0.3804332412811582,""move_points"":6.5,""open"":7577.5,""snapshot_time"":""2026-08-03T14:18:00+05:30"",""upper_wick_fraction"":0.35714285714285715,""volume"":5596.0},""close"":7584.0,""trend"":{""ema_ref"":7437.224056894085,""ema_slow"":7482.812446937102,""hma_order"":""BUY"",""hma_spread_atr"":4.414986225622977}},{""atr"":17.365370400831004,""bar"":{""body_fraction"":0.1904761904761905,""close"":7580.0,""close_position"":0.1904761904761905,""direction"":""DOWN"",""high"":7597.0,""low"":7576.0,""lower_wick_fraction"":0.1904761904761905,""move_atr"":-0.23034348865997029,""move_points"":-4.0,""open"":7584.0,""snapshot_time"":""2026-08-03T14:21:00+05:30"",""upper_wick_fraction"":0.6190476190476191,""volume"":4726.0},""close"":7580.0,""trend"":{""ema_ref"":7438.644713044393,""ema_slow"":7484.736952938348,""hma_order"":""BUY"",""hma_spread_atr"":4.2370873120904715}},{""atr"":17.232129657914506,""bar"":{""body_fraction"":0.3870967741935484,""close"":7586.0,""close_position"":0.8064516129032258,""direction"":""UP"",""high"":7589.0,""low"":7573.5,""lower_wick_fraction"":0.41935483870967744,""move_atr"":0.3481867951965109,""move_points"":6.0,""open"":7580.0,""snapshot_time"":""2026-08-03T14:24:00+05:30"",""upper_wick_fraction"":0.1935483870967742,""volume"":6875.0},""close"":7586.0,""trend"":{""ema_ref"":7440.110934805146,""ema_slow"":7486.742161791054,""hma_order"":""BUY"",""hma_spread_atr"":4.163220835630379}},{""atr"":16.67983468234918,""bar"":{""body_fraction"":0.3684210526315789,""close"":7582.5,""close_position"":0.631578947368421,""direction"":""DOWN"",""high"":7586.0,""low"":7576.5,""lower_wick_fraction"":0.631578947368421,""move_atr"":-0.20983421398676969,""move_points"":-3.5,""open"":7586.0,""snapshot_time"":""2026-08-03T14:27:00+05:30"",""upper_wick_fraction"":0.0,""volume"":4720.0},""close"":7582.5,""trend"":{""ema_ref"":7441.527741424001,""ema_slow"":7488.638356607073,""hma_order"":""BUY"",""hma_spread_atr"":4.229857338926135}},{""atr"":16.524132205038526,""bar"":{""body_fraction"":0.4482758620689655,""close"":7589.5,""close_position"":1.0,""direction"":""UP"",""high"":7589.5,""low"":7575.0,""lower_wick_fraction"":0.5517241379310345,""move_atr"":0.393364076209583,""move_points"":6.5,""open"":7583.0,""snapshot_time"":""2026-08-03T14:30:00+05:30"",""upper_wick_fraction"":0.0,""volume"":5246.0},""close"":7589.5,""trend"":{""ema_ref"":7443.000102205852,""ema_slow"":7490.635616872279,""hma_order"":""BUY"",""hma_spread_atr"":4.209632345862008}},{""atr"":17.80812276182149,""bar"":{""body_fraction"":0.5362318840579711,""close"":7608.0,""close_position"":0.5362318840579711,""direction"":""UP"",""high"":7624.0,""low"":7589.5,""lower_wick_fraction"":0.0,""move_atr"":1.0388517783391416,""move_points"":18.5,""open"":7589.5,""snapshot_time"":""2026-08-03T14:33:00+05:30"",""upper_wick_fraction"":0.463768115942029,""volume"":22441.0},""close"":7608.0,""trend"":{""ema_ref"":7444.641892233655,""ema_slow"":7492.959664062927,""hma_order"":""BUY"",""hma_spread_atr"":4.010061767358477}},{""atr"":17.857542564548528,""bar"":{""body_fraction"":0.13513513513513514,""close"":7605.0,""close_position"":0.8108108108108109,""direction"":""DOWN"",""high"":7608.5,""low"":7590.0,""lower_wick_fraction"":0.8108108108108109,""move_atr"":-0.13999686636408165,""move_points"":-2.5,""open"":7607.5,""snapshot_time"":""2026-08-03T14:36:00+05:30"",""upper_wick_fraction"":0.05405405405405406,""volume"":10062.0},""close"":7605.0,""trend"":{""ema_ref"":7446.237495296007,""ema_slow"":7495.178284576532,""hma_order"":""BUY"",""hma_spread_atr"":4.1156149170575835}},{""atr"":18.010575238509347,""bar"":{""body_fraction"":0.575,""close"":7616.5,""close_position"":0.825,""direction"":""UP"",""high"":7620.0,""low"":7600.0,""lower_wick_fraction"":0.25,""move_atr"":0.6385137535980112,""move_points"":11.5,""open"":7605.0,""snapshot_time"":""2026-08-03T14:39:00+05:30"",""upper_wick_fraction"":0.175,""volume"":9804.0},""close"":7616.5,""trend"":{""ema_ref"":7447.9316495716685,""ema_slow"":7497.580694782938,""hma_order"":""BUY"",""hma_spread_atr"":4.254349339607453}},{""atr"":20.08124843575868,""bar"":{""body_fraction"":0.7446808510638298,""close"":7651.5,""close_position"":0.8829787234042553,""direction"":""UP"",""high"":7657.0,""low"":7610.0,""lower_wick_fraction"":0.13829787234042554,""move_atr"":1.7429195257440018,""move_points"":35.0,""open"":7616.5,""snapshot_time"":""2026-08-03T14:42:00+05:30"",""upper_wick_fraction"":0.11702127659574468,""volume"":21854.0},""close"":7651.5,""trend"":{""ema_ref"":7449.957205297324,""ema_slow"":7500.628601816939,""hma_order"":""BUY"",""hma_spread_atr"":4.264581922200843}},{""atr"":20.21830211891878,""bar"":{""body_fraction"":0.8181818181818182,""close"":7633.5,""close_position"":0.18181818181818185,""direction"":""DOWN"",""high"":7651.5,""low"":7629.5,""lower_wick_fraction"":0.18181818181818185,""move_atr"":-0.8902824724909488,""move_points"":-18.0,""open"":7651.5,""snapshot_time"":""2026-08-03T14:45:00+05:30"",""upper_wick_fraction"":0.0,""volume"":13227.0},""close"":7633.5,""trend"":{""ema_ref"":7451.783501762028,""ema_slow"":7503.259718612644,""hma_order"":""BUY"",""hma_spread_atr"":4.616096239607588}}],""last_observation_hash"":""9f59fb48bea5fbf00e3ed189c306131fc3f586b330c2106b28ce0a0e8c5f4d3c"",""last_snapshot_time"":""2026-08-03T14:45:00+05:30"",""observation"":{""compression_box_high"":null,""compression_box_low"":null,""compression_candidate_bars"":0,""current_state"":""ORDERLY_UPTREND"",""established_side"":""UP"",""exhaustion_active"":true,""exhaustion_age_bars"":7,""exhaustion_clear_bars"":0,""exhaustion_last_seen_at"":""2026-08-03T14:39:00+05:30"",""exhaustion_side"":""UP"",""exhaustion_started_at"":""2026-08-03T14:27:00+05:30"",""failure_breach_bars"":0,""last_close"":7633.5,""last_reason_codes"":[""ESTABLISHED_DIRECTIONAL_CONTEXT_RETAINED"",""OBSERVATION_PROPOSAL_MATCHED_CURRENT"",""OBSERVATION_STATE_ORDERLY_UPTREND""],""last_snapshot_time"":""2026-08-03T14:45:00+05:30"",""leg_age_bars"":10,""leg_anchor_price"":7575.0,""leg_anchor_time"":""2026-08-03T14:18:00+05:30"",""leg_extreme_price"":7657.0,""leg_maturity_consumed"":false,""leg_maturity_extreme_price"":null,""leg_maturity_onset_time"":null,""leg_no_progress_bars"":1,""observation_count"":111,""pending_bars"":0,""pending_state"":null,""protection_level"":7575.0,""protection_source"":""INITIAL_DIRECTIONAL_ANCHOR"",""protection_time"":""2026-08-03T14:18:00+05:30"",""pullback_age_bars"":0,""pullback_candidate_bars"":0,""pullback_extreme_price"":null,""reacceleration_age_bars"":2,""recompression_age_bars"":0,""reversal_confirmation_bars"":0,""reversal_side"":""UP"",""state_age_bars"":7,""trading_day"":""2026-08-03"",""trend_anchor_price"":7575.0,""trend_candidate_bars"":13,""trend_candidate_side"":""UP"",""trend_extreme_price"":7657.0,""trend_failure_age_bars"":0,""trend_onset_time"":""2026-08-03T14:18:00+05:30""},""symbol"":""ABB"",""trading_day"":""2026-08-03""}"
restoration-v3-current-day,development,restoration-trend-control-v3,backtest-default,OK,,,,ABB,2026-08-03,2026-08-03T14:48:00+05:30,2026-08-03T14:45:00+05:30,SNAPSHOT_AUCTION_AUTHORITY_V3A,3m,True,True,7639.0,2026-08-03T14:48:00,7633.5,7644.5,7633.5,7639.0,5677.0,19.559851967567436,TRENDING_UP,BUY,candidate_has_directional_efficiency_or_displacement,RANGE_ACCEPTED,DYNAMIC:2026-08-03T13:00:00+05:30:2026-08-03T13:18:00+05:30,7492.5,7526.0,30,ok,TURNING_DOWN,-0.31953207060888006,0.4345636160280769,OK,INCREMENTAL_PREVIOUS_SNAPSHOT,AUTOTRADES_AUCTION_ENGINE,1.1.0,,,ORDERLY_UPTREND,UP,UP,False,True,True,UP,True,False,False,7575.0,INITIAL_DIRECTIONAL_ANCHOR,2026-08-03T14:18:00+05:30,DYNAMIC:2026-08-03T13:00:00+05:30:2026-08-03T13:18:00+05:30,7492.5,7526.0,False,4.373134328358209,0.5736040609137056,PRICE_ACTION,0.7918918918918919,ESTABLISHED_DIRECTIONAL_CONTEXT_RETAINED|OBSERVATION_PROPOSAL_MATCHED_CURRENT|OBSERVATION_STATE_ORDERLY_UPTREND|OBJECTIVE_REJECTION_OBSERVED|OBJECTIVE_ACCEPTED_RANGE_GEOMETRY_PRESENT|OBJECTIVE_TREND_PROTECTION_GEOMETRY_PRESENT,DIR:ABB:2026-08-03:006:UP:133300,REVERSAL_WATCH,REVERSAL_WATCH,UP,REVERSAL_EVENT_HANDOFF,DIR:ABB:2026-08-03:005:DOWN:124500,DIR:ABB:2026-08-03:005:DOWN:124500:DIRECTIONAL_REVERSAL_CONFIRMED:133300,2026-08-03T13:33:00+05:30,2026-08-03T14:27:00+05:30,8,7518.5,7657.0,2026-08-03T14:42:00+05:30,7575.0,INITIAL_DIRECTIONAL_ANCHOR,7629.5,EPISODE_PRICE_ACTION_FIRST_ADVERSE_BAR:BAR_LOW,2026-08-03T14:45:00+05:30,2,1.449412225839378,0,True,REVERSAL_WATCH_RETAINED,6,UNKNOWN,0,8,0,0,0,ORDERLY_UPTREND,2026-08-03T14:48:00+05:30,REVERSAL_WATCH_RETAINED,,NONE,NONE,0,,,,,,UNKNOWN,0,0,0,0,False,False,NO_QUALIFIED_ACCEPTED_RANGE,0,,,,,,0,,,,,MATCH,MATCH,CONFLICT,MATCH,False,0,False,False,False,True,EPISODE_SLOPE_CONFLICT,TRANSITIONAL_CONFLICT,[],[],"{""accepted_range_breakout_eligible"":true,""accepted_range_established_at"":""2026-08-03T13:18:00+05:30"",""accepted_range_high"":7526.0,""accepted_range_id"":""DYNAMIC:2026-08-03T13:00:00+05:30:2026-08-03T13:18:00+05:30"",""accepted_range_inside"":false,""accepted_range_low"":7492.5,""accepted_range_outside_atr"":5.777139836608552,""accepted_range_position"":4.373134328358209,""accepted_range_provisional"":false,""atr"":19.559851967567436,""close"":7639.0,""current_leg_mature"":false,""directional_bias"":""UP"",""directional_efficiency"":0.5736040609137056,""directional_efficiency_source"":""PRICE_ACTION"",""exhausted_side"":""UP"",""exhaustion_active"":true,""extension_mature"":true,""failed_extreme_observed"":false,""high"":7644.5,""low"":7633.5,""observation_state"":""ORDERLY_UPTREND"",""overlap_ratio"":0.7918918918918919,""range_width_atr"":1.7126918984635973,""rejection_observed"":true,""snapshot_time"":""2026-08-03T14:48:00+05:30"",""source_reason_codes"":[""ESTABLISHED_DIRECTIONAL_CONTEXT_RETAINED"",""OBSERVATION_PROPOSAL_MATCHED_CURRENT"",""OBSERVATION_STATE_ORDERLY_UPTREND"",""OBJECTIVE_REJECTION_OBSERVED"",""OBJECTIVE_ACCEPTED_RANGE_GEOMETRY_PRESENT"",""OBJECTIVE_TREND_PROTECTION_GEOMETRY_PRESENT""],""structural_failure_confirmed"":false,""symbol"":""ABB"",""trading_day"":""2026-08-03"",""trend_direction"":""UP"",""trend_protection_level"":7575.0,""trend_protection_source"":""INITIAL_DIRECTIONAL_ANCHOR"",""trend_protection_time"":""2026-08-03T14:18:00+05:30""}","{""continuation_failure_seen"":true,""continuation_failure_time"":""2026-08-03T14:45:00+05:30"",""current_state"":""REVERSAL_WATCH"",""direction"":""UP"",""episode_id"":""DIR:ABB:2026-08-03:006:UP:133300"",""extreme_price"":7657.0,""extreme_time"":""2026-08-03T14:42:00+05:30"",""first_adverse_bar_close"":7633.5,""first_adverse_bar_level"":7629.5,""first_adverse_bar_time"":""2026-08-03T14:45:00+05:30"",""origin_event_id"":""DIR:ABB:2026-08-03:005:DOWN:124500:DIRECTIONAL_REVERSAL_CONFIRMED:133300"",""origin_price"":7518.5,""origin_source"":""REVERSAL_EVENT_HANDOFF"",""parent_episode_id"":""DIR:ABB:2026-08-03:005:DOWN:124500"",""previous_state"":""REVERSAL_WATCH"",""protection_level"":7575.0,""protection_source"":""INITIAL_DIRECTIONAL_ANCHOR"",""reason_codes"":[""REVERSAL_WATCH_RETAINED""],""rejection_seen"":true,""reversal_confirmation_breach_closes"":0,""reversal_confirmation_level"":7629.5,""reversal_confirmation_level_time"":""2026-08-03T14:45:00+05:30"",""reversal_confirmation_source"":""EPISODE_PRICE_ACTION_FIRST_ADVERSE_BAR:BAR_LOW"",""reversal_leg_failure_closes"":0,""reversal_leg_progress_atr"":1.449412225839378,""reversal_leg_progress_bars"":2,""started_at"":""2026-08-03T13:33:00+05:30"",""state_age_bars"":8,""state_started_at"":""2026-08-03T14:27:00+05:30""}","{""attempt_limit_reached"":false,""candidate_bar_expansion_count"":0,""candidate_high"":null,""candidate_last_valid_at"":null,""candidate_low"":null,""candidate_merge_count"":0,""containment_bars"":0,""containment_ratio"":0.0,""current_state"":""NONE"",""down_escape_attempt_count"":0,""episode_id"":null,""escape_attempt_count"":0,""escape_direction"":""UNKNOWN"",""failed_escape_count"":0,""forming_bars_observed"":0,""forming_invalid_bars"":0,""frozen_high"":null,""frozen_low"":null,""last_escape_direction"":""UNKNOWN"",""last_escape_failed_at"":null,""last_escape_started_at"":null,""marginal_excursion_bars"":0,""meaningful_escape_bars"":0,""outside_close_count"":0,""previous_state"":""NONE"",""range_id"":null,""rearm_bars_elapsed"":0,""rearm_inside_close_count"":0,""rearm_required"":false,""reason_codes"":[""NO_QUALIFIED_ACCEPTED_RANGE""],""reentry_close_count"":0,""source_range_ids"":[],""started_at"":null,""state_age_bars"":0,""state_started_at"":null,""up_escape_attempt_count"":0}","{""balance_attempt_limit_reached"":false,""balance_candidate_bar_expansion_count"":0,""balance_candidate_merge_count"":0,""balance_containment_ratio"":0.0,""balance_down_escape_attempt_count"":0,""balance_escape_attempt_count"":0,""balance_failed_escape_count"":0,""balance_forming_bars_observed"":0,""balance_forming_invalid_bars"":0,""balance_last_escape_direction"":""UNKNOWN"",""balance_last_escape_failed_at"":null,""balance_last_escape_started_at"":null,""balance_marginal_excursion_bars"":0,""balance_meaningful_escape_bars"":0,""balance_rearm_bars_elapsed"":0,""balance_rearm_inside_close_count"":0,""balance_rearm_required"":false,""balance_up_escape_attempt_count"":0,""directional_origin_event_id"":""DIR:ABB:2026-08-03:005:DOWN:124500:DIRECTIONAL_REVERSAL_CONFIRMED:133300"",""directional_origin_source"":""REVERSAL_EVENT_HANDOFF"",""directional_parent_episode_id"":""DIR:ABB:2026-08-03:005:DOWN:124500"",""directional_reversal_watch_age_bars"":8,""directional_start_candidate_bars"":0,""directional_start_candidate_side"":""UNKNOWN"",""observation_accepted_range_id"":""DYNAMIC:2026-08-03T13:00:00+05:30:2026-08-03T13:18:00+05:30"",""observation_current_leg_mature"":false,""observation_directional_bias"":""UP"",""observation_exhaustion_active"":true,""observation_state"":""ORDERLY_UPTREND""}","{""balance"":{""attempt_limit_reached"":false,""candidate_bar_expansion_count"":0,""candidate_high"":null,""candidate_last_valid_at"":null,""candidate_low"":null,""candidate_merge_count"":0,""containment_bars"":0,""down_escape_attempt_count"":0,""emitted_event_ids"":[""BAL:ABB:2026-08-03:001:NEUTRAL:100600:BALANCE_COMPLETED:105400"",""BAL:ABB:2026-08-03:001:NEUTRAL:100600:BALANCE_ESCAPE_ACCEPTED:105100"",""BAL:ABB:2026-08-03:001:NEUTRAL:100600:BALANCE_ESCAPE_STARTED:104800"",""BAL:ABB:2026-08-03:001:NEUTRAL:100600:BALANCE_FORMING_STARTED:100600"",""BAL:ABB:2026-08-03:001:NEUTRAL:100600:BALANCE_LOCKED:102700"",""BAL:ABB:2026-08-03:001:NEUTRAL:100600:BALANCE_PROBABLE:101800"",""BAL:ABB:2026-08-03:002:NEUTRAL:112100:BALANCE_COMPLETED:113000"",""BAL:ABB:2026-08-03:002:NEUTRAL:112100:BALANCE_FORMING_STARTED:112100"",""BAL:ABB:2026-08-03:003:NEUTRAL:114800:BALANCE_COMPLETED:115400"",""BAL:ABB:2026-08-03:003:NEUTRAL:114800:BALANCE_FORMING_STARTED:114800"",""BAL:ABB:2026-08-03:004:NEUTRAL:122400:BALANCE_COMPLETED:125400"",""BAL:ABB:2026-08-03:004:NEUTRAL:122400:BALANCE_ESCAPE_ACCEPTED:125100"",""BAL:ABB:2026-08-03:004:NEUTRAL:122400:BALANCE_ESCAPE_STARTED:124800"",""BAL:ABB:2026-08-03:004:NEUTRAL:122400:BALANCE_FORMING_STARTED:122400"",""BAL:ABB:2026-08-03:004:NEUTRAL:122400:BALANCE_LOCKED:124500"",""BAL:ABB:2026-08-03:004:NEUTRAL:122400:BALANCE_PROBABLE:123600"",""BAL:ABB:2026-08-03:005:NEUTRAL:132100:BALANCE_COMPLETED:135400"",""BAL:ABB:2026-08-03:005:NEUTRAL:132100:BALANCE_ESCAPE_ACCEPTED:135100"",""BAL:ABB:2026-08-03:005:NEUTRAL:132100:BALANCE_ESCAPE_STARTED:134800"",""BAL:ABB:2026-08-03:005:NEUTRAL:132100:BALANCE_FORMING_STARTED:132100"",""BAL:ABB:2026-08-03:005:NEUTRAL:132100:BALANCE_LOCKED:134200"",""BAL:ABB:2026-08-03:005:NEUTRAL:132100:BALANCE_PROBABLE:133300""],""episode_id"":null,""escape_attempt_count"":0,""escape_direction"":""UNKNOWN"",""failed_escape_count"":0,""forming_bars_observed"":0,""forming_invalid_bars"":0,""frozen_high"":null,""frozen_low"":null,""last_escape_direction"":""UNKNOWN"",""last_escape_failed_at"":null,""last_escape_started_at"":null,""last_reason_codes"":[""NO_QUALIFIED_ACCEPTED_RANGE""],""marginal_excursion_bars"":0,""meaningful_escape_bars"":0,""outside_close_count"":0,""range_id"":null,""rearm_bars_elapsed"":0,""rearm_inside_close_count"":0,""rearm_required"":false,""reentry_close_count"":0,""sequence"":5,""source_range_ids"":[],""started_at"":null,""state"":""NONE"",""state_age_bars"":0,""state_started_at"":null,""up_escape_attempt_count"":0},""directional"":{""continuation_failure_progress_bars"":1,""continuation_failure_seen"":true,""continuation_failure_seen_at"":""2026-08-03T14:45:00+05:30"",""direction"":""UP"",""emitted_event_ids"":[""DIR:ABB:2026-08-03:001:DOWN:101500:DIRECTIONAL_COMPLETED:105100"",""DIR:ABB:2026-08-03:001:DOWN:101500:DIRECTIONAL_STARTED:101500"",""DIR:ABB:2026-08-03:002:UP:110000:DIRECTIONAL_COMPLETED:113900"",""DIR:ABB:2026-08-03:002:UP:110000:DIRECTIONAL_MATURED:110300"",""DIR:ABB:2026-08-03:002:UP:110000:DIRECTIONAL_REVERSAL_CONFIRMED:113900"",""DIR:ABB:2026-08-03:002:UP:110000:DIRECTIONAL_STARTED:110000"",""DIR:ABB:2026-08-03:002:UP:110000:REVERSAL_WATCH_STARTED:110600"",""DIR:ABB:2026-08-03:003:DOWN:113900:DIRECTIONAL_COMPLETED:115400"",""DIR:ABB:2026-08-03:003:DOWN:113900:DIRECTIONAL_REVERSAL_LEG_FAILED:115400"",""DIR:ABB:2026-08-03:003:DOWN:113900:DIRECTIONAL_REVERSAL_LEG_STARTED:113900"",""DIR:ABB:2026-08-03:004:UP:120000:DIRECTIONAL_COMPLETED:124500"",""DIR:ABB:2026-08-03:004:UP:120000:DIRECTIONAL_CONTINUATION_CONFIRMED:123300"",""DIR:ABB:2026-08-03:004:UP:120000:DIRECTIONAL_MATURED:120300"",""DIR:ABB:2026-08-03:004:UP:120000:DIRECTIONAL_MATURED:123900"",""DIR:ABB:2026-08-03:004:UP:120000:DIRECTIONAL_REVERSAL_CONFIRMED:124500"",""DIR:ABB:2026-08-03:004:UP:120000:DIRECTIONAL_STARTED:120000"",""DIR:ABB:2026-08-03:004:UP:120000:DIRECTIONAL_TREND_RESTORED:122100"",""DIR:ABB:2026-08-03:004:UP:120000:REVERSAL_WATCH_STARTED:120600"",""DIR:ABB:2026-08-03:004:UP:120000:REVERSAL_WATCH_STARTED:124200"",""DIR:ABB:2026-08-03:005:DOWN:124500:DIRECTIONAL_COMPLETED:133300"",""DIR:ABB:2026-08-03:005:DOWN:124500:DIRECTIONAL_MATURED:125700"",""DIR:ABB:2026-08-03:005:DOWN:124500:DIRECTIONAL_MATURED:131800"",""DIR:ABB:2026-08-03:005:DOWN:124500:DIRECTIONAL_REVERSAL_CONFIRMED:133300"",""DIR:ABB:2026-08-03:005:DOWN:124500:DIRECTIONAL_REVERSAL_LEG_ESTABLISHED:125100"",""DIR:ABB:2026-08-03:005:DOWN:124500:DIRECTIONAL_REVERSAL_LEG_STARTED:124500"",""DIR:ABB:2026-08-03:005:DOWN:124500:DIRECTIONAL_TREND_RESTORED:131500"",""DIR:ABB:2026-08-03:005:DOWN:124500:REVERSAL_WATCH_STARTED:130000"",""DIR:ABB:2026-08-03:005:DOWN:124500:REVERSAL_WATCH_STARTED:132100"",""DIR:ABB:2026-08-03:006:UP:133300:DIRECTIONAL_MATURED:142100"",""DIR:ABB:2026-08-03:006:UP:133300:DIRECTIONAL_REVERSAL_LEG_ESTABLISHED:135100"",""DIR:ABB:2026-08-03:006:UP:133300:DIRECTIONAL_REVERSAL_LEG_STARTED:133300"",""DIR:ABB:2026-08-03:006:UP:133300:REVERSAL_WATCH_STARTED:142700""],""episode_id"":""DIR:ABB:2026-08-03:006:UP:133300"",""extreme_price"":7657.0,""extreme_time"":""2026-08-03T14:42:00+05:30"",""first_adverse_bar_close"":7633.5,""first_adverse_bar_level"":7629.5,""first_adverse_bar_time"":""2026-08-03T14:45:00+05:30"",""inactive_bars"":0,""last_close"":7639.0,""last_observation_state"":""ORDERLY_UPTREND"",""last_observation_state_time"":""2026-08-03T14:48:00+05:30"",""last_reason_codes"":[""REVERSAL_WATCH_RETAINED""],""opposite_control_bars"":0,""origin_event_id"":""DIR:ABB:2026-08-03:005:DOWN:124500:DIRECTIONAL_REVERSAL_CONFIRMED:133300"",""origin_price"":7518.5,""origin_source"":""REVERSAL_EVENT_HANDOFF"",""parent_episode_id"":""DIR:ABB:2026-08-03:005:DOWN:124500"",""protection_level"":7575.0,""protection_source"":""INITIAL_DIRECTIONAL_ANCHOR"",""protection_time"":""2026-08-03T14:18:00+05:30"",""rejection_seen"":true,""rejection_seen_at"":""2026-08-03T14:45:00+05:30"",""reversal_confirmation_breach_closes"":0,""reversal_confirmation_level"":7629.5,""reversal_confirmation_level_time"":""2026-08-03T14:45:00+05:30"",""reversal_confirmation_source"":""EPISODE_PRICE_ACTION_FIRST_ADVERSE_BAR:BAR_LOW"",""reversal_leg_failure_closes"":0,""reversal_leg_progress_atr"":1.449412225839378,""reversal_leg_progress_bars"":2,""reversal_watch_age_bars"":8,""sequence"":6,""start_candidate_bars"":0,""start_candidate_side"":""UNKNOWN"",""started_at"":""2026-08-03T13:33:00+05:30"",""state"":""REVERSAL_WATCH"",""state_age_bars"":8,""state_started_at"":""2026-08-03T14:27:00+05:30"",""trend_restore_bars"":0},""evidence_history"":[{""atr"":17.32315147078625,""bar"":{""body_fraction"":0.525,""close"":7577.5,""close_position"":0.875,""direction"":""UP"",""high"":7580.0,""low"":7560.0,""lower_wick_fraction"":0.35,""move_atr"":0.6061252779384393,""move_points"":10.5,""open"":7567.0,""snapshot_time"":""2026-08-03T14:15:00+05:30"",""upper_wick_fraction"":0.125,""volume"":8367.0},""close"":7577.5,""trend"":{""ema_ref"":7435.748921787493,""ema_slow"":7480.768253945933,""hma_order"":""BUY"",""hma_spread_atr"":4.458775951546503}},{""atr"":17.085783508587234,""bar"":{""body_fraction"":0.4642857142857143,""close"":7584.0,""close_position"":0.6428571428571429,""direction"":""UP"",""high"":7589.0,""low"":7575.0,""lower_wick_fraction"":0.17857142857142858,""move_atr"":0.3804332412811582,""move_points"":6.5,""open"":7577.5,""snapshot_time"":""2026-08-03T14:18:00+05:30"",""upper_wick_fraction"":0.35714285714285715,""volume"":5596.0},""close"":7584.0,""trend"":{""ema_ref"":7437.224056894085,""ema_slow"":7482.812446937102,""hma_order"":""BUY"",""hma_spread_atr"":4.414986225622977}},{""atr"":17.365370400831004,""bar"":{""body_fraction"":0.1904761904761905,""close"":7580.0,""close_position"":0.1904761904761905,""direction"":""DOWN"",""high"":7597.0,""low"":7576.0,""lower_wick_fraction"":0.1904761904761905,""move_atr"":-0.23034348865997029,""move_points"":-4.0,""open"":7584.0,""snapshot_time"":""2026-08-03T14:21:00+05:30"",""upper_wick_fraction"":0.6190476190476191,""volume"":4726.0},""close"":7580.0,""trend"":{""ema_ref"":7438.644713044393,""ema_slow"":7484.736952938348,""hma_order"":""BUY"",""hma_spread_atr"":4.2370873120904715}},{""atr"":17.232129657914506,""bar"":{""body_fraction"":0.3870967741935484,""close"":7586.0,""close_position"":0.8064516129032258,""direction"":""UP"",""high"":7589.0,""low"":7573.5,""lower_wick_fraction"":0.41935483870967744,""move_atr"":0.3481867951965109,""move_points"":6.0,""open"":7580.0,""snapshot_time"":""2026-08-03T14:24:00+05:30"",""upper_wick_fraction"":0.1935483870967742,""volume"":6875.0},""close"":7586.0,""trend"":{""ema_ref"":7440.110934805146,""ema_slow"":7486.742161791054,""hma_order"":""BUY"",""hma_spread_atr"":4.163220835630379}},{""atr"":16.67983468234918,""bar"":{""body_fraction"":0.3684210526315789,""close"":7582.5,""close_position"":0.631578947368421,""direction"":""DOWN"",""high"":7586.0,""low"":7576.5,""lower_wick_fraction"":0.631578947368421,""move_atr"":-0.20983421398676969,""move_points"":-3.5,""open"":7586.0,""snapshot_time"":""2026-08-03T14:27:00+05:30"",""upper_wick_fraction"":0.0,""volume"":4720.0},""close"":7582.5,""trend"":{""ema_ref"":7441.527741424001,""ema_slow"":7488.638356607073,""hma_order"":""BUY"",""hma_spread_atr"":4.229857338926135}},{""atr"":16.524132205038526,""bar"":{""body_fraction"":0.4482758620689655,""close"":7589.5,""close_position"":1.0,""direction"":""UP"",""high"":7589.5,""low"":7575.0,""lower_wick_fraction"":0.5517241379310345,""move_atr"":0.393364076209583,""move_points"":6.5,""open"":7583.0,""snapshot_time"":""2026-08-03T14:30:00+05:30"",""upper_wick_fraction"":0.0,""volume"":5246.0},""close"":7589.5,""trend"":{""ema_ref"":7443.000102205852,""ema_slow"":7490.635616872279,""hma_order"":""BUY"",""hma_spread_atr"":4.209632345862008}},{""atr"":17.80812276182149,""bar"":{""body_fraction"":0.5362318840579711,""close"":7608.0,""close_position"":0.5362318840579711,""direction"":""UP"",""high"":7624.0,""low"":7589.5,""lower_wick_fraction"":0.0,""move_atr"":1.0388517783391416,""move_points"":18.5,""open"":7589.5,""snapshot_time"":""2026-08-03T14:33:00+05:30"",""upper_wick_fraction"":0.463768115942029,""volume"":22441.0},""close"":7608.0,""trend"":{""ema_ref"":7444.641892233655,""ema_slow"":7492.959664062927,""hma_order"":""BUY"",""hma_spread_atr"":4.010061767358477}},{""atr"":17.857542564548528,""bar"":{""body_fraction"":0.13513513513513514,""close"":7605.0,""close_position"":0.8108108108108109,""direction"":""DOWN"",""high"":7608.5,""low"":7590.0,""lower_wick_fraction"":0.8108108108108109,""move_atr"":-0.13999686636408165,""move_points"":-2.5,""open"":7607.5,""snapshot_time"":""2026-08-03T14:36:00+05:30"",""upper_wick_fraction"":0.05405405405405406,""volume"":10062.0},""close"":7605.0,""trend"":{""ema_ref"":7446.237495296007,""ema_slow"":7495.178284576532,""hma_order"":""BUY"",""hma_spread_atr"":4.1156149170575835}},{""atr"":18.010575238509347,""bar"":{""body_fraction"":0.575,""close"":7616.5,""close_position"":0.825,""direction"":""UP"",""high"":7620.0,""low"":7600.0,""lower_wick_fraction"":0.25,""move_atr"":0.6385137535980112,""move_points"":11.5,""open"":7605.0,""snapshot_time"":""2026-08-03T14:39:00+05:30"",""upper_wick_fraction"":0.175,""volume"":9804.0},""close"":7616.5,""trend"":{""ema_ref"":7447.9316495716685,""ema_slow"":7497.580694782938,""hma_order"":""BUY"",""hma_spread_atr"":4.254349339607453}},{""atr"":20.08124843575868,""bar"":{""body_fraction"":0.7446808510638298,""close"":7651.5,""close_position"":0.8829787234042553,""direction"":""UP"",""high"":7657.0,""low"":7610.0,""lower_wick_fraction"":0.13829787234042554,""move_atr"":1.7429195257440018,""move_points"":35.0,""open"":7616.5,""snapshot_time"":""2026-08-03T14:42:00+05:30"",""upper_wick_fraction"":0.11702127659574468,""volume"":21854.0},""close"":7651.5,""trend"":{""ema_ref"":7449.957205297324,""ema_slow"":7500.628601816939,""hma_order"":""BUY"",""hma_spread_atr"":4.264581922200843}},{""atr"":20.21830211891878,""bar"":{""body_fraction"":0.8181818181818182,""close"":7633.5,""close_position"":0.18181818181818185,""direction"":""DOWN"",""high"":7651.5,""low"":7629.5,""lower_wick_fraction"":0.18181818181818185,""move_atr"":-0.8902824724909488,""move_points"":-18.0,""open"":7651.5,""snapshot_time"":""2026-08-03T14:45:00+05:30"",""upper_wick_fraction"":0.0,""volume"":13227.0},""close"":7633.5,""trend"":{""ema_ref"":7451.783501762028,""ema_slow"":7503.259718612644,""hma_order"":""BUY"",""hma_spread_atr"":4.616096239607588}},{""atr"":19.559851967567436,""bar"":{""body_fraction"":0.5,""close"":7639.0,""close_position"":0.5,""direction"":""UP"",""high"":7644.5,""low"":7633.5,""lower_wick_fraction"":0.0,""move_atr"":0.28118822213581446,""move_points"":5.5,""open"":7633.5,""snapshot_time"":""2026-08-03T14:48:00+05:30"",""upper_wick_fraction"":0.5,""volume"":5677.0},""close"":7639.0,""trend"":{""ema_ref"":7453.646352490765,""ema_slow"":7505.947644976751,""hma_order"":""BUY"",""hma_spread_atr"":5.052954982818903}}],""last_observation_hash"":""f03db8d5a35fd73598b17d1d9f6d0acebc5dfc737667eff4ab6c1858fc858144"",""last_snapshot_time"":""2026-08-03T14:48:00+05:30"",""observation"":{""compression_box_high"":null,""compression_box_low"":null,""compression_candidate_bars"":0,""current_state"":""ORDERLY_UPTREND"",""established_side"":""UP"",""exhaustion_active"":true,""exhaustion_age_bars"":1,""exhaustion_clear_bars"":0,""exhaustion_last_seen_at"":""2026-08-03T14:48:00+05:30"",""exhaustion_side"":""UP"",""exhaustion_started_at"":""2026-08-03T14:48:00+05:30"",""failure_breach_bars"":0,""last_close"":7639.0,""last_reason_codes"":[""ESTABLISHED_DIRECTIONAL_CONTEXT_RETAINED"",""OBSERVATION_PROPOSAL_MATCHED_CURRENT"",""OBSERVATION_STATE_ORDERLY_UPTREND""],""last_snapshot_time"":""2026-08-03T14:48:00+05:30"",""leg_age_bars"":11,""leg_anchor_price"":7575.0,""leg_anchor_time"":""2026-08-03T14:18:00+05:30"",""leg_extreme_price"":7657.0,""leg_maturity_consumed"":false,""leg_maturity_extreme_price"":null,""leg_maturity_onset_time"":null,""leg_no_progress_bars"":2,""observation_count"":112,""pending_bars"":0,""pending_state"":null,""protection_level"":7575.0,""protection_source"":""INITIAL_DIRECTIONAL_ANCHOR"",""protection_time"":""2026-08-03T14:18:00+05:30"",""pullback_age_bars"":0,""pullback_candidate_bars"":0,""pullback_extreme_price"":null,""reacceleration_age_bars"":2,""recompression_age_bars"":0,""reversal_confirmation_bars"":0,""reversal_side"":""UP"",""state_age_bars"":8,""trading_day"":""2026-08-03"",""trend_anchor_price"":7575.0,""trend_candidate_bars"":14,""trend_candidate_side"":""UP"",""trend_extreme_price"":7657.0,""trend_failure_age_bars"":0,""trend_onset_time"":""2026-08-03T14:18:00+05:30""},""symbol"":""ABB"",""trading_day"":""2026-08-03""}"
restoration-v3-current-day,development,restoration-trend-control-v3,backtest-default,OK,,,,ABB,2026-08-03,2026-08-03T14:51:00+05:30,2026-08-03T14:48:00+05:30,SNAPSHOT_AUCTION_AUTHORITY_V3A,3m,True,True,7615.5,2026-08-03T14:51:00,7639.5,7640.0,7614.0,7615.5,10297.0,20.01986254131262,TRENDING_UP,SELL,candidate_has_directional_efficiency_or_displacement,RANGE_ACCEPTED,DYNAMIC:2026-08-03T13:00:00+05:30:2026-08-03T13:18:00+05:30,7492.5,7526.0,31,ok,DOWN_ACCELERATING,-0.449553536215734,-0.012487598228214837,OK,INCREMENTAL_PREVIOUS_SNAPSHOT,AUTOTRADES_AUCTION_ENGINE,1.1.0,,,ORDERLY_UPTREND,UP,UP,False,True,True,UP,False,False,False,7575.0,INITIAL_DIRECTIONAL_ANCHOR,2026-08-03T14:18:00+05:30,DYNAMIC:2026-08-03T13:00:00+05:30:2026-08-03T13:18:00+05:30,7492.5,7526.0,False,3.671641791044776,0.22608695652173913,PRICE_ACTION,0.7100737100737101,ESTABLISHED_DIRECTIONAL_CONTEXT_RETAINED|OBSERVATION_PROPOSAL_MATCHED_CURRENT|OBSERVATION_STATE_ORDERLY_UPTREND|OBJECTIVE_ACCEPTED_RANGE_GEOMETRY_PRESENT|OBJECTIVE_TREND_PROTECTION_GEOMETRY_PRESENT,DIR:ABB:2026-08-03:007:DOWN:145100,REVERSAL_WATCH,REVERSAL_LEG,DOWN,REVERSAL_EVENT_HANDOFF,DIR:ABB:2026-08-03:006:UP:133300,DIR:ABB:2026-08-03:006:UP:133300:DIRECTIONAL_REVERSAL_CONFIRMED:145100,2026-08-03T14:51:00+05:30,2026-08-03T14:51:00+05:30,1,7615.5,7614.0,2026-08-03T14:51:00+05:30,,,7629.5,EPISODE_PRICE_ACTION_FIRST_ADVERSE_BAR:BAR_LOW,2026-08-03T14:45:00+05:30,0,0.0,0,False,DIRECTIONAL_REVERSAL_EVENT_EMITTED|REVERSAL_LEG_HANDOFF_STARTED|HANDOFF_FROM_UP_TO_DOWN,7,UNKNOWN,0,0,0,0,0,ORDERLY_UPTREND,2026-08-03T14:51:00+05:30,DIRECTIONAL_REVERSAL_EVENT_EMITTED|REVERSAL_LEG_HANDOFF_STARTED|HANDOFF_FROM_UP_TO_DOWN,,NONE,NONE,0,,,,,,UNKNOWN,0,0,0,0,False,False,NO_QUALIFIED_ACCEPTED_RANGE,3,DIR:ABB:2026-08-03:006:UP:133300:DIRECTIONAL_REVERSAL_CONFIRMED:145100|DIR:ABB:2026-08-03:006:UP:133300:DIRECTIONAL_COMPLETED:145100|DIR:ABB:2026-08-03:007:DOWN:145100:DIRECTIONAL_REVERSAL_LEG_STARTED:145100,DIRECTIONAL_REVERSAL_CONFIRMED|DIRECTIONAL_COMPLETED|DIRECTIONAL_REVERSAL_LEG_STARTED,DOWN|UP|DOWN,DIR:ABB:2026-08-03:006:UP:133300|DIR:ABB:2026-08-03:006:UP:133300|DIR:ABB:2026-08-03:007:DOWN:145100,"DIRECTIONAL_REVERSAL_CONFIRMED:FIRST_ADVERSE_STAGE_RETAINED,CONTINUATION_FAILURE_STAGE_RETAINED,EPISODE_REVERSAL_CONFIRMATION_LEVEL_BREACHED|DIRECTIONAL_COMPLETED:REVERSAL_EVENT_COMPLETED_ORIGINAL_DIRECTIONAL_EPISODE|DIRECTIONAL_REVERSAL_LEG_STARTED:REVERSAL_EVENT_CREATED_TRANSITIONAL_LEG,PARENT_EPISODE:DIR:ABB:2026-08-03:006:UP:133300",1,REVERSAL,WAIT,DIR:ABB:2026-08-03:006:UP:133300:DIRECTIONAL_REVERSAL_CONFIRMED:145100,REVERSAL:EVENT_DIRECTIONAL_REVERSAL_CONFIRMED_WAIT,CONFLICT,MATCH,MATCH,CONFLICT,False,0,True,True,True,True,EPISODE_TREND_CONFLICT,TRANSITIONAL_CONFLICT,"[""event_id='DIR:ABB:2026-08-03:006:UP:133300:DIRECTIONAL_REVERSAL_CONFIRMED:145100' event_type=<AuctionEventType.DIRECTIONAL_REVERSAL_CONFIRMED: 'DIRECTIONAL_REVERSAL_CONFIRMED'> episode_id='DIR:ABB:2026-08-03:006:UP:133300' symbol='ABB' trading_day=datetime.date(2026, 8, 3) event_time=datetime.datetime(2026, 8, 3, 14, 51, tzinfo=TzInfo(19800)) direction=<DirectionalBias.DOWN: 'DOWN'> reason_codes=('FIRST_ADVERSE_STAGE_RETAINED', 'CONTINUATION_FAILURE_STAGE_RETAINED', 'EPISODE_REVERSAL_CONFIRMATION_LEVEL_BREACHED') data={'origin_price': 7518.5, 'extreme_price': 7657.0, 'origin_source': 'REVERSAL_EVENT_HANDOFF', 'origin_event_id': 'DIR:ABB:2026-08-03:005:DOWN:124500:DIRECTIONAL_REVERSAL_CONFIRMED:133300', 'protection_level': 7575.0, 'parent_episode_id': 'DIR:ABB:2026-08-03:005:DOWN:124500', 'protection_source': 'INITIAL_DIRECTIONAL_ANCHOR', 'first_adverse_bar_time': '2026-08-03T14:45:00+05:30', 'first_adverse_bar_close': 7633.5, 'first_adverse_bar_level': 7629.5, 'continuation_failure_time': '2026-08-03T14:45:00+05:30', 'reversal_leg_progress_atr': 1.449412225839378, 'reversal_leg_progress_bars': 2, 'reversal_confirmation_level': 7629.5, 'reversal_leg_failure_closes': 0, 'reversal_confirmation_source': 'EPISODE_PRICE_ACTION_FIRST_ADVERSE_BAR:BAR_LOW', 'reversal_confirmation_level_time': '2026-08-03T14:45:00+05:30'}"",""event_id='DIR:ABB:2026-08-03:006:UP:133300:DIRECTIONAL_COMPLETED:145100' event_type=<AuctionEventType.DIRECTIONAL_COMPLETED: 'DIRECTIONAL_COMPLETED'> episode_id='DIR:ABB:2026-08-03:006:UP:133300' symbol='ABB' trading_day=datetime.date(2026, 8, 3) event_time=datetime.datetime(2026, 8, 3, 14, 51, tzinfo=TzInfo(19800)) direction=<DirectionalBias.UP: 'UP'> reason_codes=('REVERSAL_EVENT_COMPLETED_ORIGINAL_DIRECTIONAL_EPISODE',) data={'origin_price': 7518.5, 'extreme_price': 7657.0, 'origin_source': 'REVERSAL_EVENT_HANDOFF', 'origin_event_id': 'DIR:ABB:2026-08-03:005:DOWN:124500:DIRECTIONAL_REVERSAL_CONFIRMED:133300', 'protection_level': 7575.0, 'parent_episode_id': 'DIR:ABB:2026-08-03:005:DOWN:124500', 'protection_source': 'INITIAL_DIRECTIONAL_ANCHOR', 'first_adverse_bar_time': '2026-08-03T14:45:00+05:30', 'first_adverse_bar_close': 7633.5, 'first_adverse_bar_level': 7629.5, 'continuation_failure_time': '2026-08-03T14:45:00+05:30', 'reversal_leg_progress_atr': 1.449412225839378, 'reversal_leg_progress_bars': 2, 'reversal_confirmation_level': 7629.5, 'reversal_leg_failure_closes': 0, 'reversal_confirmation_source': 'EPISODE_PRICE_ACTION_FIRST_ADVERSE_BAR:BAR_LOW', 'reversal_confirmation_level_time': '2026-08-03T14:45:00+05:30'}"",""event_id='DIR:ABB:2026-08-03:007:DOWN:145100:DIRECTIONAL_REVERSAL_LEG_STARTED:145100' event_type=<AuctionEventType.DIRECTIONAL_REVERSAL_LEG_STARTED: 'DIRECTIONAL_REVERSAL_LEG_STARTED'> episode_id='DIR:ABB:2026-08-03:007:DOWN:145100' symbol='ABB' trading_day=datetime.date(2026, 8, 3) event_time=datetime.datetime(2026, 8, 3, 14, 51, tzinfo=TzInfo(19800)) direction=<DirectionalBias.DOWN: 'DOWN'> reason_codes=('REVERSAL_EVENT_CREATED_TRANSITIONAL_LEG', 'PARENT_EPISODE:DIR:ABB:2026-08-03:006:UP:133300') data={'origin_price': 7615.5, 'extreme_price': 7614.0, 'origin_source': 'REVERSAL_EVENT_HANDOFF', 'origin_event_id': 'DIR:ABB:2026-08-03:006:UP:133300:DIRECTIONAL_REVERSAL_CONFIRMED:145100', 'protection_level': None, 'parent_episode_id': 'DIR:ABB:2026-08-03:006:UP:133300', 'protection_source': '', 'first_adverse_bar_time': None, 'first_adverse_bar_close': None, 'first_adverse_bar_level': None, 'continuation_failure_time': None, 'reversal_leg_progress_atr': 0.0, 'reversal_leg_progress_bars': 0, 'reversal_confirmation_level': 7629.5, 'reversal_leg_failure_closes': 0, 'reversal_confirmation_source': 'EPISODE_PRICE_ACTION_FIRST_ADVERSE_BAR:BAR_LOW', 'reversal_confirmation_level_time': '2026-08-03T14:45:00+05:30'}""]","[""setup_family=<SetupFamily.REVERSAL: 'REVERSAL'> result=<StructuralPermissionResult.WAIT: 'WAIT'> source_event_ids=('DIR:ABB:2026-08-03:006:UP:133300:DIRECTIONAL_REVERSAL_CONFIRMED:145100',) source_event_types=(<AuctionEventType.DIRECTIONAL_REVERSAL_CONFIRMED: 'DIRECTIONAL_REVERSAL_CONFIRMED'>,) balance_state=<BalanceEpisodeState.NONE: 'NONE'> reason_codes=('EVENT_DIRECTIONAL_REVERSAL_CONFIRMED_WAIT',)""]","{""accepted_range_breakout_eligible"":true,""accepted_range_established_at"":""2026-08-03T13:18:00+05:30"",""accepted_range_high"":7526.0,""accepted_range_id"":""DYNAMIC:2026-08-03T13:00:00+05:30:2026-08-03T13:18:00+05:30"",""accepted_range_inside"":false,""accepted_range_low"":7492.5,""accepted_range_outside_atr"":4.470560165700911,""accepted_range_position"":3.671641791044776,""accepted_range_provisional"":false,""atr"":20.01986254131262,""close"":7615.5,""current_leg_mature"":false,""directional_bias"":""UP"",""directional_efficiency"":0.22608695652173913,""directional_efficiency_source"":""PRICE_ACTION"",""exhausted_side"":""UP"",""exhaustion_active"":true,""extension_mature"":true,""failed_extreme_observed"":false,""high"":7640.0,""low"":7614.0,""observation_state"":""ORDERLY_UPTREND"",""overlap_ratio"":0.7100737100737101,""range_width_atr"":1.6733381625807875,""rejection_observed"":false,""snapshot_time"":""2026-08-03T14:51:00+05:30"",""source_reason_codes"":[""ESTABLISHED_DIRECTIONAL_CONTEXT_RETAINED"",""OBSERVATION_PROPOSAL_MATCHED_CURRENT"",""OBSERVATION_STATE_ORDERLY_UPTREND"",""OBJECTIVE_ACCEPTED_RANGE_GEOMETRY_PRESENT"",""OBJECTIVE_TREND_PROTECTION_GEOMETRY_PRESENT""],""structural_failure_confirmed"":false,""symbol"":""ABB"",""trading_day"":""2026-08-03"",""trend_direction"":""UP"",""trend_protection_level"":7575.0,""trend_protection_source"":""INITIAL_DIRECTIONAL_ANCHOR"",""trend_protection_time"":""2026-08-03T14:18:00+05:30""}","{""continuation_failure_seen"":false,""continuation_failure_time"":null,""current_state"":""REVERSAL_LEG"",""direction"":""DOWN"",""episode_id"":""DIR:ABB:2026-08-03:007:DOWN:145100"",""extreme_price"":7614.0,""extreme_time"":""2026-08-03T14:51:00+05:30"",""first_adverse_bar_close"":null,""first_adverse_bar_level"":null,""first_adverse_bar_time"":null,""origin_event_id"":""DIR:ABB:2026-08-03:006:UP:133300:DIRECTIONAL_REVERSAL_CONFIRMED:145100"",""origin_price"":7615.5,""origin_source"":""REVERSAL_EVENT_HANDOFF"",""parent_episode_id"":""DIR:ABB:2026-08-03:006:UP:133300"",""previous_state"":""REVERSAL_WATCH"",""protection_level"":null,""protection_source"":"""",""reason_codes"":[""DIRECTIONAL_REVERSAL_EVENT_EMITTED"",""REVERSAL_LEG_HANDOFF_STARTED"",""HANDOFF_FROM_UP_TO_DOWN""],""rejection_seen"":false,""reversal_confirmation_breach_closes"":0,""reversal_confirmation_level"":7629.5,""reversal_confirmation_level_time"":""2026-08-03T14:45:00+05:30"",""reversal_confirmation_source"":""EPISODE_PRICE_ACTION_FIRST_ADVERSE_BAR:BAR_LOW"",""reversal_leg_failure_closes"":0,""reversal_leg_progress_atr"":0.0,""reversal_leg_progress_bars"":0,""started_at"":""2026-08-03T14:51:00+05:30"",""state_age_bars"":1,""state_started_at"":""2026-08-03T14:51:00+05:30""}","{""attempt_limit_reached"":false,""candidate_bar_expansion_count"":0,""candidate_high"":null,""candidate_last_valid_at"":null,""candidate_low"":null,""candidate_merge_count"":0,""containment_bars"":0,""containment_ratio"":0.0,""current_state"":""NONE"",""down_escape_attempt_count"":0,""episode_id"":null,""escape_attempt_count"":0,""escape_direction"":""UNKNOWN"",""failed_escape_count"":0,""forming_bars_observed"":0,""forming_invalid_bars"":0,""frozen_high"":null,""frozen_low"":null,""last_escape_direction"":""UNKNOWN"",""last_escape_failed_at"":null,""last_escape_started_at"":null,""marginal_excursion_bars"":0,""meaningful_escape_bars"":0,""outside_close_count"":0,""previous_state"":""NONE"",""range_id"":null,""rearm_bars_elapsed"":0,""rearm_inside_close_count"":0,""rearm_required"":false,""reason_codes"":[""NO_QUALIFIED_ACCEPTED_RANGE""],""reentry_close_count"":0,""source_range_ids"":[],""started_at"":null,""state_age_bars"":0,""state_started_at"":null,""up_escape_attempt_count"":0}","{""balance_attempt_limit_reached"":false,""balance_candidate_bar_expansion_count"":0,""balance_candidate_merge_count"":0,""balance_containment_ratio"":0.0,""balance_down_escape_attempt_count"":0,""balance_escape_attempt_count"":0,""balance_failed_escape_count"":0,""balance_forming_bars_observed"":0,""balance_forming_invalid_bars"":0,""balance_last_escape_direction"":""UNKNOWN"",""balance_last_escape_failed_at"":null,""balance_last_escape_started_at"":null,""balance_marginal_excursion_bars"":0,""balance_meaningful_escape_bars"":0,""balance_rearm_bars_elapsed"":0,""balance_rearm_inside_close_count"":0,""balance_rearm_required"":false,""balance_up_escape_attempt_count"":0,""directional_origin_event_id"":""DIR:ABB:2026-08-03:006:UP:133300:DIRECTIONAL_REVERSAL_CONFIRMED:145100"",""directional_origin_source"":""REVERSAL_EVENT_HANDOFF"",""directional_parent_episode_id"":""DIR:ABB:2026-08-03:006:UP:133300"",""directional_reversal_watch_age_bars"":0,""directional_start_candidate_bars"":0,""directional_start_candidate_side"":""UNKNOWN"",""observation_accepted_range_id"":""DYNAMIC:2026-08-03T13:00:00+05:30:2026-08-03T13:18:00+05:30"",""observation_current_leg_mature"":false,""observation_directional_bias"":""UP"",""observation_exhaustion_active"":true,""observation_state"":""ORDERLY_UPTREND""}","{""balance"":{""attempt_limit_reached"":false,""candidate_bar_expansion_count"":0,""candidate_high"":null,""candidate_last_valid_at"":null,""candidate_low"":null,""candidate_merge_count"":0,""containment_bars"":0,""down_escape_attempt_count"":0,""emitted_event_ids"":[""BAL:ABB:2026-08-03:001:NEUTRAL:100600:BALANCE_COMPLETED:105400"",""BAL:ABB:2026-08-03:001:NEUTRAL:100600:BALANCE_ESCAPE_ACCEPTED:105100"",""BAL:ABB:2026-08-03:001:NEUTRAL:100600:BALANCE_ESCAPE_STARTED:104800"",""BAL:ABB:2026-08-03:001:NEUTRAL:100600:BALANCE_FORMING_STARTED:100600"",""BAL:ABB:2026-08-03:001:NEUTRAL:100600:BALANCE_LOCKED:102700"",""BAL:ABB:2026-08-03:001:NEUTRAL:100600:BALANCE_PROBABLE:101800"",""BAL:ABB:2026-08-03:002:NEUTRAL:112100:BALANCE_COMPLETED:113000"",""BAL:ABB:2026-08-03:002:NEUTRAL:112100:BALANCE_FORMING_STARTED:112100"",""BAL:ABB:2026-08-03:003:NEUTRAL:114800:BALANCE_COMPLETED:115400"",""BAL:ABB:2026-08-03:003:NEUTRAL:114800:BALANCE_FORMING_STARTED:114800"",""BAL:ABB:2026-08-03:004:NEUTRAL:122400:BALANCE_COMPLETED:125400"",""BAL:ABB:2026-08-03:004:NEUTRAL:122400:BALANCE_ESCAPE_ACCEPTED:125100"",""BAL:ABB:2026-08-03:004:NEUTRAL:122400:BALANCE_ESCAPE_STARTED:124800"",""BAL:ABB:2026-08-03:004:NEUTRAL:122400:BALANCE_FORMING_STARTED:122400"",""BAL:ABB:2026-08-03:004:NEUTRAL:122400:BALANCE_LOCKED:124500"",""BAL:ABB:2026-08-03:004:NEUTRAL:122400:BALANCE_PROBABLE:123600"",""BAL:ABB:2026-08-03:005:NEUTRAL:132100:BALANCE_COMPLETED:135400"",""BAL:ABB:2026-08-03:005:NEUTRAL:132100:BALANCE_ESCAPE_ACCEPTED:135100"",""BAL:ABB:2026-08-03:005:NEUTRAL:132100:BALANCE_ESCAPE_STARTED:134800"",""BAL:ABB:2026-08-03:005:NEUTRAL:132100:BALANCE_FORMING_STARTED:132100"",""BAL:ABB:2026-08-03:005:NEUTRAL:132100:BALANCE_LOCKED:134200"",""BAL:ABB:2026-08-03:005:NEUTRAL:132100:BALANCE_PROBABLE:133300""],""episode_id"":null,""escape_attempt_count"":0,""escape_direction"":""UNKNOWN"",""failed_escape_count"":0,""forming_bars_observed"":0,""forming_invalid_bars"":0,""frozen_high"":null,""frozen_low"":null,""last_escape_direction"":""UNKNOWN"",""last_escape_failed_at"":null,""last_escape_started_at"":null,""last_reason_codes"":[""NO_QUALIFIED_ACCEPTED_RANGE""],""marginal_excursion_bars"":0,""meaningful_escape_bars"":0,""outside_close_count"":0,""range_id"":null,""rearm_bars_elapsed"":0,""rearm_inside_close_count"":0,""rearm_required"":false,""reentry_close_count"":0,""sequence"":5,""source_range_ids"":[],""started_at"":null,""state"":""NONE"",""state_age_bars"":0,""state_started_at"":null,""up_escape_attempt_count"":0},""directional"":{""continuation_failure_progress_bars"":0,""continuation_failure_seen"":false,""continuation_failure_seen_at"":null,""direction"":""DOWN"",""emitted_event_ids"":[""DIR:ABB:2026-08-03:001:DOWN:101500:DIRECTIONAL_COMPLETED:105100"",""DIR:ABB:2026-08-03:001:DOWN:101500:DIRECTIONAL_STARTED:101500"",""DIR:ABB:2026-08-03:002:UP:110000:DIRECTIONAL_COMPLETED:113900"",""DIR:ABB:2026-08-03:002:UP:110000:DIRECTIONAL_MATURED:110300"",""DIR:ABB:2026-08-03:002:UP:110000:DIRECTIONAL_REVERSAL_CONFIRMED:113900"",""DIR:ABB:2026-08-03:002:UP:110000:DIRECTIONAL_STARTED:110000"",""DIR:ABB:2026-08-03:002:UP:110000:REVERSAL_WATCH_STARTED:110600"",""DIR:ABB:2026-08-03:003:DOWN:113900:DIRECTIONAL_COMPLETED:115400"",""DIR:ABB:2026-08-03:003:DOWN:113900:DIRECTIONAL_REVERSAL_LEG_FAILED:115400"",""DIR:ABB:2026-08-03:003:DOWN:113900:DIRECTIONAL_REVERSAL_LEG_STARTED:113900"",""DIR:ABB:2026-08-03:004:UP:120000:DIRECTIONAL_COMPLETED:124500"",""DIR:ABB:2026-08-03:004:UP:120000:DIRECTIONAL_CONTINUATION_CONFIRMED:123300"",""DIR:ABB:2026-08-03:004:UP:120000:DIRECTIONAL_MATURED:120300"",""DIR:ABB:2026-08-03:004:UP:120000:DIRECTIONAL_MATURED:123900"",""DIR:ABB:2026-08-03:004:UP:120000:DIRECTIONAL_REVERSAL_CONFIRMED:124500"",""DIR:ABB:2026-08-03:004:UP:120000:DIRECTIONAL_STARTED:120000"",""DIR:ABB:2026-08-03:004:UP:120000:DIRECTIONAL_TREND_RESTORED:122100"",""DIR:ABB:2026-08-03:004:UP:120000:REVERSAL_WATCH_STARTED:120600"",""DIR:ABB:2026-08-03:004:UP:120000:REVERSAL_WATCH_STARTED:124200"",""DIR:ABB:2026-08-03:005:DOWN:124500:DIRECTIONAL_COMPLETED:133300"",""DIR:ABB:2026-08-03:005:DOWN:124500:DIRECTIONAL_MATURED:125700"",""DIR:ABB:2026-08-03:005:DOWN:124500:DIRECTIONAL_MATURED:131800"",""DIR:ABB:2026-08-03:005:DOWN:124500:DIRECTIONAL_REVERSAL_CONFIRMED:133300"",""DIR:ABB:2026-08-03:005:DOWN:124500:DIRECTIONAL_REVERSAL_LEG_ESTABLISHED:125100"",""DIR:ABB:2026-08-03:005:DOWN:124500:DIRECTIONAL_REVERSAL_LEG_STARTED:124500"",""DIR:ABB:2026-08-03:005:DOWN:124500:DIRECTIONAL_TREND_RESTORED:131500"",""DIR:ABB:2026-08-03:005:DOWN:124500:REVERSAL_WATCH_STARTED:130000"",""DIR:ABB:2026-08-03:005:DOWN:124500:REVERSAL_WATCH_STARTED:132100"",""DIR:ABB:2026-08-03:006:UP:133300:DIRECTIONAL_COMPLETED:145100"",""DIR:ABB:2026-08-03:006:UP:133300:DIRECTIONAL_MATURED:142100"",""DIR:ABB:2026-08-03:006:UP:133300:DIRECTIONAL_REVERSAL_CONFIRMED:145100"",""DIR:ABB:2026-08-03:006:UP:133300:DIRECTIONAL_REVERSAL_LEG_ESTABLISHED:135100"",""DIR:ABB:2026-08-03:006:UP:133300:DIRECTIONAL_REVERSAL_LEG_STARTED:133300"",""DIR:ABB:2026-08-03:006:UP:133300:REVERSAL_WATCH_STARTED:142700"",""DIR:ABB:2026-08-03:007:DOWN:145100:DIRECTIONAL_REVERSAL_LEG_STARTED:145100""],""episode_id"":""DIR:ABB:2026-08-03:007:DOWN:145100"",""extreme_price"":7614.0,""extreme_time"":""2026-08-03T14:51:00+05:30"",""first_adverse_bar_close"":null,""first_adverse_bar_level"":null,""first_adverse_bar_time"":null,""inactive_bars"":0,""last_close"":7615.5,""last_observation_state"":""ORDERLY_UPTREND"",""last_observation_state_time"":""2026-08-03T14:51:00+05:30"",""last_reason_codes"":[""DIRECTIONAL_REVERSAL_EVENT_EMITTED"",""REVERSAL_LEG_HANDOFF_STARTED"",""HANDOFF_FROM_UP_TO_DOWN""],""opposite_control_bars"":0,""origin_event_id"":""DIR:ABB:2026-08-03:006:UP:133300:DIRECTIONAL_REVERSAL_CONFIRMED:145100"",""origin_price"":7615.5,""origin_source"":""REVERSAL_EVENT_HANDOFF"",""parent_episode_id"":""DIR:ABB:2026-08-03:006:UP:133300"",""protection_level"":null,""protection_source"":"""",""protection_time"":null,""rejection_seen"":false,""rejection_seen_at"":null,""reversal_confirmation_breach_closes"":0,""reversal_confirmation_level"":7629.5,""reversal_confirmation_level_time"":""2026-08-03T14:45:00+05:30"",""reversal_confirmation_source"":""EPISODE_PRICE_ACTION_FIRST_ADVERSE_BAR:BAR_LOW"",""reversal_leg_failure_closes"":0,""reversal_leg_progress_atr"":0.0,""reversal_leg_progress_bars"":0,""reversal_watch_age_bars"":0,""sequence"":7,""start_candidate_bars"":0,""start_candidate_side"":""UNKNOWN"",""started_at"":""2026-08-03T14:51:00+05:30"",""state"":""REVERSAL_LEG"",""state_age_bars"":1,""state_started_at"":""2026-08-03T14:51:00+05:30"",""trend_restore_bars"":0},""evidence_history"":[{""atr"":17.085783508587234,""bar"":{""body_fraction"":0.4642857142857143,""close"":7584.0,""close_position"":0.6428571428571429,""direction"":""UP"",""high"":7589.0,""low"":7575.0,""lower_wick_fraction"":0.17857142857142858,""move_atr"":0.3804332412811582,""move_points"":6.5,""open"":7577.5,""snapshot_time"":""2026-08-03T14:18:00+05:30"",""upper_wick_fraction"":0.35714285714285715,""volume"":5596.0},""close"":7584.0,""trend"":{""ema_ref"":7437.224056894085,""ema_slow"":7482.812446937102,""hma_order"":""BUY"",""hma_spread_atr"":4.414986225622977}},{""atr"":17.365370400831004,""bar"":{""body_fraction"":0.1904761904761905,""close"":7580.0,""close_position"":0.1904761904761905,""direction"":""DOWN"",""high"":7597.0,""low"":7576.0,""lower_wick_fraction"":0.1904761904761905,""move_atr"":-0.23034348865997029,""move_points"":-4.0,""open"":7584.0,""snapshot_time"":""2026-08-03T14:21:00+05:30"",""upper_wick_fraction"":0.6190476190476191,""volume"":4726.0},""close"":7580.0,""trend"":{""ema_ref"":7438.644713044393,""ema_slow"":7484.736952938348,""hma_order"":""BUY"",""hma_spread_atr"":4.2370873120904715}},{""atr"":17.232129657914506,""bar"":{""body_fraction"":0.3870967741935484,""close"":7586.0,""close_position"":0.8064516129032258,""direction"":""UP"",""high"":7589.0,""low"":7573.5,""lower_wick_fraction"":0.41935483870967744,""move_atr"":0.3481867951965109,""move_points"":6.0,""open"":7580.0,""snapshot_time"":""2026-08-03T14:24:00+05:30"",""upper_wick_fraction"":0.1935483870967742,""volume"":6875.0},""close"":7586.0,""trend"":{""ema_ref"":7440.110934805146,""ema_slow"":7486.742161791054,""hma_order"":""BUY"",""hma_spread_atr"":4.163220835630379}},{""atr"":16.67983468234918,""bar"":{""body_fraction"":0.3684210526315789,""close"":7582.5,""close_position"":0.631578947368421,""direction"":""DOWN"",""high"":7586.0,""low"":7576.5,""lower_wick_fraction"":0.631578947368421,""move_atr"":-0.20983421398676969,""move_points"":-3.5,""open"":7586.0,""snapshot_time"":""2026-08-03T14:27:00+05:30"",""upper_wick_fraction"":0.0,""volume"":4720.0},""close"":7582.5,""trend"":{""ema_ref"":7441.527741424001,""ema_slow"":7488.638356607073,""hma_order"":""BUY"",""hma_spread_atr"":4.229857338926135}},{""atr"":16.524132205038526,""bar"":{""body_fraction"":0.4482758620689655,""close"":7589.5,""close_position"":1.0,""direction"":""UP"",""high"":7589.5,""low"":7575.0,""lower_wick_fraction"":0.5517241379310345,""move_atr"":0.393364076209583,""move_points"":6.5,""open"":7583.0,""snapshot_time"":""2026-08-03T14:30:00+05:30"",""upper_wick_fraction"":0.0,""volume"":5246.0},""close"":7589.5,""trend"":{""ema_ref"":7443.000102205852,""ema_slow"":7490.635616872279,""hma_order"":""BUY"",""hma_spread_atr"":4.209632345862008}},{""atr"":17.80812276182149,""bar"":{""body_fraction"":0.5362318840579711,""close"":7608.0,""close_position"":0.5362318840579711,""direction"":""UP"",""high"":7624.0,""low"":7589.5,""lower_wick_fraction"":0.0,""move_atr"":1.0388517783391416,""move_points"":18.5,""open"":7589.5,""snapshot_time"":""2026-08-03T14:33:00+05:30"",""upper_wick_fraction"":0.463768115942029,""volume"":22441.0},""close"":7608.0,""trend"":{""ema_ref"":7444.641892233655,""ema_slow"":7492.959664062927,""hma_order"":""BUY"",""hma_spread_atr"":4.010061767358477}},{""atr"":17.857542564548528,""bar"":{""body_fraction"":0.13513513513513514,""close"":7605.0,""close_position"":0.8108108108108109,""direction"":""DOWN"",""high"":7608.5,""low"":7590.0,""lower_wick_fraction"":0.8108108108108109,""move_atr"":-0.13999686636408165,""move_points"":-2.5,""open"":7607.5,""snapshot_time"":""2026-08-03T14:36:00+05:30"",""upper_wick_fraction"":0.05405405405405406,""volume"":10062.0},""close"":7605.0,""trend"":{""ema_ref"":7446.237495296007,""ema_slow"":7495.178284576532,""hma_order"":""BUY"",""hma_spread_atr"":4.1156149170575835}},{""atr"":18.010575238509347,""bar"":{""body_fraction"":0.575,""close"":7616.5,""close_position"":0.825,""direction"":""UP"",""high"":7620.0,""low"":7600.0,""lower_wick_fraction"":0.25,""move_atr"":0.6385137535980112,""move_points"":11.5,""open"":7605.0,""snapshot_time"":""2026-08-03T14:39:00+05:30"",""upper_wick_fraction"":0.175,""volume"":9804.0},""close"":7616.5,""trend"":{""ema_ref"":7447.9316495716685,""ema_slow"":7497.580694782938,""hma_order"":""BUY"",""hma_spread_atr"":4.254349339607453}},{""atr"":20.08124843575868,""bar"":{""body_fraction"":0.7446808510638298,""close"":7651.5,""close_position"":0.8829787234042553,""direction"":""UP"",""high"":7657.0,""low"":7610.0,""lower_wick_fraction"":0.13829787234042554,""move_atr"":1.7429195257440018,""move_points"":35.0,""open"":7616.5,""snapshot_time"":""2026-08-03T14:42:00+05:30"",""upper_wick_fraction"":0.11702127659574468,""volume"":21854.0},""close"":7651.5,""trend"":{""ema_ref"":7449.957205297324,""ema_slow"":7500.628601816939,""hma_order"":""BUY"",""hma_spread_atr"":4.264581922200843}},{""atr"":20.21830211891878,""bar"":{""body_fraction"":0.8181818181818182,""close"":7633.5,""close_position"":0.18181818181818185,""direction"":""DOWN"",""high"":7651.5,""low"":7629.5,""lower_wick_fraction"":0.18181818181818185,""move_atr"":-0.8902824724909488,""move_points"":-18.0,""open"":7651.5,""snapshot_time"":""2026-08-03T14:45:00+05:30"",""upper_wick_fraction"":0.0,""volume"":13227.0},""close"":7633.5,""trend"":{""ema_ref"":7451.783501762028,""ema_slow"":7503.259718612644,""hma_order"":""BUY"",""hma_spread_atr"":4.616096239607588}},{""atr"":19.559851967567436,""bar"":{""body_fraction"":0.5,""close"":7639.0,""close_position"":0.5,""direction"":""UP"",""high"":7644.5,""low"":7633.5,""lower_wick_fraction"":0.0,""move_atr"":0.28118822213581446,""move_points"":5.5,""open"":7633.5,""snapshot_time"":""2026-08-03T14:48:00+05:30"",""upper_wick_fraction"":0.5,""volume"":5677.0},""close"":7639.0,""trend"":{""ema_ref"":7453.646352490765,""ema_slow"":7505.947644976751,""hma_order"":""BUY"",""hma_spread_atr"":5.052954982818903}},{""atr"":20.01986254131262,""bar"":{""body_fraction"":0.9230769230769232,""close"":7615.5,""close_position"":0.057692307692307696,""direction"":""DOWN"",""high"":7640.0,""low"":7614.0,""lower_wick_fraction"":0.057692307692307696,""move_atr"":-1.198809429908624,""move_points"":-24.0,""open"":7639.5,""snapshot_time"":""2026-08-03T14:51:00+05:30"",""upper_wick_fraction"":0.019230769230769232,""volume"":10297.0},""close"":7615.5,""trend"":{""ema_ref"":7455.256836545584,""ema_slow"":7508.116998541567,""hma_order"":""BUY"",""hma_spread_atr"":4.803089659273621}}],""last_observation_hash"":""63375290906fa179b48fed1c855220f31433d1570a26fa08b473c8b7a6d95259"",""last_snapshot_time"":""2026-08-03T14:51:00+05:30"",""observation"":{""compression_box_high"":null,""compression_box_low"":null,""compression_candidate_bars"":0,""current_state"":""ORDERLY_UPTREND"",""established_side"":""UP"",""exhaustion_active"":true,""exhaustion_age_bars"":2,""exhaustion_clear_bars"":0,""exhaustion_last_seen_at"":""2026-08-03T14:51:00+05:30"",""exhaustion_side"":""UP"",""exhaustion_started_at"":""2026-08-03T14:48:00+05:30"",""failure_breach_bars"":0,""last_close"":7615.5,""last_reason_codes"":[""ESTABLISHED_DIRECTIONAL_CONTEXT_RETAINED"",""OBSERVATION_PROPOSAL_MATCHED_CURRENT"",""OBSERVATION_STATE_ORDERLY_UPTREND""],""last_snapshot_time"":""2026-08-03T14:51:00+05:30"",""leg_age_bars"":12,""leg_anchor_price"":7575.0,""leg_anchor_time"":""2026-08-03T14:18:00+05:30"",""leg_extreme_price"":7657.0,""leg_maturity_consumed"":false,""leg_maturity_extreme_price"":null,""leg_maturity_onset_time"":null,""leg_no_progress_bars"":3,""observation_count"":113,""pending_bars"":0,""pending_state"":null,""protection_level"":7575.0,""protection_source"":""INITIAL_DIRECTIONAL_ANCHOR"",""protection_time"":""2026-08-03T14:18:00+05:30"",""pullback_age_bars"":0,""pullback_candidate_bars"":0,""pullback_extreme_price"":null,""reacceleration_age_bars"":2,""recompression_age_bars"":0,""reversal_confirmation_bars"":0,""reversal_side"":""UP"",""state_age_bars"":9,""trading_day"":""2026-08-03"",""trend_anchor_price"":7575.0,""trend_candidate_bars"":13,""trend_candidate_side"":""UP"",""trend_extreme_price"":7657.0,""trend_failure_age_bars"":0,""trend_onset_time"":""2026-08-03T14:18:00+05:30""},""symbol"":""ABB"",""trading_day"":""2026-08-03""}"
restoration-v3-current-day,development,restoration-trend-control-v3,backtest-default,OK,,,,ABB,2026-08-03,2026-08-03T14:54:00+05:30,2026-08-03T14:51:00+05:30,SNAPSHOT_AUCTION_AUTHORITY_V3A,3m,True,True,7611.0,2026-08-03T14:54:00,7615.0,7618.0,7601.0,7611.0,9447.0,19.804158074076007,EXPANDING_RANGE,SELL,candidate_boundaries_or_midpoint_still_drifting,RANGE_ACCEPTED,DYNAMIC:2026-08-03T13:00:00+05:30:2026-08-03T13:18:00+05:30,7492.5,7526.0,32,ok,DOWN_ACCELERATING,-0.7069222507533025,-0.5112562706340849,OK,INCREMENTAL_PREVIOUS_SNAPSHOT,AUTOTRADES_AUCTION_ENGINE,1.1.0,,,ORDERLY_UPTREND,UP,UP,False,True,True,UP,True,False,False,7575.0,INITIAL_DIRECTIONAL_ANCHOR,2026-08-03T14:18:00+05:30,DYNAMIC:2026-08-03T13:00:00+05:30:2026-08-03T13:18:00+05:30,7492.5,7526.0,False,3.537313432835821,0.0297029702970297,PRICE_ACTION,0.66524064171123,ESTABLISHED_DIRECTIONAL_CONTEXT_RETAINED|OBSERVATION_PROPOSAL_MATCHED_CURRENT|OBSERVATION_STATE_ORDERLY_UPTREND|OBJECTIVE_REJECTION_OBSERVED|OBJECTIVE_ACCEPTED_RANGE_GEOMETRY_PRESENT|OBJECTIVE_TREND_PROTECTION_GEOMETRY_PRESENT,DIR:ABB:2026-08-03:007:DOWN:145100,REVERSAL_LEG,REVERSAL_LEG,DOWN,REVERSAL_EVENT_HANDOFF,DIR:ABB:2026-08-03:006:UP:133300,DIR:ABB:2026-08-03:006:UP:133300:DIRECTIONAL_REVERSAL_CONFIRMED:145100,2026-08-03T14:51:00+05:30,2026-08-03T14:51:00+05:30,2,7615.5,7601.0,2026-08-03T14:54:00+05:30,,,7629.5,EPISODE_PRICE_ACTION_FIRST_ADVERSE_BAR:BAR_LOW,2026-08-03T14:45:00+05:30,0,0.2272250091707044,0,False,REVERSAL_LEG_DIRECTIONAL_PROGRESS,7,UNKNOWN,0,0,0,0,0,ORDERLY_UPTREND,2026-08-03T14:54:00+05:30,REVERSAL_LEG_DIRECTIONAL_PROGRESS,,NONE,NONE,0,,,,,,UNKNOWN,0,0,0,0,False,False,NO_QUALIFIED_ACCEPTED_RANGE,0,,,,,,0,,,,,CONFLICT,MATCH,MATCH,CONFLICT,False,0,False,False,False,True,EPISODE_TREND_CONFLICT,TRANSITIONAL_CONFLICT,[],[],"{""accepted_range_breakout_eligible"":true,""accepted_range_established_at"":""2026-08-03T13:18:00+05:30"",""accepted_range_high"":7526.0,""accepted_range_id"":""DYNAMIC:2026-08-03T13:00:00+05:30:2026-08-03T13:18:00+05:30"",""accepted_range_inside"":false,""accepted_range_low"":7492.5,""accepted_range_outside_atr"":4.292027951002194,""accepted_range_position"":3.537313432835821,""accepted_range_provisional"":false,""atr"":19.804158074076007,""close"":7611.0,""current_leg_mature"":false,""directional_bias"":""UP"",""directional_efficiency"":0.0297029702970297,""directional_efficiency_source"":""PRICE_ACTION"",""exhausted_side"":""UP"",""exhaustion_active"":true,""extension_mature"":true,""failed_extreme_observed"":false,""high"":7618.0,""low"":7601.0,""observation_state"":""ORDERLY_UPTREND"",""overlap_ratio"":0.66524064171123,""range_width_atr"":1.6915639571596883,""rejection_observed"":true,""snapshot_time"":""2026-08-03T14:54:00+05:30"",""source_reason_codes"":[""ESTABLISHED_DIRECTIONAL_CONTEXT_RETAINED"",""OBSERVATION_PROPOSAL_MATCHED_CURRENT"",""OBSERVATION_STATE_ORDERLY_UPTREND"",""OBJECTIVE_REJECTION_OBSERVED"",""OBJECTIVE_ACCEPTED_RANGE_GEOMETRY_PRESENT"",""OBJECTIVE_TREND_PROTECTION_GEOMETRY_PRESENT""],""structural_failure_confirmed"":false,""symbol"":""ABB"",""trading_day"":""2026-08-03"",""trend_direction"":""UP"",""trend_protection_level"":7575.0,""trend_protection_source"":""INITIAL_DIRECTIONAL_ANCHOR"",""trend_protection_time"":""2026-08-03T14:18:00+05:30""}","{""continuation_failure_seen"":false,""continuation_failure_time"":null,""current_state"":""REVERSAL_LEG"",""direction"":""DOWN"",""episode_id"":""DIR:ABB:2026-08-03:007:DOWN:145100"",""extreme_price"":7601.0,""extreme_time"":""2026-08-03T14:54:00+05:30"",""first_adverse_bar_close"":null,""first_adverse_bar_level"":null,""first_adverse_bar_time"":null,""origin_event_id"":""DIR:ABB:2026-08-03:006:UP:133300:DIRECTIONAL_REVERSAL_CONFIRMED:145100"",""origin_price"":7615.5,""origin_source"":""REVERSAL_EVENT_HANDOFF"",""parent_episode_id"":""DIR:ABB:2026-08-03:006:UP:133300"",""previous_state"":""REVERSAL_LEG"",""protection_level"":null,""protection_source"":"""",""reason_codes"":[""REVERSAL_LEG_DIRECTIONAL_PROGRESS""],""rejection_seen"":false,""reversal_confirmation_breach_closes"":0,""reversal_confirmation_level"":7629.5,""reversal_confirmation_level_time"":""2026-08-03T14:45:00+05:30"",""reversal_confirmation_source"":""EPISODE_PRICE_ACTION_FIRST_ADVERSE_BAR:BAR_LOW"",""reversal_leg_failure_closes"":0,""reversal_leg_progress_atr"":0.2272250091707044,""reversal_leg_progress_bars"":0,""started_at"":""2026-08-03T14:51:00+05:30"",""state_age_bars"":2,""state_started_at"":""2026-08-03T14:51:00+05:30""}","{""attempt_limit_reached"":false,""candidate_bar_expansion_count"":0,""candidate_high"":null,""candidate_last_valid_at"":null,""candidate_low"":null,""candidate_merge_count"":0,""containment_bars"":0,""containment_ratio"":0.0,""current_state"":""NONE"",""down_escape_attempt_count"":0,""episode_id"":null,""escape_attempt_count"":0,""escape_direction"":""UNKNOWN"",""failed_escape_count"":0,""forming_bars_observed"":0,""forming_invalid_bars"":0,""frozen_high"":null,""frozen_low"":null,""last_escape_direction"":""UNKNOWN"",""last_escape_failed_at"":null,""last_escape_started_at"":null,""marginal_excursion_bars"":0,""meaningful_escape_bars"":0,""outside_close_count"":0,""previous_state"":""NONE"",""range_id"":null,""rearm_bars_elapsed"":0,""rearm_inside_close_count"":0,""rearm_required"":false,""reason_codes"":[""NO_QUALIFIED_ACCEPTED_RANGE""],""reentry_close_count"":0,""source_range_ids"":[],""started_at"":null,""state_age_bars"":0,""state_started_at"":null,""up_escape_attempt_count"":0}","{""balance_attempt_limit_reached"":false,""balance_candidate_bar_expansion_count"":0,""balance_candidate_merge_count"":0,""balance_containment_ratio"":0.0,""balance_down_escape_attempt_count"":0,""balance_escape_attempt_count"":0,""balance_failed_escape_count"":0,""balance_forming_bars_observed"":0,""balance_forming_invalid_bars"":0,""balance_last_escape_direction"":""UNKNOWN"",""balance_last_escape_failed_at"":null,""balance_last_escape_started_at"":null,""balance_marginal_excursion_bars"":0,""balance_meaningful_escape_bars"":0,""balance_rearm_bars_elapsed"":0,""balance_rearm_inside_close_count"":0,""balance_rearm_required"":false,""balance_up_escape_attempt_count"":0,""directional_origin_event_id"":""DIR:ABB:2026-08-03:006:UP:133300:DIRECTIONAL_REVERSAL_CONFIRMED:145100"",""directional_origin_source"":""REVERSAL_EVENT_HANDOFF"",""directional_parent_episode_id"":""DIR:ABB:2026-08-03:006:UP:133300"",""directional_reversal_watch_age_bars"":0,""directional_start_candidate_bars"":0,""directional_start_candidate_side"":""UNKNOWN"",""observation_accepted_range_id"":""DYNAMIC:2026-08-03T13:00:00+05:30:2026-08-03T13:18:00+05:30"",""observation_current_leg_mature"":false,""observation_directional_bias"":""UP"",""observation_exhaustion_active"":true,""observation_state"":""ORDERLY_UPTREND""}","{""balance"":{""attempt_limit_reached"":false,""candidate_bar_expansion_count"":0,""candidate_high"":null,""candidate_last_valid_at"":null,""candidate_low"":null,""candidate_merge_count"":0,""containment_bars"":0,""down_escape_attempt_count"":0,""emitted_event_ids"":[""BAL:ABB:2026-08-03:001:NEUTRAL:100600:BALANCE_COMPLETED:105400"",""BAL:ABB:2026-08-03:001:NEUTRAL:100600:BALANCE_ESCAPE_ACCEPTED:105100"",""BAL:ABB:2026-08-03:001:NEUTRAL:100600:BALANCE_ESCAPE_STARTED:104800"",""BAL:ABB:2026-08-03:001:NEUTRAL:100600:BALANCE_FORMING_STARTED:100600"",""BAL:ABB:2026-08-03:001:NEUTRAL:100600:BALANCE_LOCKED:102700"",""BAL:ABB:2026-08-03:001:NEUTRAL:100600:BALANCE_PROBABLE:101800"",""BAL:ABB:2026-08-03:002:NEUTRAL:112100:BALANCE_COMPLETED:113000"",""BAL:ABB:2026-08-03:002:NEUTRAL:112100:BALANCE_FORMING_STARTED:112100"",""BAL:ABB:2026-08-03:003:NEUTRAL:114800:BALANCE_COMPLETED:115400"",""BAL:ABB:2026-08-03:003:NEUTRAL:114800:BALANCE_FORMING_STARTED:114800"",""BAL:ABB:2026-08-03:004:NEUTRAL:122400:BALANCE_COMPLETED:125400"",""BAL:ABB:2026-08-03:004:NEUTRAL:122400:BALANCE_ESCAPE_ACCEPTED:125100"",""BAL:ABB:2026-08-03:004:NEUTRAL:122400:BALANCE_ESCAPE_STARTED:124800"",""BAL:ABB:2026-08-03:004:NEUTRAL:122400:BALANCE_FORMING_STARTED:122400"",""BAL:ABB:2026-08-03:004:NEUTRAL:122400:BALANCE_LOCKED:124500"",""BAL:ABB:2026-08-03:004:NEUTRAL:122400:BALANCE_PROBABLE:123600"",""BAL:ABB:2026-08-03:005:NEUTRAL:132100:BALANCE_COMPLETED:135400"",""BAL:ABB:2026-08-03:005:NEUTRAL:132100:BALANCE_ESCAPE_ACCEPTED:135100"",""BAL:ABB:2026-08-03:005:NEUTRAL:132100:BALANCE_ESCAPE_STARTED:134800"",""BAL:ABB:2026-08-03:005:NEUTRAL:132100:BALANCE_FORMING_STARTED:132100"",""BAL:ABB:2026-08-03:005:NEUTRAL:132100:BALANCE_LOCKED:134200"",""BAL:ABB:2026-08-03:005:NEUTRAL:132100:BALANCE_PROBABLE:133300""],""episode_id"":null,""escape_attempt_count"":0,""escape_direction"":""UNKNOWN"",""failed_escape_count"":0,""forming_bars_observed"":0,""forming_invalid_bars"":0,""frozen_high"":null,""frozen_low"":null,""last_escape_direction"":""UNKNOWN"",""last_escape_failed_at"":null,""last_escape_started_at"":null,""last_reason_codes"":[""NO_QUALIFIED_ACCEPTED_RANGE""],""marginal_excursion_bars"":0,""meaningful_escape_bars"":0,""outside_close_count"":0,""range_id"":null,""rearm_bars_elapsed"":0,""rearm_inside_close_count"":0,""rearm_required"":false,""reentry_close_count"":0,""sequence"":5,""source_range_ids"":[],""started_at"":null,""state"":""NONE"",""state_age_bars"":0,""state_started_at"":null,""up_escape_attempt_count"":0},""directional"":{""continuation_failure_progress_bars"":0,""continuation_failure_seen"":false,""continuation_failure_seen_at"":null,""direction"":""DOWN"",""emitted_event_ids"":[""DIR:ABB:2026-08-03:001:DOWN:101500:DIRECTIONAL_COMPLETED:105100"",""DIR:ABB:2026-08-03:001:DOWN:101500:DIRECTIONAL_STARTED:101500"",""DIR:ABB:2026-08-03:002:UP:110000:DIRECTIONAL_COMPLETED:113900"",""DIR:ABB:2026-08-03:002:UP:110000:DIRECTIONAL_MATURED:110300"",""DIR:ABB:2026-08-03:002:UP:110000:DIRECTIONAL_REVERSAL_CONFIRMED:113900"",""DIR:ABB:2026-08-03:002:UP:110000:DIRECTIONAL_STARTED:110000"",""DIR:ABB:2026-08-03:002:UP:110000:REVERSAL_WATCH_STARTED:110600"",""DIR:ABB:2026-08-03:003:DOWN:113900:DIRECTIONAL_COMPLETED:115400"",""DIR:ABB:2026-08-03:003:DOWN:113900:DIRECTIONAL_REVERSAL_LEG_FAILED:115400"",""DIR:ABB:2026-08-03:003:DOWN:113900:DIRECTIONAL_REVERSAL_LEG_STARTED:113900"",""DIR:ABB:2026-08-03:004:UP:120000:DIRECTIONAL_COMPLETED:124500"",""DIR:ABB:2026-08-03:004:UP:120000:DIRECTIONAL_CONTINUATION_CONFIRMED:123300"",""DIR:ABB:2026-08-03:004:UP:120000:DIRECTIONAL_MATURED:120300"",""DIR:ABB:2026-08-03:004:UP:120000:DIRECTIONAL_MATURED:123900"",""DIR:ABB:2026-08-03:004:UP:120000:DIRECTIONAL_REVERSAL_CONFIRMED:124500"",""DIR:ABB:2026-08-03:004:UP:120000:DIRECTIONAL_STARTED:120000"",""DIR:ABB:2026-08-03:004:UP:120000:DIRECTIONAL_TREND_RESTORED:122100"",""DIR:ABB:2026-08-03:004:UP:120000:REVERSAL_WATCH_STARTED:120600"",""DIR:ABB:2026-08-03:004:UP:120000:REVERSAL_WATCH_STARTED:124200"",""DIR:ABB:2026-08-03:005:DOWN:124500:DIRECTIONAL_COMPLETED:133300"",""DIR:ABB:2026-08-03:005:DOWN:124500:DIRECTIONAL_MATURED:125700"",""DIR:ABB:2026-08-03:005:DOWN:124500:DIRECTIONAL_MATURED:131800"",""DIR:ABB:2026-08-03:005:DOWN:124500:DIRECTIONAL_REVERSAL_CONFIRMED:133300"",""DIR:ABB:2026-08-03:005:DOWN:124500:DIRECTIONAL_REVERSAL_LEG_ESTABLISHED:125100"",""DIR:ABB:2026-08-03:005:DOWN:124500:DIRECTIONAL_REVERSAL_LEG_STARTED:124500"",""DIR:ABB:2026-08-03:005:DOWN:124500:DIRECTIONAL_TREND_RESTORED:131500"",""DIR:ABB:2026-08-03:005:DOWN:124500:REVERSAL_WATCH_STARTED:130000"",""DIR:ABB:2026-08-03:005:DOWN:124500:REVERSAL_WATCH_STARTED:132100"",""DIR:ABB:2026-08-03:006:UP:133300:DIRECTIONAL_COMPLETED:145100"",""DIR:ABB:2026-08-03:006:UP:133300:DIRECTIONAL_MATURED:142100"",""DIR:ABB:2026-08-03:006:UP:133300:DIRECTIONAL_REVERSAL_CONFIRMED:145100"",""DIR:ABB:2026-08-03:006:UP:133300:DIRECTIONAL_REVERSAL_LEG_ESTABLISHED:135100"",""DIR:ABB:2026-08-03:006:UP:133300:DIRECTIONAL_REVERSAL_LEG_STARTED:133300"",""DIR:ABB:2026-08-03:006:UP:133300:REVERSAL_WATCH_STARTED:142700"",""DIR:ABB:2026-08-03:007:DOWN:145100:DIRECTIONAL_REVERSAL_LEG_STARTED:145100""],""episode_id"":""DIR:ABB:2026-08-03:007:DOWN:145100"",""extreme_price"":7601.0,""extreme_time"":""2026-08-03T14:54:00+05:30"",""first_adverse_bar_close"":null,""first_adverse_bar_level"":null,""first_adverse_bar_time"":null,""inactive_bars"":0,""last_close"":7611.0,""last_observation_state"":""ORDERLY_UPTREND"",""last_observation_state_time"":""2026-08-03T14:54:00+05:30"",""last_reason_codes"":[""REVERSAL_LEG_DIRECTIONAL_PROGRESS""],""opposite_control_bars"":0,""origin_event_id"":""DIR:ABB:2026-08-03:006:UP:133300:DIRECTIONAL_REVERSAL_CONFIRMED:145100"",""origin_price"":7615.5,""origin_source"":""REVERSAL_EVENT_HANDOFF"",""parent_episode_id"":""DIR:ABB:2026-08-03:006:UP:133300"",""protection_level"":null,""protection_source"":"""",""protection_time"":null,""rejection_seen"":false,""rejection_seen_at"":null,""reversal_confirmation_breach_closes"":0,""reversal_confirmation_level"":7629.5,""reversal_confirmation_level_time"":""2026-08-03T14:45:00+05:30"",""reversal_confirmation_source"":""EPISODE_PRICE_ACTION_FIRST_ADVERSE_BAR:BAR_LOW"",""reversal_leg_failure_closes"":0,""reversal_leg_progress_atr"":0.2272250091707044,""reversal_leg_progress_bars"":0,""reversal_watch_age_bars"":0,""sequence"":7,""start_candidate_bars"":0,""start_candidate_side"":""UNKNOWN"",""started_at"":""2026-08-03T14:51:00+05:30"",""state"":""REVERSAL_LEG"",""state_age_bars"":2,""state_started_at"":""2026-08-03T14:51:00+05:30"",""trend_restore_bars"":0},""evidence_history"":[{""atr"":17.365370400831004,""bar"":{""body_fraction"":0.1904761904761905,""close"":7580.0,""close_position"":0.1904761904761905,""direction"":""DOWN"",""high"":7597.0,""low"":7576.0,""lower_wick_fraction"":0.1904761904761905,""move_atr"":-0.23034348865997029,""move_points"":-4.0,""open"":7584.0,""snapshot_time"":""2026-08-03T14:21:00+05:30"",""upper_wick_fraction"":0.6190476190476191,""volume"":4726.0},""close"":7580.0,""trend"":{""ema_ref"":7438.644713044393,""ema_slow"":7484.736952938348,""hma_order"":""BUY"",""hma_spread_atr"":4.2370873120904715}},{""atr"":17.232129657914506,""bar"":{""body_fraction"":0.3870967741935484,""close"":7586.0,""close_position"":0.8064516129032258,""direction"":""UP"",""high"":7589.0,""low"":7573.5,""lower_wick_fraction"":0.41935483870967744,""move_atr"":0.3481867951965109,""move_points"":6.0,""open"":7580.0,""snapshot_time"":""2026-08-03T14:24:00+05:30"",""upper_wick_fraction"":0.1935483870967742,""volume"":6875.0},""close"":7586.0,""trend"":{""ema_ref"":7440.110934805146,""ema_slow"":7486.742161791054,""hma_order"":""BUY"",""hma_spread_atr"":4.163220835630379}},{""atr"":16.67983468234918,""bar"":{""body_fraction"":0.3684210526315789,""close"":7582.5,""close_position"":0.631578947368421,""direction"":""DOWN"",""high"":7586.0,""low"":7576.5,""lower_wick_fraction"":0.631578947368421,""move_atr"":-0.20983421398676969,""move_points"":-3.5,""open"":7586.0,""snapshot_time"":""2026-08-03T14:27:00+05:30"",""upper_wick_fraction"":0.0,""volume"":4720.0},""close"":7582.5,""trend"":{""ema_ref"":7441.527741424001,""ema_slow"":7488.638356607073,""hma_order"":""BUY"",""hma_spread_atr"":4.229857338926135}},{""atr"":16.524132205038526,""bar"":{""body_fraction"":0.4482758620689655,""close"":7589.5,""close_position"":1.0,""direction"":""UP"",""high"":7589.5,""low"":7575.0,""lower_wick_fraction"":0.5517241379310345,""move_atr"":0.393364076209583,""move_points"":6.5,""open"":7583.0,""snapshot_time"":""2026-08-03T14:30:00+05:30"",""upper_wick_fraction"":0.0,""volume"":5246.0},""close"":7589.5,""trend"":{""ema_ref"":7443.000102205852,""ema_slow"":7490.635616872279,""hma_order"":""BUY"",""hma_spread_atr"":4.209632345862008}},{""atr"":17.80812276182149,""bar"":{""body_fraction"":0.5362318840579711,""close"":7608.0,""close_position"":0.5362318840579711,""direction"":""UP"",""high"":7624.0,""low"":7589.5,""lower_wick_fraction"":0.0,""move_atr"":1.0388517783391416,""move_points"":18.5,""open"":7589.5,""snapshot_time"":""2026-08-03T14:33:00+05:30"",""upper_wick_fraction"":0.463768115942029,""volume"":22441.0},""close"":7608.0,""trend"":{""ema_ref"":7444.641892233655,""ema_slow"":7492.959664062927,""hma_order"":""BUY"",""hma_spread_atr"":4.010061767358477}},{""atr"":17.857542564548528,""bar"":{""body_fraction"":0.13513513513513514,""close"":7605.0,""close_position"":0.8108108108108109,""direction"":""DOWN"",""high"":7608.5,""low"":7590.0,""lower_wick_fraction"":0.8108108108108109,""move_atr"":-0.13999686636408165,""move_points"":-2.5,""open"":7607.5,""snapshot_time"":""2026-08-03T14:36:00+05:30"",""upper_wick_fraction"":0.05405405405405406,""volume"":10062.0},""close"":7605.0,""trend"":{""ema_ref"":7446.237495296007,""ema_slow"":7495.178284576532,""hma_order"":""BUY"",""hma_spread_atr"":4.1156149170575835}},{""atr"":18.010575238509347,""bar"":{""body_fraction"":0.575,""close"":7616.5,""close_position"":0.825,""direction"":""UP"",""high"":7620.0,""low"":7600.0,""lower_wick_fraction"":0.25,""move_atr"":0.6385137535980112,""move_points"":11.5,""open"":7605.0,""snapshot_time"":""2026-08-03T14:39:00+05:30"",""upper_wick_fraction"":0.175,""volume"":9804.0},""close"":7616.5,""trend"":{""ema_ref"":7447.9316495716685,""ema_slow"":7497.580694782938,""hma_order"":""BUY"",""hma_spread_atr"":4.254349339607453}},{""atr"":20.08124843575868,""bar"":{""body_fraction"":0.7446808510638298,""close"":7651.5,""close_position"":0.8829787234042553,""direction"":""UP"",""high"":7657.0,""low"":7610.0,""lower_wick_fraction"":0.13829787234042554,""move_atr"":1.7429195257440018,""move_points"":35.0,""open"":7616.5,""snapshot_time"":""2026-08-03T14:42:00+05:30"",""upper_wick_fraction"":0.11702127659574468,""volume"":21854.0},""close"":7651.5,""trend"":{""ema_ref"":7449.957205297324,""ema_slow"":7500.628601816939,""hma_order"":""BUY"",""hma_spread_atr"":4.264581922200843}},{""atr"":20.21830211891878,""bar"":{""body_fraction"":0.8181818181818182,""close"":7633.5,""close_position"":0.18181818181818185,""direction"":""DOWN"",""high"":7651.5,""low"":7629.5,""lower_wick_fraction"":0.18181818181818185,""move_atr"":-0.8902824724909488,""move_points"":-18.0,""open"":7651.5,""snapshot_time"":""2026-08-03T14:45:00+05:30"",""upper_wick_fraction"":0.0,""volume"":13227.0},""close"":7633.5,""trend"":{""ema_ref"":7451.783501762028,""ema_slow"":7503.259718612644,""hma_order"":""BUY"",""hma_spread_atr"":4.616096239607588}},{""atr"":19.559851967567436,""bar"":{""body_fraction"":0.5,""close"":7639.0,""close_position"":0.5,""direction"":""UP"",""high"":7644.5,""low"":7633.5,""lower_wick_fraction"":0.0,""move_atr"":0.28118822213581446,""move_points"":5.5,""open"":7633.5,""snapshot_time"":""2026-08-03T14:48:00+05:30"",""upper_wick_fraction"":0.5,""volume"":5677.0},""close"":7639.0,""trend"":{""ema_ref"":7453.646352490765,""ema_slow"":7505.947644976751,""hma_order"":""BUY"",""hma_spread_atr"":5.052954982818903}},{""atr"":20.01986254131262,""bar"":{""body_fraction"":0.9230769230769232,""close"":7615.5,""close_position"":0.057692307692307696,""direction"":""DOWN"",""high"":7640.0,""low"":7614.0,""lower_wick_fraction"":0.057692307692307696,""move_atr"":-1.198809429908624,""move_points"":-24.0,""open"":7639.5,""snapshot_time"":""2026-08-03T14:51:00+05:30"",""upper_wick_fraction"":0.019230769230769232,""volume"":10297.0},""close"":7615.5,""trend"":{""ema_ref"":7455.256836545584,""ema_slow"":7508.116998541567,""hma_order"":""BUY"",""hma_spread_atr"":4.803089659273621}},{""atr"":19.804158074076007,""bar"":{""body_fraction"":0.2352941176470588,""close"":7611.0,""close_position"":0.5882352941176471,""direction"":""DOWN"",""high"":7618.0,""low"":7601.0,""lower_wick_fraction"":0.5882352941176471,""move_atr"":-0.201977785929515,""move_points"":-4.0,""open"":7615.0,""snapshot_time"":""2026-08-03T14:54:00+05:30"",""upper_wick_fraction"":0.17647058823529413,""volume"":9447.0},""close"":7611.0,""trend"":{""ema_ref"":7456.806519764035,""ema_slow"":7510.15428569916,""hma_order"":""BUY"",""hma_spread_atr"":4.431433696938433}}],""last_observation_hash"":""bb49caf3b1178285f7349cf09fbf92350cf2ad0dff8c7b54d5cb600578381f06"",""last_snapshot_time"":""2026-08-03T14:54:00+05:30"",""observation"":{""compression_box_high"":null,""compression_box_low"":null,""compression_candidate_bars"":0,""current_state"":""ORDERLY_UPTREND"",""established_side"":""UP"",""exhaustion_active"":true,""exhaustion_age_bars"":3,""exhaustion_clear_bars"":0,""exhaustion_last_seen_at"":""2026-08-03T14:54:00+05:30"",""exhaustion_side"":""UP"",""exhaustion_started_at"":""2026-08-03T14:48:00+05:30"",""failure_breach_bars"":0,""last_close"":7611.0,""last_reason_codes"":[""ESTABLISHED_DIRECTIONAL_CONTEXT_RETAINED"",""OBSERVATION_PROPOSAL_MATCHED_CURRENT"",""OBSERVATION_STATE_ORDERLY_UPTREND""],""last_snapshot_time"":""2026-08-03T14:54:00+05:30"",""leg_age_bars"":13,""leg_anchor_price"":7575.0,""leg_anchor_time"":""2026-08-03T14:18:00+05:30"",""leg_extreme_price"":7657.0,""leg_maturity_consumed"":false,""leg_maturity_extreme_price"":null,""leg_maturity_onset_time"":null,""leg_no_progress_bars"":4,""observation_count"":114,""pending_bars"":0,""pending_state"":null,""protection_level"":7575.0,""protection_source"":""INITIAL_DIRECTIONAL_ANCHOR"",""protection_time"":""2026-08-03T14:18:00+05:30"",""pullback_age_bars"":0,""pullback_candidate_bars"":0,""pullback_extreme_price"":null,""reacceleration_age_bars"":2,""recompression_age_bars"":0,""reversal_confirmation_bars"":0,""reversal_side"":""UP"",""state_age_bars"":10,""trading_day"":""2026-08-03"",""trend_anchor_price"":7575.0,""trend_candidate_bars"":12,""trend_candidate_side"":""UP"",""trend_extreme_price"":7657.0,""trend_failure_age_bars"":0,""trend_onset_time"":""2026-08-03T14:18:00+05:30""},""symbol"":""ABB"",""trading_day"":""2026-08-03""}"
restoration-v3-current-day,development,restoration-trend-control-v3,backtest-default,OK,,,,ABB,2026-08-03,2026-08-03T14:57:00+05:30,2026-08-03T14:54:00+05:30,SNAPSHOT_AUCTION_AUTHORITY_V3A,3m,True,True,7610.0,2026-08-03T14:57:00,7611.0,7614.5,7608.0,7610.0,6626.0,18.853861068784862,BALANCE_QUALIFIED,SELL,dynamic_balance_waiting_for_stable_historical_cutoff,RANGE_ACCEPTED,DYNAMIC:2026-08-03T13:00:00+05:30:2026-08-03T13:18:00+05:30,7492.5,7526.0,33,ok,DOWN_SLOWING,-0.1458587177431258,-0.3116072606330415,OK,INCREMENTAL_PREVIOUS_SNAPSHOT,AUTOTRADES_AUCTION_ENGINE,1.1.0,,,ORDERLY_UPTREND,UP,UP,False,True,True,UP,True,False,False,7575.0,INITIAL_DIRECTIONAL_ANCHOR,2026-08-03T14:18:00+05:30,DYNAMIC:2026-08-03T13:00:00+05:30:2026-08-03T13:18:00+05:30,7492.5,7526.0,False,3.5074626865671643,0.050505050505050504,PRICE_ACTION,0.76524064171123,ESTABLISHED_DIRECTIONAL_CONTEXT_RETAINED|OBSERVATION_PROPOSAL_MATCHED_CURRENT|OBSERVATION_STATE_ORDERLY_UPTREND|OBJECTIVE_REJECTION_OBSERVED|OBJECTIVE_ACCEPTED_RANGE_GEOMETRY_PRESENT|OBJECTIVE_TREND_PROTECTION_GEOMETRY_PRESENT,DIR:ABB:2026-08-03:007:DOWN:145100,REVERSAL_LEG,REVERSAL_LEG,DOWN,REVERSAL_EVENT_HANDOFF,DIR:ABB:2026-08-03:006:UP:133300,DIR:ABB:2026-08-03:006:UP:133300:DIRECTIONAL_REVERSAL_CONFIRMED:145100,2026-08-03T14:51:00+05:30,2026-08-03T14:51:00+05:30,3,7615.5,7601.0,2026-08-03T14:54:00+05:30,,,7629.5,EPISODE_PRICE_ACTION_FIRST_ADVERSE_BAR:BAR_LOW,2026-08-03T14:45:00+05:30,0,0.2917174354862516,0,False,REVERSAL_LEG_DIRECTIONAL_PROGRESS,7,UNKNOWN,0,0,0,0,0,ORDERLY_UPTREND,2026-08-03T14:57:00+05:30,REVERSAL_LEG_DIRECTIONAL_PROGRESS,,NONE,NONE,0,,,,,,UNKNOWN,0,0,0,0,False,False,NO_QUALIFIED_ACCEPTED_RANGE,0,,,,,,0,,,,,CONFLICT,MATCH,MATCH,CONFLICT,False,0,False,False,False,True,EPISODE_TREND_CONFLICT,TRANSITIONAL_CONFLICT,[],[],"{""accepted_range_breakout_eligible"":true,""accepted_range_established_at"":""2026-08-03T13:18:00+05:30"",""accepted_range_high"":7526.0,""accepted_range_id"":""DYNAMIC:2026-08-03T13:00:00+05:30:2026-08-03T13:18:00+05:30"",""accepted_range_inside"":false,""accepted_range_low"":7492.5,""accepted_range_outside_atr"":4.4553208328809335,""accepted_range_position"":3.5074626865671643,""accepted_range_provisional"":false,""atr"":18.853861068784862,""close"":7610.0,""current_leg_mature"":false,""directional_bias"":""UP"",""directional_efficiency"":0.050505050505050504,""directional_efficiency_source"":""PRICE_ACTION"",""exhausted_side"":""UP"",""exhaustion_active"":true,""extension_mature"":true,""failed_extreme_observed"":false,""high"":7614.5,""low"":7608.0,""observation_state"":""ORDERLY_UPTREND"",""overlap_ratio"":0.76524064171123,""range_width_atr"":1.7768243797798962,""rejection_observed"":true,""snapshot_time"":""2026-08-03T14:57:00+05:30"",""source_reason_codes"":[""ESTABLISHED_DIRECTIONAL_CONTEXT_RETAINED"",""OBSERVATION_PROPOSAL_MATCHED_CURRENT"",""OBSERVATION_STATE_ORDERLY_UPTREND"",""OBJECTIVE_REJECTION_OBSERVED"",""OBJECTIVE_ACCEPTED_RANGE_GEOMETRY_PRESENT"",""OBJECTIVE_TREND_PROTECTION_GEOMETRY_PRESENT""],""structural_failure_confirmed"":false,""symbol"":""ABB"",""trading_day"":""2026-08-03"",""trend_direction"":""UP"",""trend_protection_level"":7575.0,""trend_protection_source"":""INITIAL_DIRECTIONAL_ANCHOR"",""trend_protection_time"":""2026-08-03T14:18:00+05:30""}","{""continuation_failure_seen"":false,""continuation_failure_time"":null,""current_state"":""REVERSAL_LEG"",""direction"":""DOWN"",""episode_id"":""DIR:ABB:2026-08-03:007:DOWN:145100"",""extreme_price"":7601.0,""extreme_time"":""2026-08-03T14:54:00+05:30"",""first_adverse_bar_close"":null,""first_adverse_bar_level"":null,""first_adverse_bar_time"":null,""origin_event_id"":""DIR:ABB:2026-08-03:006:UP:133300:DIRECTIONAL_REVERSAL_CONFIRMED:145100"",""origin_price"":7615.5,""origin_source"":""REVERSAL_EVENT_HANDOFF"",""parent_episode_id"":""DIR:ABB:2026-08-03:006:UP:133300"",""previous_state"":""REVERSAL_LEG"",""protection_level"":null,""protection_source"":"""",""reason_codes"":[""REVERSAL_LEG_DIRECTIONAL_PROGRESS""],""rejection_seen"":false,""reversal_confirmation_breach_closes"":0,""reversal_confirmation_level"":7629.5,""reversal_confirmation_level_time"":""2026-08-03T14:45:00+05:30"",""reversal_confirmation_source"":""EPISODE_PRICE_ACTION_FIRST_ADVERSE_BAR:BAR_LOW"",""reversal_leg_failure_closes"":0,""reversal_leg_progress_atr"":0.2917174354862516,""reversal_leg_progress_bars"":0,""started_at"":""2026-08-03T14:51:00+05:30"",""state_age_bars"":3,""state_started_at"":""2026-08-03T14:51:00+05:30""}","{""attempt_limit_reached"":false,""candidate_bar_expansion_count"":0,""candidate_high"":null,""candidate_last_valid_at"":null,""candidate_low"":null,""candidate_merge_count"":0,""containment_bars"":0,""containment_ratio"":0.0,""current_state"":""NONE"",""down_escape_attempt_count"":0,""episode_id"":null,""escape_attempt_count"":0,""escape_direction"":""UNKNOWN"",""failed_escape_count"":0,""forming_bars_observed"":0,""forming_invalid_bars"":0,""frozen_high"":null,""frozen_low"":null,""last_escape_direction"":""UNKNOWN"",""last_escape_failed_at"":null,""last_escape_started_at"":null,""marginal_excursion_bars"":0,""meaningful_escape_bars"":0,""outside_close_count"":0,""previous_state"":""NONE"",""range_id"":null,""rearm_bars_elapsed"":0,""rearm_inside_close_count"":0,""rearm_required"":false,""reason_codes"":[""NO_QUALIFIED_ACCEPTED_RANGE""],""reentry_close_count"":0,""source_range_ids"":[],""started_at"":null,""state_age_bars"":0,""state_started_at"":null,""up_escape_attempt_count"":0}","{""balance_attempt_limit_reached"":false,""balance_candidate_bar_expansion_count"":0,""balance_candidate_merge_count"":0,""balance_containment_ratio"":0.0,""balance_down_escape_attempt_count"":0,""balance_escape_attempt_count"":0,""balance_failed_escape_count"":0,""balance_forming_bars_observed"":0,""balance_forming_invalid_bars"":0,""balance_last_escape_direction"":""UNKNOWN"",""balance_last_escape_failed_at"":null,""balance_last_escape_started_at"":null,""balance_marginal_excursion_bars"":0,""balance_meaningful_escape_bars"":0,""balance_rearm_bars_elapsed"":0,""balance_rearm_inside_close_count"":0,""balance_rearm_required"":false,""balance_up_escape_attempt_count"":0,""directional_origin_event_id"":""DIR:ABB:2026-08-03:006:UP:133300:DIRECTIONAL_REVERSAL_CONFIRMED:145100"",""directional_origin_source"":""REVERSAL_EVENT_HANDOFF"",""directional_parent_episode_id"":""DIR:ABB:2026-08-03:006:UP:133300"",""directional_reversal_watch_age_bars"":0,""directional_start_candidate_bars"":0,""directional_start_candidate_side"":""UNKNOWN"",""observation_accepted_range_id"":""DYNAMIC:2026-08-03T13:00:00+05:30:2026-08-03T13:18:00+05:30"",""observation_current_leg_mature"":false,""observation_directional_bias"":""UP"",""observation_exhaustion_active"":true,""observation_state"":""ORDERLY_UPTREND""}","{""balance"":{""attempt_limit_reached"":false,""candidate_bar_expansion_count"":0,""candidate_high"":null,""candidate_last_valid_at"":null,""candidate_low"":null,""candidate_merge_count"":0,""containment_bars"":0,""down_escape_attempt_count"":0,""emitted_event_ids"":[""BAL:ABB:2026-08-03:001:NEUTRAL:100600:BALANCE_COMPLETED:105400"",""BAL:ABB:2026-08-03:001:NEUTRAL:100600:BALANCE_ESCAPE_ACCEPTED:105100"",""BAL:ABB:2026-08-03:001:NEUTRAL:100600:BALANCE_ESCAPE_STARTED:104800"",""BAL:ABB:2026-08-03:001:NEUTRAL:100600:BALANCE_FORMING_STARTED:100600"",""BAL:ABB:2026-08-03:001:NEUTRAL:100600:BALANCE_LOCKED:102700"",""BAL:ABB:2026-08-03:001:NEUTRAL:100600:BALANCE_PROBABLE:101800"",""BAL:ABB:2026-08-03:002:NEUTRAL:112100:BALANCE_COMPLETED:113000"",""BAL:ABB:2026-08-03:002:NEUTRAL:112100:BALANCE_FORMING_STARTED:112100"",""BAL:ABB:2026-08-03:003:NEUTRAL:114800:BALANCE_COMPLETED:115400"",""BAL:ABB:2026-08-03:003:NEUTRAL:114800:BALANCE_FORMING_STARTED:114800"",""BAL:ABB:2026-08-03:004:NEUTRAL:122400:BALANCE_COMPLETED:125400"",""BAL:ABB:2026-08-03:004:NEUTRAL:122400:BALANCE_ESCAPE_ACCEPTED:125100"",""BAL:ABB:2026-08-03:004:NEUTRAL:122400:BALANCE_ESCAPE_STARTED:124800"",""BAL:ABB:2026-08-03:004:NEUTRAL:122400:BALANCE_FORMING_STARTED:122400"",""BAL:ABB:2026-08-03:004:NEUTRAL:122400:BALANCE_LOCKED:124500"",""BAL:ABB:2026-08-03:004:NEUTRAL:122400:BALANCE_PROBABLE:123600"",""BAL:ABB:2026-08-03:005:NEUTRAL:132100:BALANCE_COMPLETED:135400"",""BAL:ABB:2026-08-03:005:NEUTRAL:132100:BALANCE_ESCAPE_ACCEPTED:135100"",""BAL:ABB:2026-08-03:005:NEUTRAL:132100:BALANCE_ESCAPE_STARTED:134800"",""BAL:ABB:2026-08-03:005:NEUTRAL:132100:BALANCE_FORMING_STARTED:132100"",""BAL:ABB:2026-08-03:005:NEUTRAL:132100:BALANCE_LOCKED:134200"",""BAL:ABB:2026-08-03:005:NEUTRAL:132100:BALANCE_PROBABLE:133300""],""episode_id"":null,""escape_attempt_count"":0,""escape_direction"":""UNKNOWN"",""failed_escape_count"":0,""forming_bars_observed"":0,""forming_invalid_bars"":0,""frozen_high"":null,""frozen_low"":null,""last_escape_direction"":""UNKNOWN"",""last_escape_failed_at"":null,""last_escape_started_at"":null,""last_reason_codes"":[""NO_QUALIFIED_ACCEPTED_RANGE""],""marginal_excursion_bars"":0,""meaningful_escape_bars"":0,""outside_close_count"":0,""range_id"":null,""rearm_bars_elapsed"":0,""rearm_inside_close_count"":0,""rearm_required"":false,""reentry_close_count"":0,""sequence"":5,""source_range_ids"":[],""started_at"":null,""state"":""NONE"",""state_age_bars"":0,""state_started_at"":null,""up_escape_attempt_count"":0},""directional"":{""continuation_failure_progress_bars"":0,""continuation_failure_seen"":false,""continuation_failure_seen_at"":null,""direction"":""DOWN"",""emitted_event_ids"":[""DIR:ABB:2026-08-03:001:DOWN:101500:DIRECTIONAL_COMPLETED:105100"",""DIR:ABB:2026-08-03:001:DOWN:101500:DIRECTIONAL_STARTED:101500"",""DIR:ABB:2026-08-03:002:UP:110000:DIRECTIONAL_COMPLETED:113900"",""DIR:ABB:2026-08-03:002:UP:110000:DIRECTIONAL_MATURED:110300"",""DIR:ABB:2026-08-03:002:UP:110000:DIRECTIONAL_REVERSAL_CONFIRMED:113900"",""DIR:ABB:2026-08-03:002:UP:110000:DIRECTIONAL_STARTED:110000"",""DIR:ABB:2026-08-03:002:UP:110000:REVERSAL_WATCH_STARTED:110600"",""DIR:ABB:2026-08-03:003:DOWN:113900:DIRECTIONAL_COMPLETED:115400"",""DIR:ABB:2026-08-03:003:DOWN:113900:DIRECTIONAL_REVERSAL_LEG_FAILED:115400"",""DIR:ABB:2026-08-03:003:DOWN:113900:DIRECTIONAL_REVERSAL_LEG_STARTED:113900"",""DIR:ABB:2026-08-03:004:UP:120000:DIRECTIONAL_COMPLETED:124500"",""DIR:ABB:2026-08-03:004:UP:120000:DIRECTIONAL_CONTINUATION_CONFIRMED:123300"",""DIR:ABB:2026-08-03:004:UP:120000:DIRECTIONAL_MATURED:120300"",""DIR:ABB:2026-08-03:004:UP:120000:DIRECTIONAL_MATURED:123900"",""DIR:ABB:2026-08-03:004:UP:120000:DIRECTIONAL_REVERSAL_CONFIRMED:124500"",""DIR:ABB:2026-08-03:004:UP:120000:DIRECTIONAL_STARTED:120000"",""DIR:ABB:2026-08-03:004:UP:120000:DIRECTIONAL_TREND_RESTORED:122100"",""DIR:ABB:2026-08-03:004:UP:120000:REVERSAL_WATCH_STARTED:120600"",""DIR:ABB:2026-08-03:004:UP:120000:REVERSAL_WATCH_STARTED:124200"",""DIR:ABB:2026-08-03:005:DOWN:124500:DIRECTIONAL_COMPLETED:133300"",""DIR:ABB:2026-08-03:005:DOWN:124500:DIRECTIONAL_MATURED:125700"",""DIR:ABB:2026-08-03:005:DOWN:124500:DIRECTIONAL_MATURED:131800"",""DIR:ABB:2026-08-03:005:DOWN:124500:DIRECTIONAL_REVERSAL_CONFIRMED:133300"",""DIR:ABB:2026-08-03:005:DOWN:124500:DIRECTIONAL_REVERSAL_LEG_ESTABLISHED:125100"",""DIR:ABB:2026-08-03:005:DOWN:124500:DIRECTIONAL_REVERSAL_LEG_STARTED:124500"",""DIR:ABB:2026-08-03:005:DOWN:124500:DIRECTIONAL_TREND_RESTORED:131500"",""DIR:ABB:2026-08-03:005:DOWN:124500:REVERSAL_WATCH_STARTED:130000"",""DIR:ABB:2026-08-03:005:DOWN:124500:REVERSAL_WATCH_STARTED:132100"",""DIR:ABB:2026-08-03:006:UP:133300:DIRECTIONAL_COMPLETED:145100"",""DIR:ABB:2026-08-03:006:UP:133300:DIRECTIONAL_MATURED:142100"",""DIR:ABB:2026-08-03:006:UP:133300:DIRECTIONAL_REVERSAL_CONFIRMED:145100"",""DIR:ABB:2026-08-03:006:UP:133300:DIRECTIONAL_REVERSAL_LEG_ESTABLISHED:135100"",""DIR:ABB:2026-08-03:006:UP:133300:DIRECTIONAL_REVERSAL_LEG_STARTED:133300"",""DIR:ABB:2026-08-03:006:UP:133300:REVERSAL_WATCH_STARTED:142700"",""DIR:ABB:2026-08-03:007:DOWN:145100:DIRECTIONAL_REVERSAL_LEG_STARTED:145100""],""episode_id"":""DIR:ABB:2026-08-03:007:DOWN:145100"",""extreme_price"":7601.0,""extreme_time"":""2026-08-03T14:54:00+05:30"",""first_adverse_bar_close"":null,""first_adverse_bar_level"":null,""first_adverse_bar_time"":null,""inactive_bars"":0,""last_close"":7610.0,""last_observation_state"":""ORDERLY_UPTREND"",""last_observation_state_time"":""2026-08-03T14:57:00+05:30"",""last_reason_codes"":[""REVERSAL_LEG_DIRECTIONAL_PROGRESS""],""opposite_control_bars"":0,""origin_event_id"":""DIR:ABB:2026-08-03:006:UP:133300:DIRECTIONAL_REVERSAL_CONFIRMED:145100"",""origin_price"":7615.5,""origin_source"":""REVERSAL_EVENT_HANDOFF"",""parent_episode_id"":""DIR:ABB:2026-08-03:006:UP:133300"",""protection_level"":null,""protection_source"":"""",""protection_time"":null,""rejection_seen"":false,""rejection_seen_at"":null,""reversal_confirmation_breach_closes"":0,""reversal_confirmation_level"":7629.5,""reversal_confirmation_level_time"":""2026-08-03T14:45:00+05:30"",""reversal_confirmation_source"":""EPISODE_PRICE_ACTION_FIRST_ADVERSE_BAR:BAR_LOW"",""reversal_leg_failure_closes"":0,""reversal_leg_progress_atr"":0.2917174354862516,""reversal_leg_progress_bars"":0,""reversal_watch_age_bars"":0,""sequence"":7,""start_candidate_bars"":0,""start_candidate_side"":""UNKNOWN"",""started_at"":""2026-08-03T14:51:00+05:30"",""state"":""REVERSAL_LEG"",""state_age_bars"":3,""state_started_at"":""2026-08-03T14:51:00+05:30"",""trend_restore_bars"":0},""evidence_history"":[{""atr"":17.232129657914506,""bar"":{""body_fraction"":0.3870967741935484,""close"":7586.0,""close_position"":0.8064516129032258,""direction"":""UP"",""high"":7589.0,""low"":7573.5,""lower_wick_fraction"":0.41935483870967744,""move_atr"":0.3481867951965109,""move_points"":6.0,""open"":7580.0,""snapshot_time"":""2026-08-03T14:24:00+05:30"",""upper_wick_fraction"":0.1935483870967742,""volume"":6875.0},""close"":7586.0,""trend"":{""ema_ref"":7440.110934805146,""ema_slow"":7486.742161791054,""hma_order"":""BUY"",""hma_spread_atr"":4.163220835630379}},{""atr"":16.67983468234918,""bar"":{""body_fraction"":0.3684210526315789,""close"":7582.5,""close_position"":0.631578947368421,""direction"":""DOWN"",""high"":7586.0,""low"":7576.5,""lower_wick_fraction"":0.631578947368421,""move_atr"":-0.20983421398676969,""move_points"":-3.5,""open"":7586.0,""snapshot_time"":""2026-08-03T14:27:00+05:30"",""upper_wick_fraction"":0.0,""volume"":4720.0},""close"":7582.5,""trend"":{""ema_ref"":7441.527741424001,""ema_slow"":7488.638356607073,""hma_order"":""BUY"",""hma_spread_atr"":4.229857338926135}},{""atr"":16.524132205038526,""bar"":{""body_fraction"":0.4482758620689655,""close"":7589.5,""close_position"":1.0,""direction"":""UP"",""high"":7589.5,""low"":7575.0,""lower_wick_fraction"":0.5517241379310345,""move_atr"":0.393364076209583,""move_points"":6.5,""open"":7583.0,""snapshot_time"":""2026-08-03T14:30:00+05:30"",""upper_wick_fraction"":0.0,""volume"":5246.0},""close"":7589.5,""trend"":{""ema_ref"":7443.000102205852,""ema_slow"":7490.635616872279,""hma_order"":""BUY"",""hma_spread_atr"":4.209632345862008}},{""atr"":17.80812276182149,""bar"":{""body_fraction"":0.5362318840579711,""close"":7608.0,""close_position"":0.5362318840579711,""direction"":""UP"",""high"":7624.0,""low"":7589.5,""lower_wick_fraction"":0.0,""move_atr"":1.0388517783391416,""move_points"":18.5,""open"":7589.5,""snapshot_time"":""2026-08-03T14:33:00+05:30"",""upper_wick_fraction"":0.463768115942029,""volume"":22441.0},""close"":7608.0,""trend"":{""ema_ref"":7444.641892233655,""ema_slow"":7492.959664062927,""hma_order"":""BUY"",""hma_spread_atr"":4.010061767358477}},{""atr"":17.857542564548528,""bar"":{""body_fraction"":0.13513513513513514,""close"":7605.0,""close_position"":0.8108108108108109,""direction"":""DOWN"",""high"":7608.5,""low"":7590.0,""lower_wick_fraction"":0.8108108108108109,""move_atr"":-0.13999686636408165,""move_points"":-2.5,""open"":7607.5,""snapshot_time"":""2026-08-03T14:36:00+05:30"",""upper_wick_fraction"":0.05405405405405406,""volume"":10062.0},""close"":7605.0,""trend"":{""ema_ref"":7446.237495296007,""ema_slow"":7495.178284576532,""hma_order"":""BUY"",""hma_spread_atr"":4.1156149170575835}},{""atr"":18.010575238509347,""bar"":{""body_fraction"":0.575,""close"":7616.5,""close_position"":0.825,""direction"":""UP"",""high"":7620.0,""low"":7600.0,""lower_wick_fraction"":0.25,""move_atr"":0.6385137535980112,""move_points"":11.5,""open"":7605.0,""snapshot_time"":""2026-08-03T14:39:00+05:30"",""upper_wick_fraction"":0.175,""volume"":9804.0},""close"":7616.5,""trend"":{""ema_ref"":7447.9316495716685,""ema_slow"":7497.580694782938,""hma_order"":""BUY"",""hma_spread_atr"":4.254349339607453}},{""atr"":20.08124843575868,""bar"":{""body_fraction"":0.7446808510638298,""close"":7651.5,""close_position"":0.8829787234042553,""direction"":""UP"",""high"":7657.0,""low"":7610.0,""lower_wick_fraction"":0.13829787234042554,""move_atr"":1.7429195257440018,""move_points"":35.0,""open"":7616.5,""snapshot_time"":""2026-08-03T14:42:00+05:30"",""upper_wick_fraction"":0.11702127659574468,""volume"":21854.0},""close"":7651.5,""trend"":{""ema_ref"":7449.957205297324,""ema_slow"":7500.628601816939,""hma_order"":""BUY"",""hma_spread_atr"":4.264581922200843}},{""atr"":20.21830211891878,""bar"":{""body_fraction"":0.8181818181818182,""close"":7633.5,""close_position"":0.18181818181818185,""direction"":""DOWN"",""high"":7651.5,""low"":7629.5,""lower_wick_fraction"":0.18181818181818185,""move_atr"":-0.8902824724909488,""move_points"":-18.0,""open"":7651.5,""snapshot_time"":""2026-08-03T14:45:00+05:30"",""upper_wick_fraction"":0.0,""volume"":13227.0},""close"":7633.5,""trend"":{""ema_ref"":7451.783501762028,""ema_slow"":7503.259718612644,""hma_order"":""BUY"",""hma_spread_atr"":4.616096239607588}},{""atr"":19.559851967567436,""bar"":{""body_fraction"":0.5,""close"":7639.0,""close_position"":0.5,""direction"":""UP"",""high"":7644.5,""low"":7633.5,""lower_wick_fraction"":0.0,""move_atr"":0.28118822213581446,""move_points"":5.5,""open"":7633.5,""snapshot_time"":""2026-08-03T14:48:00+05:30"",""upper_wick_fraction"":0.5,""volume"":5677.0},""close"":7639.0,""trend"":{""ema_ref"":7453.646352490765,""ema_slow"":7505.947644976751,""hma_order"":""BUY"",""hma_spread_atr"":5.052954982818903}},{""atr"":20.01986254131262,""bar"":{""body_fraction"":0.9230769230769232,""close"":7615.5,""close_position"":0.057692307692307696,""direction"":""DOWN"",""high"":7640.0,""low"":7614.0,""lower_wick_fraction"":0.057692307692307696,""move_atr"":-1.198809429908624,""move_points"":-24.0,""open"":7639.5,""snapshot_time"":""2026-08-03T14:51:00+05:30"",""upper_wick_fraction"":0.019230769230769232,""volume"":10297.0},""close"":7615.5,""trend"":{""ema_ref"":7455.256836545584,""ema_slow"":7508.116998541567,""hma_order"":""BUY"",""hma_spread_atr"":4.803089659273621}},{""atr"":19.804158074076007,""bar"":{""body_fraction"":0.2352941176470588,""close"":7611.0,""close_position"":0.5882352941176471,""direction"":""DOWN"",""high"":7618.0,""low"":7601.0,""lower_wick_fraction"":0.5882352941176471,""move_atr"":-0.201977785929515,""move_points"":-4.0,""open"":7615.0,""snapshot_time"":""2026-08-03T14:54:00+05:30"",""upper_wick_fraction"":0.17647058823529413,""volume"":9447.0},""close"":7611.0,""trend"":{""ema_ref"":7456.806519764035,""ema_slow"":7510.15428569916,""hma_order"":""BUY"",""hma_spread_atr"":4.431433696938433}},{""atr"":18.853861068784862,""bar"":{""body_fraction"":0.15384615384615383,""close"":7610.0,""close_position"":0.3076923076923077,""direction"":""DOWN"",""high"":7614.5,""low"":7608.0,""lower_wick_fraction"":0.3076923076923077,""move_atr"":-0.05303953372477302,""move_points"":-1.0,""open"":7611.0,""snapshot_time"":""2026-08-03T14:57:00+05:30"",""upper_wick_fraction"":0.5384615384615384,""volume"":6626.0},""close"":7610.0,""trend"":{""ema_ref"":7458.330833000215,""ema_slow"":7512.131428556602,""hma_order"":""BUY"",""hma_spread_atr"":4.04407700830014}}],""last_observation_hash"":""abd728dfe87acc5462d0e5f6ab093deb50f6cc54c634f20c6093e27bbd8b7d32"",""last_snapshot_time"":""2026-08-03T14:57:00+05:30"",""observation"":{""compression_box_high"":null,""compression_box_low"":null,""compression_candidate_bars"":0,""current_state"":""ORDERLY_UPTREND"",""established_side"":""UP"",""exhaustion_active"":true,""exhaustion_age_bars"":4,""exhaustion_clear_bars"":0,""exhaustion_last_seen_at"":""2026-08-03T14:57:00+05:30"",""exhaustion_side"":""UP"",""exhaustion_started_at"":""2026-08-03T14:48:00+05:30"",""failure_breach_bars"":0,""last_close"":7610.0,""last_reason_codes"":[""ESTABLISHED_DIRECTIONAL_CONTEXT_RETAINED"",""OBSERVATION_PROPOSAL_MATCHED_CURRENT"",""OBSERVATION_STATE_ORDERLY_UPTREND""],""last_snapshot_time"":""2026-08-03T14:57:00+05:30"",""leg_age_bars"":14,""leg_anchor_price"":7575.0,""leg_anchor_time"":""2026-08-03T14:18:00+05:30"",""leg_extreme_price"":7657.0,""leg_maturity_consumed"":false,""leg_maturity_extreme_price"":null,""leg_maturity_onset_time"":null,""leg_no_progress_bars"":5,""observation_count"":115,""pending_bars"":0,""pending_state"":null,""protection_level"":7575.0,""protection_source"":""INITIAL_DIRECTIONAL_ANCHOR"",""protection_time"":""2026-08-03T14:18:00+05:30"",""pullback_age_bars"":0,""pullback_candidate_bars"":0,""pullback_extreme_price"":null,""reacceleration_age_bars"":2,""recompression_age_bars"":0,""reversal_confirmation_bars"":0,""reversal_side"":""UP"",""state_age_bars"":11,""trading_day"":""2026-08-03"",""trend_anchor_price"":7575.0,""trend_candidate_bars"":11,""trend_candidate_side"":""UP"",""trend_extreme_price"":7657.0,""trend_failure_age_bars"":0,""trend_onset_time"":""2026-08-03T14:18:00+05:30""},""symbol"":""ABB"",""trading_day"":""2026-08-03""}"
restoration-v3-current-day,development,restoration-trend-control-v3,backtest-default,OK,,,,ABB,2026-08-03,2026-08-03T15:00:00+05:30,2026-08-03T14:57:00+05:30,SNAPSHOT_AUCTION_AUTHORITY_V3A,3m,True,True,7614.5,2026-08-03T15:00:00,7608.0,7620.0,7605.5,7614.5,7662.0,18.54287099244309,EXPANDING_RANGE,SELL,candidate_boundaries_or_midpoint_still_drifting,RANGE_ACCEPTED,DYNAMIC:2026-08-03T13:00:00+05:30:2026-08-03T13:18:00+05:30,7492.5,7526.0,34,ok,TURNING_UP,0.0943758925310536,-0.33031562385868757,OK,INCREMENTAL_PREVIOUS_SNAPSHOT,AUTOTRADES_AUCTION_ENGINE,1.1.0,,,ORDERLY_UPTREND,UP,UP,False,False,True,UP,False,False,False,7575.0,INITIAL_DIRECTIONAL_ANCHOR,2026-08-03T14:18:00+05:30,DYNAMIC:2026-08-03T13:00:00+05:30:2026-08-03T13:18:00+05:30,7492.5,7526.0,False,3.6417910447761193,0.021739130434782608,PRICE_ACTION,0.76524064171123,ESTABLISHED_DIRECTIONAL_CONTEXT_RETAINED|OBSERVATION_PROPOSAL_MATCHED_CURRENT|OBSERVATION_STATE_ORDERLY_UPTREND|OBJECTIVE_ACCEPTED_RANGE_GEOMETRY_PRESENT|OBJECTIVE_TREND_PROTECTION_GEOMETRY_PRESENT,DIR:ABB:2026-08-03:007:DOWN:145100,REVERSAL_LEG,REVERSAL_LEG,DOWN,REVERSAL_EVENT_HANDOFF,DIR:ABB:2026-08-03:006:UP:133300,DIR:ABB:2026-08-03:006:UP:133300:DIRECTIONAL_REVERSAL_CONFIRMED:145100,2026-08-03T14:51:00+05:30,2026-08-03T14:51:00+05:30,4,7615.5,7601.0,2026-08-03T14:54:00+05:30,,,7629.5,EPISODE_PRICE_ACTION_FIRST_ADVERSE_BAR:BAR_LOW,2026-08-03T14:45:00+05:30,0,0.05392908144631634,0,False,REVERSAL_LEG_DIRECTIONAL_PROGRESS,7,UNKNOWN,0,0,0,0,0,ORDERLY_UPTREND,2026-08-03T15:00:00+05:30,REVERSAL_LEG_DIRECTIONAL_PROGRESS,,NONE,NONE,0,,,,,,UNKNOWN,0,0,0,0,False,False,NO_QUALIFIED_ACCEPTED_RANGE,0,,,,,,0,,,,,CONFLICT,MATCH,CONFLICT,CONFLICT,False,0,False,False,False,True,EPISODE_TREND_CONFLICT|EPISODE_SLOPE_CONFLICT,TRANSITIONAL_CONFLICT,[],[],"{""accepted_range_breakout_eligible"":true,""accepted_range_established_at"":""2026-08-03T13:18:00+05:30"",""accepted_range_high"":7526.0,""accepted_range_id"":""DYNAMIC:2026-08-03T13:00:00+05:30:2026-08-03T13:18:00+05:30"",""accepted_range_inside"":false,""accepted_range_low"":7492.5,""accepted_range_outside_atr"":4.772723707998996,""accepted_range_position"":3.6417910447761193,""accepted_range_provisional"":false,""atr"":18.54287099244309,""close"":7614.5,""current_leg_mature"":false,""directional_bias"":""UP"",""directional_efficiency"":0.021739130434782608,""directional_efficiency_source"":""PRICE_ACTION"",""exhausted_side"":""UP"",""exhaustion_active"":true,""extension_mature"":false,""failed_extreme_observed"":false,""high"":7620.0,""low"":7605.5,""observation_state"":""ORDERLY_UPTREND"",""overlap_ratio"":0.76524064171123,""range_width_atr"":1.8066242284515976,""rejection_observed"":false,""snapshot_time"":""2026-08-03T15:00:00+05:30"",""source_reason_codes"":[""ESTABLISHED_DIRECTIONAL_CONTEXT_RETAINED"",""OBSERVATION_PROPOSAL_MATCHED_CURRENT"",""OBSERVATION_STATE_ORDERLY_UPTREND"",""OBJECTIVE_ACCEPTED_RANGE_GEOMETRY_PRESENT"",""OBJECTIVE_TREND_PROTECTION_GEOMETRY_PRESENT""],""structural_failure_confirmed"":false,""symbol"":""ABB"",""trading_day"":""2026-08-03"",""trend_direction"":""UP"",""trend_protection_level"":7575.0,""trend_protection_source"":""INITIAL_DIRECTIONAL_ANCHOR"",""trend_protection_time"":""2026-08-03T14:18:00+05:30""}","{""continuation_failure_seen"":false,""continuation_failure_time"":null,""current_state"":""REVERSAL_LEG"",""direction"":""DOWN"",""episode_id"":""DIR:ABB:2026-08-03:007:DOWN:145100"",""extreme_price"":7601.0,""extreme_time"":""2026-08-03T14:54:00+05:30"",""first_adverse_bar_close"":null,""first_adverse_bar_level"":null,""first_adverse_bar_time"":null,""origin_event_id"":""DIR:ABB:2026-08-03:006:UP:133300:DIRECTIONAL_REVERSAL_CONFIRMED:145100"",""origin_price"":7615.5,""origin_source"":""REVERSAL_EVENT_HANDOFF"",""parent_episode_id"":""DIR:ABB:2026-08-03:006:UP:133300"",""previous_state"":""REVERSAL_LEG"",""protection_level"":null,""protection_source"":"""",""reason_codes"":[""REVERSAL_LEG_DIRECTIONAL_PROGRESS""],""rejection_seen"":false,""reversal_confirmation_breach_closes"":0,""reversal_confirmation_level"":7629.5,""reversal_confirmation_level_time"":""2026-08-03T14:45:00+05:30"",""reversal_confirmation_source"":""EPISODE_PRICE_ACTION_FIRST_ADVERSE_BAR:BAR_LOW"",""reversal_leg_failure_closes"":0,""reversal_leg_progress_atr"":0.05392908144631634,""reversal_leg_progress_bars"":0,""started_at"":""2026-08-03T14:51:00+05:30"",""state_age_bars"":4,""state_started_at"":""2026-08-03T14:51:00+05:30""}","{""attempt_limit_reached"":false,""candidate_bar_expansion_count"":0,""candidate_high"":null,""candidate_last_valid_at"":null,""candidate_low"":null,""candidate_merge_count"":0,""containment_bars"":0,""containment_ratio"":0.0,""current_state"":""NONE"",""down_escape_attempt_count"":0,""episode_id"":null,""escape_attempt_count"":0,""escape_direction"":""UNKNOWN"",""failed_escape_count"":0,""forming_bars_observed"":0,""forming_invalid_bars"":0,""frozen_high"":null,""frozen_low"":null,""last_escape_direction"":""UNKNOWN"",""last_escape_failed_at"":null,""last_escape_started_at"":null,""marginal_excursion_bars"":0,""meaningful_escape_bars"":0,""outside_close_count"":0,""previous_state"":""NONE"",""range_id"":null,""rearm_bars_elapsed"":0,""rearm_inside_close_count"":0,""rearm_required"":false,""reason_codes"":[""NO_QUALIFIED_ACCEPTED_RANGE""],""reentry_close_count"":0,""source_range_ids"":[],""started_at"":null,""state_age_bars"":0,""state_started_at"":null,""up_escape_attempt_count"":0}","{""balance_attempt_limit_reached"":false,""balance_candidate_bar_expansion_count"":0,""balance_candidate_merge_count"":0,""balance_containment_ratio"":0.0,""balance_down_escape_attempt_count"":0,""balance_escape_attempt_count"":0,""balance_failed_escape_count"":0,""balance_forming_bars_observed"":0,""balance_forming_invalid_bars"":0,""balance_last_escape_direction"":""UNKNOWN"",""balance_last_escape_failed_at"":null,""balance_last_escape_started_at"":null,""balance_marginal_excursion_bars"":0,""balance_meaningful_escape_bars"":0,""balance_rearm_bars_elapsed"":0,""balance_rearm_inside_close_count"":0,""balance_rearm_required"":false,""balance_up_escape_attempt_count"":0,""directional_origin_event_id"":""DIR:ABB:2026-08-03:006:UP:133300:DIRECTIONAL_REVERSAL_CONFIRMED:145100"",""directional_origin_source"":""REVERSAL_EVENT_HANDOFF"",""directional_parent_episode_id"":""DIR:ABB:2026-08-03:006:UP:133300"",""directional_reversal_watch_age_bars"":0,""directional_start_candidate_bars"":0,""directional_start_candidate_side"":""UNKNOWN"",""observation_accepted_range_id"":""DYNAMIC:2026-08-03T13:00:00+05:30:2026-08-03T13:18:00+05:30"",""observation_current_leg_mature"":false,""observation_directional_bias"":""UP"",""observation_exhaustion_active"":true,""observation_state"":""ORDERLY_UPTREND""}","{""balance"":{""attempt_limit_reached"":false,""candidate_bar_expansion_count"":0,""candidate_high"":null,""candidate_last_valid_at"":null,""candidate_low"":null,""candidate_merge_count"":0,""containment_bars"":0,""down_escape_attempt_count"":0,""emitted_event_ids"":[""BAL:ABB:2026-08-03:001:NEUTRAL:100600:BALANCE_COMPLETED:105400"",""BAL:ABB:2026-08-03:001:NEUTRAL:100600:BALANCE_ESCAPE_ACCEPTED:105100"",""BAL:ABB:2026-08-03:001:NEUTRAL:100600:BALANCE_ESCAPE_STARTED:104800"",""BAL:ABB:2026-08-03:001:NEUTRAL:100600:BALANCE_FORMING_STARTED:100600"",""BAL:ABB:2026-08-03:001:NEUTRAL:100600:BALANCE_LOCKED:102700"",""BAL:ABB:2026-08-03:001:NEUTRAL:100600:BALANCE_PROBABLE:101800"",""BAL:ABB:2026-08-03:002:NEUTRAL:112100:BALANCE_COMPLETED:113000"",""BAL:ABB:2026-08-03:002:NEUTRAL:112100:BALANCE_FORMING_STARTED:112100"",""BAL:ABB:2026-08-03:003:NEUTRAL:114800:BALANCE_COMPLETED:115400"",""BAL:ABB:2026-08-03:003:NEUTRAL:114800:BALANCE_FORMING_STARTED:114800"",""BAL:ABB:2026-08-03:004:NEUTRAL:122400:BALANCE_COMPLETED:125400"",""BAL:ABB:2026-08-03:004:NEUTRAL:122400:BALANCE_ESCAPE_ACCEPTED:125100"",""BAL:ABB:2026-08-03:004:NEUTRAL:122400:BALANCE_ESCAPE_STARTED:124800"",""BAL:ABB:2026-08-03:004:NEUTRAL:122400:BALANCE_FORMING_STARTED:122400"",""BAL:ABB:2026-08-03:004:NEUTRAL:122400:BALANCE_LOCKED:124500"",""BAL:ABB:2026-08-03:004:NEUTRAL:122400:BALANCE_PROBABLE:123600"",""BAL:ABB:2026-08-03:005:NEUTRAL:132100:BALANCE_COMPLETED:135400"",""BAL:ABB:2026-08-03:005:NEUTRAL:132100:BALANCE_ESCAPE_ACCEPTED:135100"",""BAL:ABB:2026-08-03:005:NEUTRAL:132100:BALANCE_ESCAPE_STARTED:134800"",""BAL:ABB:2026-08-03:005:NEUTRAL:132100:BALANCE_FORMING_STARTED:132100"",""BAL:ABB:2026-08-03:005:NEUTRAL:132100:BALANCE_LOCKED:134200"",""BAL:ABB:2026-08-03:005:NEUTRAL:132100:BALANCE_PROBABLE:133300""],""episode_id"":null,""escape_attempt_count"":0,""escape_direction"":""UNKNOWN"",""failed_escape_count"":0,""forming_bars_observed"":0,""forming_invalid_bars"":0,""frozen_high"":null,""frozen_low"":null,""last_escape_direction"":""UNKNOWN"",""last_escape_failed_at"":null,""last_escape_started_at"":null,""last_reason_codes"":[""NO_QUALIFIED_ACCEPTED_RANGE""],""marginal_excursion_bars"":0,""meaningful_escape_bars"":0,""outside_close_count"":0,""range_id"":null,""rearm_bars_elapsed"":0,""rearm_inside_close_count"":0,""rearm_required"":false,""reentry_close_count"":0,""sequence"":5,""source_range_ids"":[],""started_at"":null,""state"":""NONE"",""state_age_bars"":0,""state_started_at"":null,""up_escape_attempt_count"":0},""directional"":{""continuation_failure_progress_bars"":0,""continuation_failure_seen"":false,""continuation_failure_seen_at"":null,""direction"":""DOWN"",""emitted_event_ids"":[""DIR:ABB:2026-08-03:001:DOWN:101500:DIRECTIONAL_COMPLETED:105100"",""DIR:ABB:2026-08-03:001:DOWN:101500:DIRECTIONAL_STARTED:101500"",""DIR:ABB:2026-08-03:002:UP:110000:DIRECTIONAL_COMPLETED:113900"",""DIR:ABB:2026-08-03:002:UP:110000:DIRECTIONAL_MATURED:110300"",""DIR:ABB:2026-08-03:002:UP:110000:DIRECTIONAL_REVERSAL_CONFIRMED:113900"",""DIR:ABB:2026-08-03:002:UP:110000:DIRECTIONAL_STARTED:110000"",""DIR:ABB:2026-08-03:002:UP:110000:REVERSAL_WATCH_STARTED:110600"",""DIR:ABB:2026-08-03:003:DOWN:113900:DIRECTIONAL_COMPLETED:115400"",""DIR:ABB:2026-08-03:003:DOWN:113900:DIRECTIONAL_REVERSAL_LEG_FAILED:115400"",""DIR:ABB:2026-08-03:003:DOWN:113900:DIRECTIONAL_REVERSAL_LEG_STARTED:113900"",""DIR:ABB:2026-08-03:004:UP:120000:DIRECTIONAL_COMPLETED:124500"",""DIR:ABB:2026-08-03:004:UP:120000:DIRECTIONAL_CONTINUATION_CONFIRMED:123300"",""DIR:ABB:2026-08-03:004:UP:120000:DIRECTIONAL_MATURED:120300"",""DIR:ABB:2026-08-03:004:UP:120000:DIRECTIONAL_MATURED:123900"",""DIR:ABB:2026-08-03:004:UP:120000:DIRECTIONAL_REVERSAL_CONFIRMED:124500"",""DIR:ABB:2026-08-03:004:UP:120000:DIRECTIONAL_STARTED:120000"",""DIR:ABB:2026-08-03:004:UP:120000:DIRECTIONAL_TREND_RESTORED:122100"",""DIR:ABB:2026-08-03:004:UP:120000:REVERSAL_WATCH_STARTED:120600"",""DIR:ABB:2026-08-03:004:UP:120000:REVERSAL_WATCH_STARTED:124200"",""DIR:ABB:2026-08-03:005:DOWN:124500:DIRECTIONAL_COMPLETED:133300"",""DIR:ABB:2026-08-03:005:DOWN:124500:DIRECTIONAL_MATURED:125700"",""DIR:ABB:2026-08-03:005:DOWN:124500:DIRECTIONAL_MATURED:131800"",""DIR:ABB:2026-08-03:005:DOWN:124500:DIRECTIONAL_REVERSAL_CONFIRMED:133300"",""DIR:ABB:2026-08-03:005:DOWN:124500:DIRECTIONAL_REVERSAL_LEG_ESTABLISHED:125100"",""DIR:ABB:2026-08-03:005:DOWN:124500:DIRECTIONAL_REVERSAL_LEG_STARTED:124500"",""DIR:ABB:2026-08-03:005:DOWN:124500:DIRECTIONAL_TREND_RESTORED:131500"",""DIR:ABB:2026-08-03:005:DOWN:124500:REVERSAL_WATCH_STARTED:130000"",""DIR:ABB:2026-08-03:005:DOWN:124500:REVERSAL_WATCH_STARTED:132100"",""DIR:ABB:2026-08-03:006:UP:133300:DIRECTIONAL_COMPLETED:145100"",""DIR:ABB:2026-08-03:006:UP:133300:DIRECTIONAL_MATURED:142100"",""DIR:ABB:2026-08-03:006:UP:133300:DIRECTIONAL_REVERSAL_CONFIRMED:145100"",""DIR:ABB:2026-08-03:006:UP:133300:DIRECTIONAL_REVERSAL_LEG_ESTABLISHED:135100"",""DIR:ABB:2026-08-03:006:UP:133300:DIRECTIONAL_REVERSAL_LEG_STARTED:133300"",""DIR:ABB:2026-08-03:006:UP:133300:REVERSAL_WATCH_STARTED:142700"",""DIR:ABB:2026-08-03:007:DOWN:145100:DIRECTIONAL_REVERSAL_LEG_STARTED:145100""],""episode_id"":""DIR:ABB:2026-08-03:007:DOWN:145100"",""extreme_price"":7601.0,""extreme_time"":""2026-08-03T14:54:00+05:30"",""first_adverse_bar_close"":null,""first_adverse_bar_level"":null,""first_adverse_bar_time"":null,""inactive_bars"":0,""last_close"":7614.5,""last_observation_state"":""ORDERLY_UPTREND"",""last_observation_state_time"":""2026-08-03T15:00:00+05:30"",""last_reason_codes"":[""REVERSAL_LEG_DIRECTIONAL_PROGRESS""],""opposite_control_bars"":0,""origin_event_id"":""DIR:ABB:2026-08-03:006:UP:133300:DIRECTIONAL_REVERSAL_CONFIRMED:145100"",""origin_price"":7615.5,""origin_source"":""REVERSAL_EVENT_HANDOFF"",""parent_episode_id"":""DIR:ABB:2026-08-03:006:UP:133300"",""protection_level"":null,""protection_source"":"""",""protection_time"":null,""rejection_seen"":false,""rejection_seen_at"":null,""reversal_confirmation_breach_closes"":0,""reversal_confirmation_level"":7629.5,""reversal_confirmation_level_time"":""2026-08-03T14:45:00+05:30"",""reversal_confirmation_source"":""EPISODE_PRICE_ACTION_FIRST_ADVERSE_BAR:BAR_LOW"",""reversal_leg_failure_closes"":0,""reversal_leg_progress_atr"":0.05392908144631634,""reversal_leg_progress_bars"":0,""reversal_watch_age_bars"":0,""sequence"":7,""start_candidate_bars"":0,""start_candidate_side"":""UNKNOWN"",""started_at"":""2026-08-03T14:51:00+05:30"",""state"":""REVERSAL_LEG"",""state_age_bars"":4,""state_started_at"":""2026-08-03T14:51:00+05:30"",""trend_restore_bars"":0},""evidence_history"":[{""atr"":16.67983468234918,""bar"":{""body_fraction"":0.3684210526315789,""close"":7582.5,""close_position"":0.631578947368421,""direction"":""DOWN"",""high"":7586.0,""low"":7576.5,""lower_wick_fraction"":0.631578947368421,""move_atr"":-0.20983421398676969,""move_points"":-3.5,""open"":7586.0,""snapshot_time"":""2026-08-03T14:27:00+05:30"",""upper_wick_fraction"":0.0,""volume"":4720.0},""close"":7582.5,""trend"":{""ema_ref"":7441.527741424001,""ema_slow"":7488.638356607073,""hma_order"":""BUY"",""hma_spread_atr"":4.229857338926135}},{""atr"":16.524132205038526,""bar"":{""body_fraction"":0.4482758620689655,""close"":7589.5,""close_position"":1.0,""direction"":""UP"",""high"":7589.5,""low"":7575.0,""lower_wick_fraction"":0.5517241379310345,""move_atr"":0.393364076209583,""move_points"":6.5,""open"":7583.0,""snapshot_time"":""2026-08-03T14:30:00+05:30"",""upper_wick_fraction"":0.0,""volume"":5246.0},""close"":7589.5,""trend"":{""ema_ref"":7443.000102205852,""ema_slow"":7490.635616872279,""hma_order"":""BUY"",""hma_spread_atr"":4.209632345862008}},{""atr"":17.80812276182149,""bar"":{""body_fraction"":0.5362318840579711,""close"":7608.0,""close_position"":0.5362318840579711,""direction"":""UP"",""high"":7624.0,""low"":7589.5,""lower_wick_fraction"":0.0,""move_atr"":1.0388517783391416,""move_points"":18.5,""open"":7589.5,""snapshot_time"":""2026-08-03T14:33:00+05:30"",""upper_wick_fraction"":0.463768115942029,""volume"":22441.0},""close"":7608.0,""trend"":{""ema_ref"":7444.641892233655,""ema_slow"":7492.959664062927,""hma_order"":""BUY"",""hma_spread_atr"":4.010061767358477}},{""atr"":17.857542564548528,""bar"":{""body_fraction"":0.13513513513513514,""close"":7605.0,""close_position"":0.8108108108108109,""direction"":""DOWN"",""high"":7608.5,""low"":7590.0,""lower_wick_fraction"":0.8108108108108109,""move_atr"":-0.13999686636408165,""move_points"":-2.5,""open"":7607.5,""snapshot_time"":""2026-08-03T14:36:00+05:30"",""upper_wick_fraction"":0.05405405405405406,""volume"":10062.0},""close"":7605.0,""trend"":{""ema_ref"":7446.237495296007,""ema_slow"":7495.178284576532,""hma_order"":""BUY"",""hma_spread_atr"":4.1156149170575835}},{""atr"":18.010575238509347,""bar"":{""body_fraction"":0.575,""close"":7616.5,""close_position"":0.825,""direction"":""UP"",""high"":7620.0,""low"":7600.0,""lower_wick_fraction"":0.25,""move_atr"":0.6385137535980112,""move_points"":11.5,""open"":7605.0,""snapshot_time"":""2026-08-03T14:39:00+05:30"",""upper_wick_fraction"":0.175,""volume"":9804.0},""close"":7616.5,""trend"":{""ema_ref"":7447.9316495716685,""ema_slow"":7497.580694782938,""hma_order"":""BUY"",""hma_spread_atr"":4.254349339607453}},{""atr"":20.08124843575868,""bar"":{""body_fraction"":0.7446808510638298,""close"":7651.5,""close_position"":0.8829787234042553,""direction"":""UP"",""high"":7657.0,""low"":7610.0,""lower_wick_fraction"":0.13829787234042554,""move_atr"":1.7429195257440018,""move_points"":35.0,""open"":7616.5,""snapshot_time"":""2026-08-03T14:42:00+05:30"",""upper_wick_fraction"":0.11702127659574468,""volume"":21854.0},""close"":7651.5,""trend"":{""ema_ref"":7449.957205297324,""ema_slow"":7500.628601816939,""hma_order"":""BUY"",""hma_spread_atr"":4.264581922200843}},{""atr"":20.21830211891878,""bar"":{""body_fraction"":0.8181818181818182,""close"":7633.5,""close_position"":0.18181818181818185,""direction"":""DOWN"",""high"":7651.5,""low"":7629.5,""lower_wick_fraction"":0.18181818181818185,""move_atr"":-0.8902824724909488,""move_points"":-18.0,""open"":7651.5,""snapshot_time"":""2026-08-03T14:45:00+05:30"",""upper_wick_fraction"":0.0,""volume"":13227.0},""close"":7633.5,""trend"":{""ema_ref"":7451.783501762028,""ema_slow"":7503.259718612644,""hma_order"":""BUY"",""hma_spread_atr"":4.616096239607588}},{""atr"":19.559851967567436,""bar"":{""body_fraction"":0.5,""close"":7639.0,""close_position"":0.5,""direction"":""UP"",""high"":7644.5,""low"":7633.5,""lower_wick_fraction"":0.0,""move_atr"":0.28118822213581446,""move_points"":5.5,""open"":7633.5,""snapshot_time"":""2026-08-03T14:48:00+05:30"",""upper_wick_fraction"":0.5,""volume"":5677.0},""close"":7639.0,""trend"":{""ema_ref"":7453.646352490765,""ema_slow"":7505.947644976751,""hma_order"":""BUY"",""hma_spread_atr"":5.052954982818903}},{""atr"":20.01986254131262,""bar"":{""body_fraction"":0.9230769230769232,""close"":7615.5,""close_position"":0.057692307692307696,""direction"":""DOWN"",""high"":7640.0,""low"":7614.0,""lower_wick_fraction"":0.057692307692307696,""move_atr"":-1.198809429908624,""move_points"":-24.0,""open"":7639.5,""snapshot_time"":""2026-08-03T14:51:00+05:30"",""upper_wick_fraction"":0.019230769230769232,""volume"":10297.0},""close"":7615.5,""trend"":{""ema_ref"":7455.256836545584,""ema_slow"":7508.116998541567,""hma_order"":""BUY"",""hma_spread_atr"":4.803089659273621}},{""atr"":19.804158074076007,""bar"":{""body_fraction"":0.2352941176470588,""close"":7611.0,""close_position"":0.5882352941176471,""direction"":""DOWN"",""high"":7618.0,""low"":7601.0,""lower_wick_fraction"":0.5882352941176471,""move_atr"":-0.201977785929515,""move_points"":-4.0,""open"":7615.0,""snapshot_time"":""2026-08-03T14:54:00+05:30"",""upper_wick_fraction"":0.17647058823529413,""volume"":9447.0},""close"":7611.0,""trend"":{""ema_ref"":7456.806519764035,""ema_slow"":7510.15428569916,""hma_order"":""BUY"",""hma_spread_atr"":4.431433696938433}},{""atr"":18.853861068784862,""bar"":{""body_fraction"":0.15384615384615383,""close"":7610.0,""close_position"":0.3076923076923077,""direction"":""DOWN"",""high"":7614.5,""low"":7608.0,""lower_wick_fraction"":0.3076923076923077,""move_atr"":-0.05303953372477302,""move_points"":-1.0,""open"":7611.0,""snapshot_time"":""2026-08-03T14:57:00+05:30"",""upper_wick_fraction"":0.5384615384615384,""volume"":6626.0},""close"":7610.0,""trend"":{""ema_ref"":7458.330833000215,""ema_slow"":7512.131428556602,""hma_order"":""BUY"",""hma_spread_atr"":4.04407700830014}},{""atr"":18.54287099244309,""bar"":{""body_fraction"":0.4482758620689655,""close"":7614.5,""close_position"":0.6206896551724138,""direction"":""UP"",""high"":7620.0,""low"":7605.5,""lower_wick_fraction"":0.1724137931034483,""move_atr"":0.3505390294010562,""move_points"":6.5,""open"":7608.0,""snapshot_time"":""2026-08-03T15:00:00+05:30"",""upper_wick_fraction"":0.3793103448275862,""volume"":7662.0},""close"":7614.5,""trend"":{""ema_ref"":7459.884755059915,""ema_slow"":7514.158528981224,""hma_order"":""BUY"",""hma_spread_atr"":3.5080447070111043}}],""last_observation_hash"":""a275a049cfb62e5861d070f25bff216e9ef8c9fc5ebe99bf59b02f3cbe2d2f21"",""last_snapshot_time"":""2026-08-03T15:00:00+05:30"",""observation"":{""compression_box_high"":null,""compression_box_low"":null,""compression_candidate_bars"":0,""current_state"":""ORDERLY_UPTREND"",""established_side"":""UP"",""exhaustion_active"":true,""exhaustion_age_bars"":5,""exhaustion_clear_bars"":0,""exhaustion_last_seen_at"":""2026-08-03T15:00:00+05:30"",""exhaustion_side"":""UP"",""exhaustion_started_at"":""2026-08-03T14:48:00+05:30"",""failure_breach_bars"":0,""last_close"":7614.5,""last_reason_codes"":[""ESTABLISHED_DIRECTIONAL_CONTEXT_RETAINED"",""OBSERVATION_PROPOSAL_MATCHED_CURRENT"",""OBSERVATION_STATE_ORDERLY_UPTREND""],""last_snapshot_time"":""2026-08-03T15:00:00+05:30"",""leg_age_bars"":15,""leg_anchor_price"":7575.0,""leg_anchor_time"":""2026-08-03T14:18:00+05:30"",""leg_extreme_price"":7657.0,""leg_maturity_consumed"":false,""leg_maturity_extreme_price"":null,""leg_maturity_onset_time"":null,""leg_no_progress_bars"":6,""observation_count"":116,""pending_bars"":0,""pending_state"":null,""protection_level"":7575.0,""protection_source"":""INITIAL_DIRECTIONAL_ANCHOR"",""protection_time"":""2026-08-03T14:18:00+05:30"",""pullback_age_bars"":0,""pullback_candidate_bars"":0,""pullback_extreme_price"":null,""reacceleration_age_bars"":2,""recompression_age_bars"":0,""reversal_confirmation_bars"":0,""reversal_side"":""UP"",""state_age_bars"":12,""trading_day"":""2026-08-03"",""trend_anchor_price"":7575.0,""trend_candidate_bars"":10,""trend_candidate_side"":""UP"",""trend_extreme_price"":7657.0,""trend_failure_age_bars"":0,""trend_onset_time"":""2026-08-03T14:18:00+05:30""},""symbol"":""ABB"",""trading_day"":""2026-08-03""}"
restoration-v3-current-day,development,restoration-trend-control-v3,backtest-default,OK,,,,ABB,2026-08-03,2026-08-03T15:03:00+05:30,2026-08-03T15:00:00+05:30,SNAPSHOT_AUCTION_AUTHORITY_V3A,3m,True,True,7617.0,2026-08-03T15:03:00,7612.5,7620.0,7606.0,7617.0,11640.0,18.218380207268584,EXPANDING_RANGE,SELL,candidate_boundaries_or_midpoint_still_drifting,RANGE_ACCEPTED,DYNAMIC:2026-08-03T13:00:00+05:30:2026-08-03T13:18:00+05:30,7492.5,7526.0,35,ok,UP_ACCELERATING,0.19211367641803884,0.02058360818764702,OK,INCREMENTAL_PREVIOUS_SNAPSHOT,AUTOTRADES_AUCTION_ENGINE,1.1.0,,,ORDERLY_UPTREND,UP,UP,False,True,True,UP,True,False,False,7575.0,INITIAL_DIRECTIONAL_ANCHOR,2026-08-03T14:18:00+05:30,DYNAMIC:2026-08-03T13:00:00+05:30:2026-08-03T13:18:00+05:30,7492.5,7526.0,False,3.716417910447761,0.5798319327731093,PRICE_ACTION,0.76524064171123,ESTABLISHED_DIRECTIONAL_CONTEXT_RETAINED|OBSERVATION_PROPOSAL_MATCHED_CURRENT|OBSERVATION_STATE_ORDERLY_UPTREND|OBJECTIVE_REJECTION_OBSERVED|OBJECTIVE_ACCEPTED_RANGE_GEOMETRY_PRESENT|OBJECTIVE_TREND_PROTECTION_GEOMETRY_PRESENT,DIR:ABB:2026-08-03:007:DOWN:145100,REVERSAL_LEG,REVERSAL_LEG,DOWN,REVERSAL_EVENT_HANDOFF,DIR:ABB:2026-08-03:006:UP:133300,DIR:ABB:2026-08-03:006:UP:133300:DIRECTIONAL_REVERSAL_CONFIRMED:145100,2026-08-03T14:51:00+05:30,2026-08-03T14:51:00+05:30,5,7615.5,7601.0,2026-08-03T14:54:00+05:30,,,7629.5,EPISODE_PRICE_ACTION_FIRST_ADVERSE_BAR:BAR_LOW,2026-08-03T14:45:00+05:30,0,0.0,1,False,REVERSAL_LEG_FAILURE_PROGRESS,7,UNKNOWN,0,0,0,0,0,ORDERLY_UPTREND,2026-08-03T15:03:00+05:30,REVERSAL_LEG_FAILURE_PROGRESS,,NONE,NONE,0,,,,,,UNKNOWN,0,0,0,0,False,False,NO_QUALIFIED_ACCEPTED_RANGE,0,,,,,,0,,,,,CONFLICT,MATCH,CONFLICT,CONFLICT,False,0,False,False,False,True,EPISODE_TREND_CONFLICT|EPISODE_SLOPE_CONFLICT,TRANSITIONAL_CONFLICT,[],[],"{""accepted_range_breakout_eligible"":true,""accepted_range_established_at"":""2026-08-03T13:18:00+05:30"",""accepted_range_high"":7526.0,""accepted_range_id"":""DYNAMIC:2026-08-03T13:00:00+05:30:2026-08-03T13:18:00+05:30"",""accepted_range_inside"":false,""accepted_range_low"":7492.5,""accepted_range_outside_atr"":4.994955586869009,""accepted_range_position"":3.716417910447761,""accepted_range_provisional"":false,""atr"":18.218380207268584,""close"":7617.0,""current_leg_mature"":false,""directional_bias"":""UP"",""directional_efficiency"":0.5798319327731093,""directional_efficiency_source"":""PRICE_ACTION"",""exhausted_side"":""UP"",""exhaustion_active"":true,""extension_mature"":true,""failed_extreme_observed"":false,""high"":7620.0,""low"":7606.0,""observation_state"":""ORDERLY_UPTREND"",""overlap_ratio"":0.76524064171123,""range_width_atr"":1.8388023314298003,""rejection_observed"":true,""snapshot_time"":""2026-08-03T15:03:00+05:30"",""source_reason_codes"":[""ESTABLISHED_DIRECTIONAL_CONTEXT_RETAINED"",""OBSERVATION_PROPOSAL_MATCHED_CURRENT"",""OBSERVATION_STATE_ORDERLY_UPTREND"",""OBJECTIVE_REJECTION_OBSERVED"",""OBJECTIVE_ACCEPTED_RANGE_GEOMETRY_PRESENT"",""OBJECTIVE_TREND_PROTECTION_GEOMETRY_PRESENT""],""structural_failure_confirmed"":false,""symbol"":""ABB"",""trading_day"":""2026-08-03"",""trend_direction"":""UP"",""trend_protection_level"":7575.0,""trend_protection_source"":""INITIAL_DIRECTIONAL_ANCHOR"",""trend_protection_time"":""2026-08-03T14:18:00+05:30""}","{""continuation_failure_seen"":false,""continuation_failure_time"":null,""current_state"":""REVERSAL_LEG"",""direction"":""DOWN"",""episode_id"":""DIR:ABB:2026-08-03:007:DOWN:145100"",""extreme_price"":7601.0,""extreme_time"":""2026-08-03T14:54:00+05:30"",""first_adverse_bar_close"":null,""first_adverse_bar_level"":null,""first_adverse_bar_time"":null,""origin_event_id"":""DIR:ABB:2026-08-03:006:UP:133300:DIRECTIONAL_REVERSAL_CONFIRMED:145100"",""origin_price"":7615.5,""origin_source"":""REVERSAL_EVENT_HANDOFF"",""parent_episode_id"":""DIR:ABB:2026-08-03:006:UP:133300"",""previous_state"":""REVERSAL_LEG"",""protection_level"":null,""protection_source"":"""",""reason_codes"":[""REVERSAL_LEG_FAILURE_PROGRESS""],""rejection_seen"":false,""reversal_confirmation_breach_closes"":0,""reversal_confirmation_level"":7629.5,""reversal_confirmation_level_time"":""2026-08-03T14:45:00+05:30"",""reversal_confirmation_source"":""EPISODE_PRICE_ACTION_FIRST_ADVERSE_BAR:BAR_LOW"",""reversal_leg_failure_closes"":1,""reversal_leg_progress_atr"":0.0,""reversal_leg_progress_bars"":0,""started_at"":""2026-08-03T14:51:00+05:30"",""state_age_bars"":5,""state_started_at"":""2026-08-03T14:51:00+05:30""}","{""attempt_limit_reached"":false,""candidate_bar_expansion_count"":0,""candidate_high"":null,""candidate_last_valid_at"":null,""candidate_low"":null,""candidate_merge_count"":0,""containment_bars"":0,""containment_ratio"":0.0,""current_state"":""NONE"",""down_escape_attempt_count"":0,""episode_id"":null,""escape_attempt_count"":0,""escape_direction"":""UNKNOWN"",""failed_escape_count"":0,""forming_bars_observed"":0,""forming_invalid_bars"":0,""frozen_high"":null,""frozen_low"":null,""last_escape_direction"":""UNKNOWN"",""last_escape_failed_at"":null,""last_escape_started_at"":null,""marginal_excursion_bars"":0,""meaningful_escape_bars"":0,""outside_close_count"":0,""previous_state"":""NONE"",""range_id"":null,""rearm_bars_elapsed"":0,""rearm_inside_close_count"":0,""rearm_required"":false,""reason_codes"":[""NO_QUALIFIED_ACCEPTED_RANGE""],""reentry_close_count"":0,""source_range_ids"":[],""started_at"":null,""state_age_bars"":0,""state_started_at"":null,""up_escape_attempt_count"":0}","{""balance_attempt_limit_reached"":false,""balance_candidate_bar_expansion_count"":0,""balance_candidate_merge_count"":0,""balance_containment_ratio"":0.0,""balance_down_escape_attempt_count"":0,""balance_escape_attempt_count"":0,""balance_failed_escape_count"":0,""balance_forming_bars_observed"":0,""balance_forming_invalid_bars"":0,""balance_last_escape_direction"":""UNKNOWN"",""balance_last_escape_failed_at"":null,""balance_last_escape_started_at"":null,""balance_marginal_excursion_bars"":0,""balance_meaningful_escape_bars"":0,""balance_rearm_bars_elapsed"":0,""balance_rearm_inside_close_count"":0,""balance_rearm_required"":false,""balance_up_escape_attempt_count"":0,""directional_origin_event_id"":""DIR:ABB:2026-08-03:006:UP:133300:DIRECTIONAL_REVERSAL_CONFIRMED:145100"",""directional_origin_source"":""REVERSAL_EVENT_HANDOFF"",""directional_parent_episode_id"":""DIR:ABB:2026-08-03:006:UP:133300"",""directional_reversal_watch_age_bars"":0,""directional_start_candidate_bars"":0,""directional_start_candidate_side"":""UNKNOWN"",""observation_accepted_range_id"":""DYNAMIC:2026-08-03T13:00:00+05:30:2026-08-03T13:18:00+05:30"",""observation_current_leg_mature"":false,""observation_directional_bias"":""UP"",""observation_exhaustion_active"":true,""observation_state"":""ORDERLY_UPTREND""}","{""balance"":{""attempt_limit_reached"":false,""candidate_bar_expansion_count"":0,""candidate_high"":null,""candidate_last_valid_at"":null,""candidate_low"":null,""candidate_merge_count"":0,""containment_bars"":0,""down_escape_attempt_count"":0,""emitted_event_ids"":[""BAL:ABB:2026-08-03:001:NEUTRAL:100600:BALANCE_COMPLETED:105400"",""BAL:ABB:2026-08-03:001:NEUTRAL:100600:BALANCE_ESCAPE_ACCEPTED:105100"",""BAL:ABB:2026-08-03:001:NEUTRAL:100600:BALANCE_ESCAPE_STARTED:104800"",""BAL:ABB:2026-08-03:001:NEUTRAL:100600:BALANCE_FORMING_STARTED:100600"",""BAL:ABB:2026-08-03:001:NEUTRAL:100600:BALANCE_LOCKED:102700"",""BAL:ABB:2026-08-03:001:NEUTRAL:100600:BALANCE_PROBABLE:101800"",""BAL:ABB:2026-08-03:002:NEUTRAL:112100:BALANCE_COMPLETED:113000"",""BAL:ABB:2026-08-03:002:NEUTRAL:112100:BALANCE_FORMING_STARTED:112100"",""BAL:ABB:2026-08-03:003:NEUTRAL:114800:BALANCE_COMPLETED:115400"",""BAL:ABB:2026-08-03:003:NEUTRAL:114800:BALANCE_FORMING_STARTED:114800"",""BAL:ABB:2026-08-03:004:NEUTRAL:122400:BALANCE_COMPLETED:125400"",""BAL:ABB:2026-08-03:004:NEUTRAL:122400:BALANCE_ESCAPE_ACCEPTED:125100"",""BAL:ABB:2026-08-03:004:NEUTRAL:122400:BALANCE_ESCAPE_STARTED:124800"",""BAL:ABB:2026-08-03:004:NEUTRAL:122400:BALANCE_FORMING_STARTED:122400"",""BAL:ABB:2026-08-03:004:NEUTRAL:122400:BALANCE_LOCKED:124500"",""BAL:ABB:2026-08-03:004:NEUTRAL:122400:BALANCE_PROBABLE:123600"",""BAL:ABB:2026-08-03:005:NEUTRAL:132100:BALANCE_COMPLETED:135400"",""BAL:ABB:2026-08-03:005:NEUTRAL:132100:BALANCE_ESCAPE_ACCEPTED:135100"",""BAL:ABB:2026-08-03:005:NEUTRAL:132100:BALANCE_ESCAPE_STARTED:134800"",""BAL:ABB:2026-08-03:005:NEUTRAL:132100:BALANCE_FORMING_STARTED:132100"",""BAL:ABB:2026-08-03:005:NEUTRAL:132100:BALANCE_LOCKED:134200"",""BAL:ABB:2026-08-03:005:NEUTRAL:132100:BALANCE_PROBABLE:133300""],""episode_id"":null,""escape_attempt_count"":0,""escape_direction"":""UNKNOWN"",""failed_escape_count"":0,""forming_bars_observed"":0,""forming_invalid_bars"":0,""frozen_high"":null,""frozen_low"":null,""last_escape_direction"":""UNKNOWN"",""last_escape_failed_at"":null,""last_escape_started_at"":null,""last_reason_codes"":[""NO_QUALIFIED_ACCEPTED_RANGE""],""marginal_excursion_bars"":0,""meaningful_escape_bars"":0,""outside_close_count"":0,""range_id"":null,""rearm_bars_elapsed"":0,""rearm_inside_close_count"":0,""rearm_required"":false,""reentry_close_count"":0,""sequence"":5,""source_range_ids"":[],""started_at"":null,""state"":""NONE"",""state_age_bars"":0,""state_started_at"":null,""up_escape_attempt_count"":0},""directional"":{""continuation_failure_progress_bars"":0,""continuation_failure_seen"":false,""continuation_failure_seen_at"":null,""direction"":""DOWN"",""emitted_event_ids"":[""DIR:ABB:2026-08-03:001:DOWN:101500:DIRECTIONAL_COMPLETED:105100"",""DIR:ABB:2026-08-03:001:DOWN:101500:DIRECTIONAL_STARTED:101500"",""DIR:ABB:2026-08-03:002:UP:110000:DIRECTIONAL_COMPLETED:113900"",""DIR:ABB:2026-08-03:002:UP:110000:DIRECTIONAL_MATURED:110300"",""DIR:ABB:2026-08-03:002:UP:110000:DIRECTIONAL_REVERSAL_CONFIRMED:113900"",""DIR:ABB:2026-08-03:002:UP:110000:DIRECTIONAL_STARTED:110000"",""DIR:ABB:2026-08-03:002:UP:110000:REVERSAL_WATCH_STARTED:110600"",""DIR:ABB:2026-08-03:003:DOWN:113900:DIRECTIONAL_COMPLETED:115400"",""DIR:ABB:2026-08-03:003:DOWN:113900:DIRECTIONAL_REVERSAL_LEG_FAILED:115400"",""DIR:ABB:2026-08-03:003:DOWN:113900:DIRECTIONAL_REVERSAL_LEG_STARTED:113900"",""DIR:ABB:2026-08-03:004:UP:120000:DIRECTIONAL_COMPLETED:124500"",""DIR:ABB:2026-08-03:004:UP:120000:DIRECTIONAL_CONTINUATION_CONFIRMED:123300"",""DIR:ABB:2026-08-03:004:UP:120000:DIRECTIONAL_MATURED:120300"",""DIR:ABB:2026-08-03:004:UP:120000:DIRECTIONAL_MATURED:123900"",""DIR:ABB:2026-08-03:004:UP:120000:DIRECTIONAL_REVERSAL_CONFIRMED:124500"",""DIR:ABB:2026-08-03:004:UP:120000:DIRECTIONAL_STARTED:120000"",""DIR:ABB:2026-08-03:004:UP:120000:DIRECTIONAL_TREND_RESTORED:122100"",""DIR:ABB:2026-08-03:004:UP:120000:REVERSAL_WATCH_STARTED:120600"",""DIR:ABB:2026-08-03:004:UP:120000:REVERSAL_WATCH_STARTED:124200"",""DIR:ABB:2026-08-03:005:DOWN:124500:DIRECTIONAL_COMPLETED:133300"",""DIR:ABB:2026-08-03:005:DOWN:124500:DIRECTIONAL_MATURED:125700"",""DIR:ABB:2026-08-03:005:DOWN:124500:DIRECTIONAL_MATURED:131800"",""DIR:ABB:2026-08-03:005:DOWN:124500:DIRECTIONAL_REVERSAL_CONFIRMED:133300"",""DIR:ABB:2026-08-03:005:DOWN:124500:DIRECTIONAL_REVERSAL_LEG_ESTABLISHED:125100"",""DIR:ABB:2026-08-03:005:DOWN:124500:DIRECTIONAL_REVERSAL_LEG_STARTED:124500"",""DIR:ABB:2026-08-03:005:DOWN:124500:DIRECTIONAL_TREND_RESTORED:131500"",""DIR:ABB:2026-08-03:005:DOWN:124500:REVERSAL_WATCH_STARTED:130000"",""DIR:ABB:2026-08-03:005:DOWN:124500:REVERSAL_WATCH_STARTED:132100"",""DIR:ABB:2026-08-03:006:UP:133300:DIRECTIONAL_COMPLETED:145100"",""DIR:ABB:2026-08-03:006:UP:133300:DIRECTIONAL_MATURED:142100"",""DIR:ABB:2026-08-03:006:UP:133300:DIRECTIONAL_REVERSAL_CONFIRMED:145100"",""DIR:ABB:2026-08-03:006:UP:133300:DIRECTIONAL_REVERSAL_LEG_ESTABLISHED:135100"",""DIR:ABB:2026-08-03:006:UP:133300:DIRECTIONAL_REVERSAL_LEG_STARTED:133300"",""DIR:ABB:2026-08-03:006:UP:133300:REVERSAL_WATCH_STARTED:142700"",""DIR:ABB:2026-08-03:007:DOWN:145100:DIRECTIONAL_REVERSAL_LEG_STARTED:145100""],""episode_id"":""DIR:ABB:2026-08-03:007:DOWN:145100"",""extreme_price"":7601.0,""extreme_time"":""2026-08-03T14:54:00+05:30"",""first_adverse_bar_close"":null,""first_adverse_bar_level"":null,""first_adverse_bar_time"":null,""inactive_bars"":0,""last_close"":7617.0,""last_observation_state"":""ORDERLY_UPTREND"",""last_observation_state_time"":""2026-08-03T15:03:00+05:30"",""last_reason_codes"":[""REVERSAL_LEG_FAILURE_PROGRESS""],""opposite_control_bars"":0,""origin_event_id"":""DIR:ABB:2026-08-03:006:UP:133300:DIRECTIONAL_REVERSAL_CONFIRMED:145100"",""origin_price"":7615.5,""origin_source"":""REVERSAL_EVENT_HANDOFF"",""parent_episode_id"":""DIR:ABB:2026-08-03:006:UP:133300"",""protection_level"":null,""protection_source"":"""",""protection_time"":null,""rejection_seen"":false,""rejection_seen_at"":null,""reversal_confirmation_breach_closes"":0,""reversal_confirmation_level"":7629.5,""reversal_confirmation_level_time"":""2026-08-03T14:45:00+05:30"",""reversal_confirmation_source"":""EPISODE_PRICE_ACTION_FIRST_ADVERSE_BAR:BAR_LOW"",""reversal_leg_failure_closes"":1,""reversal_leg_progress_atr"":0.0,""reversal_leg_progress_bars"":0,""reversal_watch_age_bars"":0,""sequence"":7,""start_candidate_bars"":0,""start_candidate_side"":""UNKNOWN"",""started_at"":""2026-08-03T14:51:00+05:30"",""state"":""REVERSAL_LEG"",""state_age_bars"":5,""state_started_at"":""2026-08-03T14:51:00+05:30"",""trend_restore_bars"":0},""evidence_history"":[{""atr"":16.524132205038526,""bar"":{""body_fraction"":0.4482758620689655,""close"":7589.5,""close_position"":1.0,""direction"":""UP"",""high"":7589.5,""low"":7575.0,""lower_wick_fraction"":0.5517241379310345,""move_atr"":0.393364076209583,""move_points"":6.5,""open"":7583.0,""snapshot_time"":""2026-08-03T14:30:00+05:30"",""upper_wick_fraction"":0.0,""volume"":5246.0},""close"":7589.5,""trend"":{""ema_ref"":7443.000102205852,""ema_slow"":7490.635616872279,""hma_order"":""BUY"",""hma_spread_atr"":4.209632345862008}},{""atr"":17.80812276182149,""bar"":{""body_fraction"":0.5362318840579711,""close"":7608.0,""close_position"":0.5362318840579711,""direction"":""UP"",""high"":7624.0,""low"":7589.5,""lower_wick_fraction"":0.0,""move_atr"":1.0388517783391416,""move_points"":18.5,""open"":7589.5,""snapshot_time"":""2026-08-03T14:33:00+05:30"",""upper_wick_fraction"":0.463768115942029,""volume"":22441.0},""close"":7608.0,""trend"":{""ema_ref"":7444.641892233655,""ema_slow"":7492.959664062927,""hma_order"":""BUY"",""hma_spread_atr"":4.010061767358477}},{""atr"":17.857542564548528,""bar"":{""body_fraction"":0.13513513513513514,""close"":7605.0,""close_position"":0.8108108108108109,""direction"":""DOWN"",""high"":7608.5,""low"":7590.0,""lower_wick_fraction"":0.8108108108108109,""move_atr"":-0.13999686636408165,""move_points"":-2.5,""open"":7607.5,""snapshot_time"":""2026-08-03T14:36:00+05:30"",""upper_wick_fraction"":0.05405405405405406,""volume"":10062.0},""close"":7605.0,""trend"":{""ema_ref"":7446.237495296007,""ema_slow"":7495.178284576532,""hma_order"":""BUY"",""hma_spread_atr"":4.1156149170575835}},{""atr"":18.010575238509347,""bar"":{""body_fraction"":0.575,""close"":7616.5,""close_position"":0.825,""direction"":""UP"",""high"":7620.0,""low"":7600.0,""lower_wick_fraction"":0.25,""move_atr"":0.6385137535980112,""move_points"":11.5,""open"":7605.0,""snapshot_time"":""2026-08-03T14:39:00+05:30"",""upper_wick_fraction"":0.175,""volume"":9804.0},""close"":7616.5,""trend"":{""ema_ref"":7447.9316495716685,""ema_slow"":7497.580694782938,""hma_order"":""BUY"",""hma_spread_atr"":4.254349339607453}},{""atr"":20.08124843575868,""bar"":{""body_fraction"":0.7446808510638298,""close"":7651.5,""close_position"":0.8829787234042553,""direction"":""UP"",""high"":7657.0,""low"":7610.0,""lower_wick_fraction"":0.13829787234042554,""move_atr"":1.7429195257440018,""move_points"":35.0,""open"":7616.5,""snapshot_time"":""2026-08-03T14:42:00+05:30"",""upper_wick_fraction"":0.11702127659574468,""volume"":21854.0},""close"":7651.5,""trend"":{""ema_ref"":7449.957205297324,""ema_slow"":7500.628601816939,""hma_order"":""BUY"",""hma_spread_atr"":4.264581922200843}},{""atr"":20.21830211891878,""bar"":{""body_fraction"":0.8181818181818182,""close"":7633.5,""close_position"":0.18181818181818185,""direction"":""DOWN"",""high"":7651.5,""low"":7629.5,""lower_wick_fraction"":0.18181818181818185,""move_atr"":-0.8902824724909488,""move_points"":-18.0,""open"":7651.5,""snapshot_time"":""2026-08-03T14:45:00+05:30"",""upper_wick_fraction"":0.0,""volume"":13227.0},""close"":7633.5,""trend"":{""ema_ref"":7451.783501762028,""ema_slow"":7503.259718612644,""hma_order"":""BUY"",""hma_spread_atr"":4.616096239607588}},{""atr"":19.559851967567436,""bar"":{""body_fraction"":0.5,""close"":7639.0,""close_position"":0.5,""direction"":""UP"",""high"":7644.5,""low"":7633.5,""lower_wick_fraction"":0.0,""move_atr"":0.28118822213581446,""move_points"":5.5,""open"":7633.5,""snapshot_time"":""2026-08-03T14:48:00+05:30"",""upper_wick_fraction"":0.5,""volume"":5677.0},""close"":7639.0,""trend"":{""ema_ref"":7453.646352490765,""ema_slow"":7505.947644976751,""hma_order"":""BUY"",""hma_spread_atr"":5.052954982818903}},{""atr"":20.01986254131262,""bar"":{""body_fraction"":0.9230769230769232,""close"":7615.5,""close_position"":0.057692307692307696,""direction"":""DOWN"",""high"":7640.0,""low"":7614.0,""lower_wick_fraction"":0.057692307692307696,""move_atr"":-1.198809429908624,""move_points"":-24.0,""open"":7639.5,""snapshot_time"":""2026-08-03T14:51:00+05:30"",""upper_wick_fraction"":0.019230769230769232,""volume"":10297.0},""close"":7615.5,""trend"":{""ema_ref"":7455.256836545584,""ema_slow"":7508.116998541567,""hma_order"":""BUY"",""hma_spread_atr"":4.803089659273621}},{""atr"":19.804158074076007,""bar"":{""body_fraction"":0.2352941176470588,""close"":7611.0,""close_position"":0.5882352941176471,""direction"":""DOWN"",""high"":7618.0,""low"":7601.0,""lower_wick_fraction"":0.5882352941176471,""move_atr"":-0.201977785929515,""move_points"":-4.0,""open"":7615.0,""snapshot_time"":""2026-08-03T14:54:00+05:30"",""upper_wick_fraction"":0.17647058823529413,""volume"":9447.0},""close"":7611.0,""trend"":{""ema_ref"":7456.806519764035,""ema_slow"":7510.15428569916,""hma_order"":""BUY"",""hma_spread_atr"":4.431433696938433}},{""atr"":18.853861068784862,""bar"":{""body_fraction"":0.15384615384615383,""close"":7610.0,""close_position"":0.3076923076923077,""direction"":""DOWN"",""high"":7614.5,""low"":7608.0,""lower_wick_fraction"":0.3076923076923077,""move_atr"":-0.05303953372477302,""move_points"":-1.0,""open"":7611.0,""snapshot_time"":""2026-08-03T14:57:00+05:30"",""upper_wick_fraction"":0.5384615384615384,""volume"":6626.0},""close"":7610.0,""trend"":{""ema_ref"":7458.330833000215,""ema_slow"":7512.131428556602,""hma_order"":""BUY"",""hma_spread_atr"":4.04407700830014}},{""atr"":18.54287099244309,""bar"":{""body_fraction"":0.4482758620689655,""close"":7614.5,""close_position"":0.6206896551724138,""direction"":""UP"",""high"":7620.0,""low"":7605.5,""lower_wick_fraction"":0.1724137931034483,""move_atr"":0.3505390294010562,""move_points"":6.5,""open"":7608.0,""snapshot_time"":""2026-08-03T15:00:00+05:30"",""upper_wick_fraction"":0.3793103448275862,""volume"":7662.0},""close"":7614.5,""trend"":{""ema_ref"":7459.884755059915,""ema_slow"":7514.158528981224,""hma_order"":""BUY"",""hma_spread_atr"":3.5080447070111043}},{""atr"":18.218380207268584,""bar"":{""body_fraction"":0.32142857142857145,""close"":7617.0,""close_position"":0.7857142857142857,""direction"":""UP"",""high"":7620.0,""low"":7606.0,""lower_wick_fraction"":0.4642857142857143,""move_atr"":0.2470032982517642,""move_points"":4.5,""open"":7612.5,""snapshot_time"":""2026-08-03T15:03:00+05:30"",""upper_wick_fraction"":0.21428571428571427,""volume"":11640.0},""close"":7617.0,""trend"":{""ema_ref"":7461.448090830463,""ema_slow"":7516.194993753873,""hma_order"":""SELL"",""hma_spread_atr"":3.0440188094874276}}],""last_observation_hash"":""baa9cfb92b8d7c1cb9f17a82a742fcd451d167e5ca992d474357410180984254"",""last_snapshot_time"":""2026-08-03T15:03:00+05:30"",""observation"":{""compression_box_high"":null,""compression_box_low"":null,""compression_candidate_bars"":0,""current_state"":""ORDERLY_UPTREND"",""established_side"":""UP"",""exhaustion_active"":true,""exhaustion_age_bars"":6,""exhaustion_clear_bars"":0,""exhaustion_last_seen_at"":""2026-08-03T15:03:00+05:30"",""exhaustion_side"":""UP"",""exhaustion_started_at"":""2026-08-03T14:48:00+05:30"",""failure_breach_bars"":0,""last_close"":7617.0,""last_reason_codes"":[""ESTABLISHED_DIRECTIONAL_CONTEXT_RETAINED"",""OBSERVATION_PROPOSAL_MATCHED_CURRENT"",""OBSERVATION_STATE_ORDERLY_UPTREND""],""last_snapshot_time"":""2026-08-03T15:03:00+05:30"",""leg_age_bars"":16,""leg_anchor_price"":7575.0,""leg_anchor_time"":""2026-08-03T14:18:00+05:30"",""leg_extreme_price"":7657.0,""leg_maturity_consumed"":false,""leg_maturity_extreme_price"":null,""leg_maturity_onset_time"":null,""leg_no_progress_bars"":7,""observation_count"":117,""pending_bars"":0,""pending_state"":null,""protection_level"":7575.0,""protection_source"":""INITIAL_DIRECTIONAL_ANCHOR"",""protection_time"":""2026-08-03T14:18:00+05:30"",""pullback_age_bars"":0,""pullback_candidate_bars"":0,""pullback_extreme_price"":null,""reacceleration_age_bars"":2,""recompression_age_bars"":0,""reversal_confirmation_bars"":0,""reversal_side"":""UP"",""state_age_bars"":13,""trading_day"":""2026-08-03"",""trend_anchor_price"":7575.0,""trend_candidate_bars"":11,""trend_candidate_side"":""UP"",""trend_extreme_price"":7657.0,""trend_failure_age_bars"":0,""trend_onset_time"":""2026-08-03T14:18:00+05:30""},""symbol"":""ABB"",""trading_day"":""2026-08-03""}"
restoration-v3-current-day,development,restoration-trend-control-v3,backtest-default,OK,,,,ABB,2026-08-03,2026-08-03T15:06:00+05:30,2026-08-03T15:03:00+05:30,SNAPSHOT_AUCTION_AUTHORITY_V3A,3m,True,True,7621.5,2026-08-03T15:06:00,7617.0,7630.0,7615.0,7621.5,8594.0,17.988495906749403,EXPANDING_RANGE,SELL,candidate_boundaries_or_midpoint_still_drifting,RANGE_ACCEPTED,DYNAMIC:2026-08-03T13:00:00+05:30:2026-08-03T13:18:00+05:30,7492.5,7526.0,36,ok,UP_ACCELERATING,0.19456879653216455,0.14592659739912345,OK,INCREMENTAL_PREVIOUS_SNAPSHOT,AUTOTRADES_AUCTION_ENGINE,1.1.0,,,ORDERLY_UPTREND,UP,UP,False,True,True,UP,True,False,False,7575.0,INITIAL_DIRECTIONAL_ANCHOR,2026-08-03T14:18:00+05:30,DYNAMIC:2026-08-03T13:00:00+05:30:2026-08-03T13:18:00+05:30,7492.5,7526.0,False,3.850746268656717,0.2608695652173913,PRICE_ACTION,0.7184873949579832,ESTABLISHED_DIRECTIONAL_CONTEXT_RETAINED|OBSERVATION_PROPOSAL_MATCHED_CURRENT|OBSERVATION_STATE_ORDERLY_UPTREND|OBJECTIVE_REJECTION_OBSERVED|OBJECTIVE_ACCEPTED_RANGE_GEOMETRY_PRESENT|OBJECTIVE_TREND_PROTECTION_GEOMETRY_PRESENT,DIR:ABB:2026-08-03:007:DOWN:145100,REVERSAL_LEG,COMPLETED,DOWN,REVERSAL_EVENT_HANDOFF,DIR:ABB:2026-08-03:006:UP:133300,DIR:ABB:2026-08-03:006:UP:133300:DIRECTIONAL_REVERSAL_CONFIRMED:145100,2026-08-03T14:51:00+05:30,2026-08-03T15:06:00+05:30,1,7615.5,7601.0,2026-08-03T14:54:00+05:30,,,7629.5,EPISODE_PRICE_ACTION_FIRST_ADVERSE_BAR:BAR_LOW,2026-08-03T14:45:00+05:30,0,0.0,2,False,REVERSAL_LEG_FAILURE_PROGRESS|REVERSAL_LEG_FAILED,7,UNKNOWN,0,0,0,0,0,ORDERLY_UPTREND,2026-08-03T15:06:00+05:30,REVERSAL_LEG_FAILURE_PROGRESS|REVERSAL_LEG_FAILED,,NONE,NONE,0,,,,,,UNKNOWN,0,0,0,0,False,False,NO_QUALIFIED_ACCEPTED_RANGE,2,DIR:ABB:2026-08-03:007:DOWN:145100:DIRECTIONAL_REVERSAL_LEG_FAILED:150600|DIR:ABB:2026-08-03:007:DOWN:145100:DIRECTIONAL_COMPLETED:150600,DIRECTIONAL_REVERSAL_LEG_FAILED|DIRECTIONAL_COMPLETED,UP|DOWN,DIR:ABB:2026-08-03:007:DOWN:145100|DIR:ABB:2026-08-03:007:DOWN:145100,"DIRECTIONAL_REVERSAL_LEG_FAILED:REVERSAL_LEG_REACCEPTED_BEYOND_HANDOFF_ORIGIN,REVERSAL_LEG_FAILED_BEFORE_DIRECTION_ESTABLISHED|DIRECTIONAL_COMPLETED:FAILED_REVERSAL_LEG_COMPLETED",0,,,,,CONFLICT,MATCH,CONFLICT,CONFLICT,False,0,False,False,True,True,EPISODE_TREND_CONFLICT|EPISODE_SLOPE_CONFLICT,TRANSITIONAL_CONFLICT,"[""event_id='DIR:ABB:2026-08-03:007:DOWN:145100:DIRECTIONAL_REVERSAL_LEG_FAILED:150600' event_type=<AuctionEventType.DIRECTIONAL_REVERSAL_LEG_FAILED: 'DIRECTIONAL_REVERSAL_LEG_FAILED'> episode_id='DIR:ABB:2026-08-03:007:DOWN:145100' symbol='ABB' trading_day=datetime.date(2026, 8, 3) event_time=datetime.datetime(2026, 8, 3, 15, 6, tzinfo=TzInfo(19800)) direction=<DirectionalBias.UP: 'UP'> reason_codes=('REVERSAL_LEG_REACCEPTED_BEYOND_HANDOFF_ORIGIN', 'REVERSAL_LEG_FAILED_BEFORE_DIRECTION_ESTABLISHED') data={'origin_price': 7615.5, 'extreme_price': 7601.0, 'origin_source': 'REVERSAL_EVENT_HANDOFF', 'origin_event_id': 'DIR:ABB:2026-08-03:006:UP:133300:DIRECTIONAL_REVERSAL_CONFIRMED:145100', 'protection_level': None, 'parent_episode_id': 'DIR:ABB:2026-08-03:006:UP:133300', 'protection_source': '', 'first_adverse_bar_time': None, 'first_adverse_bar_close': None, 'first_adverse_bar_level': None, 'continuation_failure_time': None, 'reversal_leg_progress_atr': 0.0, 'reversal_leg_progress_bars': 0, 'reversal_confirmation_level': 7629.5, 'reversal_leg_failure_closes': 2, 'reversal_confirmation_source': 'EPISODE_PRICE_ACTION_FIRST_ADVERSE_BAR:BAR_LOW', 'reversal_confirmation_level_time': '2026-08-03T14:45:00+05:30'}"",""event_id='DIR:ABB:2026-08-03:007:DOWN:145100:DIRECTIONAL_COMPLETED:150600' event_type=<AuctionEventType.DIRECTIONAL_COMPLETED: 'DIRECTIONAL_COMPLETED'> episode_id='DIR:ABB:2026-08-03:007:DOWN:145100' symbol='ABB' trading_day=datetime.date(2026, 8, 3) event_time=datetime.datetime(2026, 8, 3, 15, 6, tzinfo=TzInfo(19800)) direction=<DirectionalBias.DOWN: 'DOWN'> reason_codes=('FAILED_REVERSAL_LEG_COMPLETED',) data={'origin_price': 7615.5, 'extreme_price': 7601.0, 'origin_source': 'REVERSAL_EVENT_HANDOFF', 'origin_event_id': 'DIR:ABB:2026-08-03:006:UP:133300:DIRECTIONAL_REVERSAL_CONFIRMED:145100', 'protection_level': None, 'parent_episode_id': 'DIR:ABB:2026-08-03:006:UP:133300', 'protection_source': '', 'first_adverse_bar_time': None, 'first_adverse_bar_close': None, 'first_adverse_bar_level': None, 'continuation_failure_time': None, 'reversal_leg_progress_atr': 0.0, 'reversal_leg_progress_bars': 0, 'reversal_confirmation_level': 7629.5, 'reversal_leg_failure_closes': 2, 'reversal_confirmation_source': 'EPISODE_PRICE_ACTION_FIRST_ADVERSE_BAR:BAR_LOW', 'reversal_confirmation_level_time': '2026-08-03T14:45:00+05:30'}""]",[],"{""accepted_range_breakout_eligible"":true,""accepted_range_established_at"":""2026-08-03T13:18:00+05:30"",""accepted_range_high"":7526.0,""accepted_range_id"":""DYNAMIC:2026-08-03T13:00:00+05:30:2026-08-03T13:18:00+05:30"",""accepted_range_inside"":false,""accepted_range_low"":7492.5,""accepted_range_outside_atr"":5.308948591091919,""accepted_range_position"":3.850746268656717,""accepted_range_provisional"":false,""atr"":17.988495906749403,""close"":7621.5,""current_leg_mature"":false,""directional_bias"":""UP"",""directional_efficiency"":0.2608695652173913,""directional_efficiency_source"":""PRICE_ACTION"",""exhausted_side"":""UP"",""exhaustion_active"":true,""extension_mature"":true,""failed_extreme_observed"":false,""high"":7630.0,""low"":7615.0,""observation_state"":""ORDERLY_UPTREND"",""overlap_ratio"":0.7184873949579832,""range_width_atr"":1.8623013382364324,""rejection_observed"":true,""snapshot_time"":""2026-08-03T15:06:00+05:30"",""source_reason_codes"":[""ESTABLISHED_DIRECTIONAL_CONTEXT_RETAINED"",""OBSERVATION_PROPOSAL_MATCHED_CURRENT"",""OBSERVATION_STATE_ORDERLY_UPTREND"",""OBJECTIVE_REJECTION_OBSERVED"",""OBJECTIVE_ACCEPTED_RANGE_GEOMETRY_PRESENT"",""OBJECTIVE_TREND_PROTECTION_GEOMETRY_PRESENT""],""structural_failure_confirmed"":false,""symbol"":""ABB"",""trading_day"":""2026-08-03"",""trend_direction"":""UP"",""trend_protection_level"":7575.0,""trend_protection_source"":""INITIAL_DIRECTIONAL_ANCHOR"",""trend_protection_time"":""2026-08-03T14:18:00+05:30""}","{""continuation_failure_seen"":false,""continuation_failure_time"":null,""current_state"":""COMPLETED"",""direction"":""DOWN"",""episode_id"":""DIR:ABB:2026-08-03:007:DOWN:145100"",""extreme_price"":7601.0,""extreme_time"":""2026-08-03T14:54:00+05:30"",""first_adverse_bar_close"":null,""first_adverse_bar_level"":null,""first_adverse_bar_time"":null,""origin_event_id"":""DIR:ABB:2026-08-03:006:UP:133300:DIRECTIONAL_REVERSAL_CONFIRMED:145100"",""origin_price"":7615.5,""origin_source"":""REVERSAL_EVENT_HANDOFF"",""parent_episode_id"":""DIR:ABB:2026-08-03:006:UP:133300"",""previous_state"":""REVERSAL_LEG"",""protection_level"":null,""protection_source"":"""",""reason_codes"":[""REVERSAL_LEG_FAILURE_PROGRESS"",""REVERSAL_LEG_FAILED""],""rejection_seen"":false,""reversal_confirmation_breach_closes"":0,""reversal_confirmation_level"":7629.5,""reversal_confirmation_level_time"":""2026-08-03T14:45:00+05:30"",""reversal_confirmation_source"":""EPISODE_PRICE_ACTION_FIRST_ADVERSE_BAR:BAR_LOW"",""reversal_leg_failure_closes"":2,""reversal_leg_progress_atr"":0.0,""reversal_leg_progress_bars"":0,""started_at"":""2026-08-03T14:51:00+05:30"",""state_age_bars"":1,""state_started_at"":""2026-08-03T15:06:00+05:30""}","{""attempt_limit_reached"":false,""candidate_bar_expansion_count"":0,""candidate_high"":null,""candidate_last_valid_at"":null,""candidate_low"":null,""candidate_merge_count"":0,""containment_bars"":0,""containment_ratio"":0.0,""current_state"":""NONE"",""down_escape_attempt_count"":0,""episode_id"":null,""escape_attempt_count"":0,""escape_direction"":""UNKNOWN"",""failed_escape_count"":0,""forming_bars_observed"":0,""forming_invalid_bars"":0,""frozen_high"":null,""frozen_low"":null,""last_escape_direction"":""UNKNOWN"",""last_escape_failed_at"":null,""last_escape_started_at"":null,""marginal_excursion_bars"":0,""meaningful_escape_bars"":0,""outside_close_count"":0,""previous_state"":""NONE"",""range_id"":null,""rearm_bars_elapsed"":0,""rearm_inside_close_count"":0,""rearm_required"":false,""reason_codes"":[""NO_QUALIFIED_ACCEPTED_RANGE""],""reentry_close_count"":0,""source_range_ids"":[],""started_at"":null,""state_age_bars"":0,""state_started_at"":null,""up_escape_attempt_count"":0}","{""balance_attempt_limit_reached"":false,""balance_candidate_bar_expansion_count"":0,""balance_candidate_merge_count"":0,""balance_containment_ratio"":0.0,""balance_down_escape_attempt_count"":0,""balance_escape_attempt_count"":0,""balance_failed_escape_count"":0,""balance_forming_bars_observed"":0,""balance_forming_invalid_bars"":0,""balance_last_escape_direction"":""UNKNOWN"",""balance_last_escape_failed_at"":null,""balance_last_escape_started_at"":null,""balance_marginal_excursion_bars"":0,""balance_meaningful_escape_bars"":0,""balance_rearm_bars_elapsed"":0,""balance_rearm_inside_close_count"":0,""balance_rearm_required"":false,""balance_up_escape_attempt_count"":0,""directional_origin_event_id"":""DIR:ABB:2026-08-03:006:UP:133300:DIRECTIONAL_REVERSAL_CONFIRMED:145100"",""directional_origin_source"":""REVERSAL_EVENT_HANDOFF"",""directional_parent_episode_id"":""DIR:ABB:2026-08-03:006:UP:133300"",""directional_reversal_watch_age_bars"":0,""directional_start_candidate_bars"":0,""directional_start_candidate_side"":""UNKNOWN"",""observation_accepted_range_id"":""DYNAMIC:2026-08-03T13:00:00+05:30:2026-08-03T13:18:00+05:30"",""observation_current_leg_mature"":false,""observation_directional_bias"":""UP"",""observation_exhaustion_active"":true,""observation_state"":""ORDERLY_UPTREND""}","{""balance"":{""attempt_limit_reached"":false,""candidate_bar_expansion_count"":0,""candidate_high"":null,""candidate_last_valid_at"":null,""candidate_low"":null,""candidate_merge_count"":0,""containment_bars"":0,""down_escape_attempt_count"":0,""emitted_event_ids"":[""BAL:ABB:2026-08-03:001:NEUTRAL:100600:BALANCE_COMPLETED:105400"",""BAL:ABB:2026-08-03:001:NEUTRAL:100600:BALANCE_ESCAPE_ACCEPTED:105100"",""BAL:ABB:2026-08-03:001:NEUTRAL:100600:BALANCE_ESCAPE_STARTED:104800"",""BAL:ABB:2026-08-03:001:NEUTRAL:100600:BALANCE_FORMING_STARTED:100600"",""BAL:ABB:2026-08-03:001:NEUTRAL:100600:BALANCE_LOCKED:102700"",""BAL:ABB:2026-08-03:001:NEUTRAL:100600:BALANCE_PROBABLE:101800"",""BAL:ABB:2026-08-03:002:NEUTRAL:112100:BALANCE_COMPLETED:113000"",""BAL:ABB:2026-08-03:002:NEUTRAL:112100:BALANCE_FORMING_STARTED:112100"",""BAL:ABB:2026-08-03:003:NEUTRAL:114800:BALANCE_COMPLETED:115400"",""BAL:ABB:2026-08-03:003:NEUTRAL:114800:BALANCE_FORMING_STARTED:114800"",""BAL:ABB:2026-08-03:004:NEUTRAL:122400:BALANCE_COMPLETED:125400"",""BAL:ABB:2026-08-03:004:NEUTRAL:122400:BALANCE_ESCAPE_ACCEPTED:125100"",""BAL:ABB:2026-08-03:004:NEUTRAL:122400:BALANCE_ESCAPE_STARTED:124800"",""BAL:ABB:2026-08-03:004:NEUTRAL:122400:BALANCE_FORMING_STARTED:122400"",""BAL:ABB:2026-08-03:004:NEUTRAL:122400:BALANCE_LOCKED:124500"",""BAL:ABB:2026-08-03:004:NEUTRAL:122400:BALANCE_PROBABLE:123600"",""BAL:ABB:2026-08-03:005:NEUTRAL:132100:BALANCE_COMPLETED:135400"",""BAL:ABB:2026-08-03:005:NEUTRAL:132100:BALANCE_ESCAPE_ACCEPTED:135100"",""BAL:ABB:2026-08-03:005:NEUTRAL:132100:BALANCE_ESCAPE_STARTED:134800"",""BAL:ABB:2026-08-03:005:NEUTRAL:132100:BALANCE_FORMING_STARTED:132100"",""BAL:ABB:2026-08-03:005:NEUTRAL:132100:BALANCE_LOCKED:134200"",""BAL:ABB:2026-08-03:005:NEUTRAL:132100:BALANCE_PROBABLE:133300""],""episode_id"":null,""escape_attempt_count"":0,""escape_direction"":""UNKNOWN"",""failed_escape_count"":0,""forming_bars_observed"":0,""forming_invalid_bars"":0,""frozen_high"":null,""frozen_low"":null,""last_escape_direction"":""UNKNOWN"",""last_escape_failed_at"":null,""last_escape_started_at"":null,""last_reason_codes"":[""NO_QUALIFIED_ACCEPTED_RANGE""],""marginal_excursion_bars"":0,""meaningful_escape_bars"":0,""outside_close_count"":0,""range_id"":null,""rearm_bars_elapsed"":0,""rearm_inside_close_count"":0,""rearm_required"":false,""reentry_close_count"":0,""sequence"":5,""source_range_ids"":[],""started_at"":null,""state"":""NONE"",""state_age_bars"":0,""state_started_at"":null,""up_escape_attempt_count"":0},""directional"":{""continuation_failure_progress_bars"":0,""continuation_failure_seen"":false,""continuation_failure_seen_at"":null,""direction"":""DOWN"",""emitted_event_ids"":[""DIR:ABB:2026-08-03:001:DOWN:101500:DIRECTIONAL_COMPLETED:105100"",""DIR:ABB:2026-08-03:001:DOWN:101500:DIRECTIONAL_STARTED:101500"",""DIR:ABB:2026-08-03:002:UP:110000:DIRECTIONAL_COMPLETED:113900"",""DIR:ABB:2026-08-03:002:UP:110000:DIRECTIONAL_MATURED:110300"",""DIR:ABB:2026-08-03:002:UP:110000:DIRECTIONAL_REVERSAL_CONFIRMED:113900"",""DIR:ABB:2026-08-03:002:UP:110000:DIRECTIONAL_STARTED:110000"",""DIR:ABB:2026-08-03:002:UP:110000:REVERSAL_WATCH_STARTED:110600"",""DIR:ABB:2026-08-03:003:DOWN:113900:DIRECTIONAL_COMPLETED:115400"",""DIR:ABB:2026-08-03:003:DOWN:113900:DIRECTIONAL_REVERSAL_LEG_FAILED:115400"",""DIR:ABB:2026-08-03:003:DOWN:113900:DIRECTIONAL_REVERSAL_LEG_STARTED:113900"",""DIR:ABB:2026-08-03:004:UP:120000:DIRECTIONAL_COMPLETED:124500"",""DIR:ABB:2026-08-03:004:UP:120000:DIRECTIONAL_CONTINUATION_CONFIRMED:123300"",""DIR:ABB:2026-08-03:004:UP:120000:DIRECTIONAL_MATURED:120300"",""DIR:ABB:2026-08-03:004:UP:120000:DIRECTIONAL_MATURED:123900"",""DIR:ABB:2026-08-03:004:UP:120000:DIRECTIONAL_REVERSAL_CONFIRMED:124500"",""DIR:ABB:2026-08-03:004:UP:120000:DIRECTIONAL_STARTED:120000"",""DIR:ABB:2026-08-03:004:UP:120000:DIRECTIONAL_TREND_RESTORED:122100"",""DIR:ABB:2026-08-03:004:UP:120000:REVERSAL_WATCH_STARTED:120600"",""DIR:ABB:2026-08-03:004:UP:120000:REVERSAL_WATCH_STARTED:124200"",""DIR:ABB:2026-08-03:005:DOWN:124500:DIRECTIONAL_COMPLETED:133300"",""DIR:ABB:2026-08-03:005:DOWN:124500:DIRECTIONAL_MATURED:125700"",""DIR:ABB:2026-08-03:005:DOWN:124500:DIRECTIONAL_MATURED:131800"",""DIR:ABB:2026-08-03:005:DOWN:124500:DIRECTIONAL_REVERSAL_CONFIRMED:133300"",""DIR:ABB:2026-08-03:005:DOWN:124500:DIRECTIONAL_REVERSAL_LEG_ESTABLISHED:125100"",""DIR:ABB:2026-08-03:005:DOWN:124500:DIRECTIONAL_REVERSAL_LEG_STARTED:124500"",""DIR:ABB:2026-08-03:005:DOWN:124500:DIRECTIONAL_TREND_RESTORED:131500"",""DIR:ABB:2026-08-03:005:DOWN:124500:REVERSAL_WATCH_STARTED:130000"",""DIR:ABB:2026-08-03:005:DOWN:124500:REVERSAL_WATCH_STARTED:132100"",""DIR:ABB:2026-08-03:006:UP:133300:DIRECTIONAL_COMPLETED:145100"",""DIR:ABB:2026-08-03:006:UP:133300:DIRECTIONAL_MATURED:142100"",""DIR:ABB:2026-08-03:006:UP:133300:DIRECTIONAL_REVERSAL_CONFIRMED:145100"",""DIR:ABB:2026-08-03:006:UP:133300:DIRECTIONAL_REVERSAL_LEG_ESTABLISHED:135100"",""DIR:ABB:2026-08-03:006:UP:133300:DIRECTIONAL_REVERSAL_LEG_STARTED:133300"",""DIR:ABB:2026-08-03:006:UP:133300:REVERSAL_WATCH_STARTED:142700"",""DIR:ABB:2026-08-03:007:DOWN:145100:DIRECTIONAL_COMPLETED:150600"",""DIR:ABB:2026-08-03:007:DOWN:145100:DIRECTIONAL_REVERSAL_LEG_FAILED:150600"",""DIR:ABB:2026-08-03:007:DOWN:145100:DIRECTIONAL_REVERSAL_LEG_STARTED:145100""],""episode_id"":""DIR:ABB:2026-08-03:007:DOWN:145100"",""extreme_price"":7601.0,""extreme_time"":""2026-08-03T14:54:00+05:30"",""first_adverse_bar_close"":null,""first_adverse_bar_level"":null,""first_adverse_bar_time"":null,""inactive_bars"":0,""last_close"":7621.5,""last_observation_state"":""ORDERLY_UPTREND"",""last_observation_state_time"":""2026-08-03T15:06:00+05:30"",""last_reason_codes"":[""REVERSAL_LEG_FAILURE_PROGRESS"",""REVERSAL_LEG_FAILED""],""opposite_control_bars"":0,""origin_event_id"":""DIR:ABB:2026-08-03:006:UP:133300:DIRECTIONAL_REVERSAL_CONFIRMED:145100"",""origin_price"":7615.5,""origin_source"":""REVERSAL_EVENT_HANDOFF"",""parent_episode_id"":""DIR:ABB:2026-08-03:006:UP:133300"",""protection_level"":null,""protection_source"":"""",""protection_time"":null,""rejection_seen"":false,""rejection_seen_at"":null,""reversal_confirmation_breach_closes"":0,""reversal_confirmation_level"":7629.5,""reversal_confirmation_level_time"":""2026-08-03T14:45:00+05:30"",""reversal_confirmation_source"":""EPISODE_PRICE_ACTION_FIRST_ADVERSE_BAR:BAR_LOW"",""reversal_leg_failure_closes"":2,""reversal_leg_progress_atr"":0.0,""reversal_leg_progress_bars"":0,""reversal_watch_age_bars"":0,""sequence"":7,""start_candidate_bars"":0,""start_candidate_side"":""UNKNOWN"",""started_at"":""2026-08-03T14:51:00+05:30"",""state"":""COMPLETED"",""state_age_bars"":1,""state_started_at"":""2026-08-03T15:06:00+05:30"",""trend_restore_bars"":0},""evidence_history"":[{""atr"":17.80812276182149,""bar"":{""body_fraction"":0.5362318840579711,""close"":7608.0,""close_position"":0.5362318840579711,""direction"":""UP"",""high"":7624.0,""low"":7589.5,""lower_wick_fraction"":0.0,""move_atr"":1.0388517783391416,""move_points"":18.5,""open"":7589.5,""snapshot_time"":""2026-08-03T14:33:00+05:30"",""upper_wick_fraction"":0.463768115942029,""volume"":22441.0},""close"":7608.0,""trend"":{""ema_ref"":7444.641892233655,""ema_slow"":7492.959664062927,""hma_order"":""BUY"",""hma_spread_atr"":4.010061767358477}},{""atr"":17.857542564548528,""bar"":{""body_fraction"":0.13513513513513514,""close"":7605.0,""close_position"":0.8108108108108109,""direction"":""DOWN"",""high"":7608.5,""low"":7590.0,""lower_wick_fraction"":0.8108108108108109,""move_atr"":-0.13999686636408165,""move_points"":-2.5,""open"":7607.5,""snapshot_time"":""2026-08-03T14:36:00+05:30"",""upper_wick_fraction"":0.05405405405405406,""volume"":10062.0},""close"":7605.0,""trend"":{""ema_ref"":7446.237495296007,""ema_slow"":7495.178284576532,""hma_order"":""BUY"",""hma_spread_atr"":4.1156149170575835}},{""atr"":18.010575238509347,""bar"":{""body_fraction"":0.575,""close"":7616.5,""close_position"":0.825,""direction"":""UP"",""high"":7620.0,""low"":7600.0,""lower_wick_fraction"":0.25,""move_atr"":0.6385137535980112,""move_points"":11.5,""open"":7605.0,""snapshot_time"":""2026-08-03T14:39:00+05:30"",""upper_wick_fraction"":0.175,""volume"":9804.0},""close"":7616.5,""trend"":{""ema_ref"":7447.9316495716685,""ema_slow"":7497.580694782938,""hma_order"":""BUY"",""hma_spread_atr"":4.254349339607453}},{""atr"":20.08124843575868,""bar"":{""body_fraction"":0.7446808510638298,""close"":7651.5,""close_position"":0.8829787234042553,""direction"":""UP"",""high"":7657.0,""low"":7610.0,""lower_wick_fraction"":0.13829787234042554,""move_atr"":1.7429195257440018,""move_points"":35.0,""open"":7616.5,""snapshot_time"":""2026-08-03T14:42:00+05:30"",""upper_wick_fraction"":0.11702127659574468,""volume"":21854.0},""close"":7651.5,""trend"":{""ema_ref"":7449.957205297324,""ema_slow"":7500.628601816939,""hma_order"":""BUY"",""hma_spread_atr"":4.264581922200843}},{""atr"":20.21830211891878,""bar"":{""body_fraction"":0.8181818181818182,""close"":7633.5,""close_position"":0.18181818181818185,""direction"":""DOWN"",""high"":7651.5,""low"":7629.5,""lower_wick_fraction"":0.18181818181818185,""move_atr"":-0.8902824724909488,""move_points"":-18.0,""open"":7651.5,""snapshot_time"":""2026-08-03T14:45:00+05:30"",""upper_wick_fraction"":0.0,""volume"":13227.0},""close"":7633.5,""trend"":{""ema_ref"":7451.783501762028,""ema_slow"":7503.259718612644,""hma_order"":""BUY"",""hma_spread_atr"":4.616096239607588}},{""atr"":19.559851967567436,""bar"":{""body_fraction"":0.5,""close"":7639.0,""close_position"":0.5,""direction"":""UP"",""high"":7644.5,""low"":7633.5,""lower_wick_fraction"":0.0,""move_atr"":0.28118822213581446,""move_points"":5.5,""open"":7633.5,""snapshot_time"":""2026-08-03T14:48:00+05:30"",""upper_wick_fraction"":0.5,""volume"":5677.0},""close"":7639.0,""trend"":{""ema_ref"":7453.646352490765,""ema_slow"":7505.947644976751,""hma_order"":""BUY"",""hma_spread_atr"":5.052954982818903}},{""atr"":20.01986254131262,""bar"":{""body_fraction"":0.9230769230769232,""close"":7615.5,""close_position"":0.057692307692307696,""direction"":""DOWN"",""high"":7640.0,""low"":7614.0,""lower_wick_fraction"":0.057692307692307696,""move_atr"":-1.198809429908624,""move_points"":-24.0,""open"":7639.5,""snapshot_time"":""2026-08-03T14:51:00+05:30"",""upper_wick_fraction"":0.019230769230769232,""volume"":10297.0},""close"":7615.5,""trend"":{""ema_ref"":7455.256836545584,""ema_slow"":7508.116998541567,""hma_order"":""BUY"",""hma_spread_atr"":4.803089659273621}},{""atr"":19.804158074076007,""bar"":{""body_fraction"":0.2352941176470588,""close"":7611.0,""close_position"":0.5882352941176471,""direction"":""DOWN"",""high"":7618.0,""low"":7601.0,""lower_wick_fraction"":0.5882352941176471,""move_atr"":-0.201977785929515,""move_points"":-4.0,""open"":7615.0,""snapshot_time"":""2026-08-03T14:54:00+05:30"",""upper_wick_fraction"":0.17647058823529413,""volume"":9447.0},""close"":7611.0,""trend"":{""ema_ref"":7456.806519764035,""ema_slow"":7510.15428569916,""hma_order"":""BUY"",""hma_spread_atr"":4.431433696938433}},{""atr"":18.853861068784862,""bar"":{""body_fraction"":0.15384615384615383,""close"":7610.0,""close_position"":0.3076923076923077,""direction"":""DOWN"",""high"":7614.5,""low"":7608.0,""lower_wick_fraction"":0.3076923076923077,""move_atr"":-0.05303953372477302,""move_points"":-1.0,""open"":7611.0,""snapshot_time"":""2026-08-03T14:57:00+05:30"",""upper_wick_fraction"":0.5384615384615384,""volume"":6626.0},""close"":7610.0,""trend"":{""ema_ref"":7458.330833000215,""ema_slow"":7512.131428556602,""hma_order"":""BUY"",""hma_spread_atr"":4.04407700830014}},{""atr"":18.54287099244309,""bar"":{""body_fraction"":0.4482758620689655,""close"":7614.5,""close_position"":0.6206896551724138,""direction"":""UP"",""high"":7620.0,""low"":7605.5,""lower_wick_fraction"":0.1724137931034483,""move_atr"":0.3505390294010562,""move_points"":6.5,""open"":7608.0,""snapshot_time"":""2026-08-03T15:00:00+05:30"",""upper_wick_fraction"":0.3793103448275862,""volume"":7662.0},""close"":7614.5,""trend"":{""ema_ref"":7459.884755059915,""ema_slow"":7514.158528981224,""hma_order"":""BUY"",""hma_spread_atr"":3.5080447070111043}},{""atr"":18.218380207268584,""bar"":{""body_fraction"":0.32142857142857145,""close"":7617.0,""close_position"":0.7857142857142857,""direction"":""UP"",""high"":7620.0,""low"":7606.0,""lower_wick_fraction"":0.4642857142857143,""move_atr"":0.2470032982517642,""move_points"":4.5,""open"":7612.5,""snapshot_time"":""2026-08-03T15:03:00+05:30"",""upper_wick_fraction"":0.21428571428571427,""volume"":11640.0},""close"":7617.0,""trend"":{""ema_ref"":7461.448090830463,""ema_slow"":7516.194993753873,""hma_order"":""SELL"",""hma_spread_atr"":3.0440188094874276}},{""atr"":17.988495906749403,""bar"":{""body_fraction"":0.3,""close"":7621.5,""close_position"":0.43333333333333335,""direction"":""UP"",""high"":7630.0,""low"":7615.0,""lower_wick_fraction"":0.13333333333333333,""move_atr"":0.25015988125564015,""move_points"":4.5,""open"":7617.0,""snapshot_time"":""2026-08-03T15:06:00+05:30"",""upper_wick_fraction"":0.5666666666666667,""volume"":8594.0},""close"":7621.5,""trend"":{""ema_ref"":7463.040647140608,""ema_slow"":7518.280241402311,""hma_order"":""SELL"",""hma_spread_atr"":3.0808123457639853}}],""last_observation_hash"":""b995b43e72ec42c1f5ae09daa170418b55968a77c7035676059eede638fe25c5"",""last_snapshot_time"":""2026-08-03T15:06:00+05:30"",""observation"":{""compression_box_high"":7630.0,""compression_box_low"":7615.0,""compression_candidate_bars"":1,""current_state"":""ORDERLY_UPTREND"",""established_side"":""UP"",""exhaustion_active"":true,""exhaustion_age_bars"":7,""exhaustion_clear_bars"":0,""exhaustion_last_seen_at"":""2026-08-03T15:06:00+05:30"",""exhaustion_side"":""UP"",""exhaustion_started_at"":""2026-08-03T14:48:00+05:30"",""failure_breach_bars"":0,""last_close"":7621.5,""last_reason_codes"":[""ESTABLISHED_DIRECTIONAL_CONTEXT_RETAINED"",""OBSERVATION_PROPOSAL_MATCHED_CURRENT"",""OBSERVATION_STATE_ORDERLY_UPTREND""],""last_snapshot_time"":""2026-08-03T15:06:00+05:30"",""leg_age_bars"":17,""leg_anchor_price"":7575.0,""leg_anchor_time"":""2026-08-03T14:18:00+05:30"",""leg_extreme_price"":7657.0,""leg_maturity_consumed"":false,""leg_maturity_extreme_price"":null,""leg_maturity_onset_time"":null,""leg_no_progress_bars"":8,""observation_count"":118,""pending_bars"":0,""pending_state"":null,""protection_level"":7575.0,""protection_source"":""INITIAL_DIRECTIONAL_ANCHOR"",""protection_time"":""2026-08-03T14:18:00+05:30"",""pullback_age_bars"":0,""pullback_candidate_bars"":0,""pullback_extreme_price"":null,""reacceleration_age_bars"":2,""recompression_age_bars"":0,""reversal_confirmation_bars"":0,""reversal_side"":""UP"",""state_age_bars"":14,""trading_day"":""2026-08-03"",""trend_anchor_price"":7575.0,""trend_candidate_bars"":10,""trend_candidate_side"":""UP"",""trend_extreme_price"":7657.0,""trend_failure_age_bars"":0,""trend_onset_time"":""2026-08-03T14:18:00+05:30""},""symbol"":""ABB"",""trading_day"":""2026-08-03""}"
restoration-v3-current-day,development,restoration-trend-control-v3,backtest-default,OK,,,,ABB,2026-08-03,2026-08-03T15:09:00+05:30,2026-08-03T15:06:00+05:30,SNAPSHOT_AUCTION_AUTHORITY_V3A,3m,True,True,7628.5,2026-08-03T15:09:00,7620.5,7641.5,7616.0,7628.5,17226.0,18.525031913410164,TRENDING_UP,BUY,candidate_has_directional_efficiency_or_displacement,RANGE_ACCEPTED,DYNAMIC:2026-08-03T13:00:00+05:30:2026-08-03T13:18:00+05:30,7492.5,7526.0,37,ok,UP_ACCELERATING,0.3103908283060829,0.24966218798532752,OK,INCREMENTAL_PREVIOUS_SNAPSHOT,AUTOTRADES_AUCTION_ENGINE,1.1.0,,,ORDERLY_UPTREND,UP,UP,False,True,True,UP,True,False,False,7575.0,INITIAL_DIRECTIONAL_ANCHOR,2026-08-03T14:18:00+05:30,DYNAMIC:2026-08-03T13:00:00+05:30:2026-08-03T13:18:00+05:30,7492.5,7526.0,False,4.059701492537314,0.22105263157894736,PRICE_ACTION,0.858095238095238,ESTABLISHED_DIRECTIONAL_CONTEXT_RETAINED|OBSERVATION_PROPOSAL_MATCHED_CURRENT|OBSERVATION_STATE_ORDERLY_UPTREND|OBJECTIVE_REJECTION_OBSERVED|OBJECTIVE_ACCEPTED_RANGE_GEOMETRY_PRESENT|OBJECTIVE_TREND_PROTECTION_GEOMETRY_PRESENT,,COMPLETED,NONE,UNKNOWN,NONE,,,,,0,,,,,,,,,0,0.0,0,False,DIRECTIONAL_START_CANDIDATE_PROGRESS,7,UP,1,0,0,0,0,ORDERLY_UPTREND,2026-08-03T15:09:00+05:30,DIRECTIONAL_START_CANDIDATE_PROGRESS,,NONE,NONE,0,,,,,,UNKNOWN,0,0,0,0,False,False,NO_QUALIFIED_ACCEPTED_RANGE,0,,,,,,0,,,,,UNASSESSABLE,UNASSESSABLE,UNASSESSABLE,MATCH,False,0,True,True,True,True,,COHERENT,[],[],"{""accepted_range_breakout_eligible"":true,""accepted_range_established_at"":""2026-08-03T13:18:00+05:30"",""accepted_range_high"":7526.0,""accepted_range_id"":""DYNAMIC:2026-08-03T13:00:00+05:30:2026-08-03T13:18:00+05:30"",""accepted_range_inside"":false,""accepted_range_low"":7492.5,""accepted_range_outside_atr"":5.533053895891043,""accepted_range_position"":4.059701492537314,""accepted_range_provisional"":false,""atr"":18.525031913410164,""close"":7628.5,""current_leg_mature"":false,""directional_bias"":""UP"",""directional_efficiency"":0.22105263157894736,""directional_efficiency_source"":""PRICE_ACTION"",""exhausted_side"":""UP"",""exhaustion_active"":true,""extension_mature"":true,""failed_extreme_observed"":false,""high"":7641.5,""low"":7616.0,""observation_state"":""ORDERLY_UPTREND"",""overlap_ratio"":0.858095238095238,""range_width_atr"":1.808363956218048,""rejection_observed"":true,""snapshot_time"":""2026-08-03T15:09:00+05:30"",""source_reason_codes"":[""ESTABLISHED_DIRECTIONAL_CONTEXT_RETAINED"",""OBSERVATION_PROPOSAL_MATCHED_CURRENT"",""OBSERVATION_STATE_ORDERLY_UPTREND"",""OBJECTIVE_REJECTION_OBSERVED"",""OBJECTIVE_ACCEPTED_RANGE_GEOMETRY_PRESENT"",""OBJECTIVE_TREND_PROTECTION_GEOMETRY_PRESENT""],""structural_failure_confirmed"":false,""symbol"":""ABB"",""trading_day"":""2026-08-03"",""trend_direction"":""UP"",""trend_protection_level"":7575.0,""trend_protection_source"":""INITIAL_DIRECTIONAL_ANCHOR"",""trend_protection_time"":""2026-08-03T14:18:00+05:30""}","{""continuation_failure_seen"":false,""continuation_failure_time"":null,""current_state"":""NONE"",""direction"":""UNKNOWN"",""episode_id"":null,""extreme_price"":null,""extreme_time"":null,""first_adverse_bar_close"":null,""first_adverse_bar_level"":null,""first_adverse_bar_time"":null,""origin_event_id"":null,""origin_price"":null,""origin_source"":""NONE"",""parent_episode_id"":null,""previous_state"":""COMPLETED"",""protection_level"":null,""protection_source"":"""",""reason_codes"":[""DIRECTIONAL_START_CANDIDATE_PROGRESS""],""rejection_seen"":false,""reversal_confirmation_breach_closes"":0,""reversal_confirmation_level"":null,""reversal_confirmation_level_time"":null,""reversal_confirmation_source"":"""",""reversal_leg_failure_closes"":0,""reversal_leg_progress_atr"":0.0,""reversal_leg_progress_bars"":0,""started_at"":null,""state_age_bars"":0,""state_started_at"":null}","{""attempt_limit_reached"":false,""candidate_bar_expansion_count"":0,""candidate_high"":null,""candidate_last_valid_at"":null,""candidate_low"":null,""candidate_merge_count"":0,""containment_bars"":0,""containment_ratio"":0.0,""current_state"":""NONE"",""down_escape_attempt_count"":0,""episode_id"":null,""escape_attempt_count"":0,""escape_direction"":""UNKNOWN"",""failed_escape_count"":0,""forming_bars_observed"":0,""forming_invalid_bars"":0,""frozen_high"":null,""frozen_low"":null,""last_escape_direction"":""UNKNOWN"",""last_escape_failed_at"":null,""last_escape_started_at"":null,""marginal_excursion_bars"":0,""meaningful_escape_bars"":0,""outside_close_count"":0,""previous_state"":""NONE"",""range_id"":null,""rearm_bars_elapsed"":0,""rearm_inside_close_count"":0,""rearm_required"":false,""reason_codes"":[""NO_QUALIFIED_ACCEPTED_RANGE""],""reentry_close_count"":0,""source_range_ids"":[],""started_at"":null,""state_age_bars"":0,""state_started_at"":null,""up_escape_attempt_count"":0}","{""balance_attempt_limit_reached"":false,""balance_candidate_bar_expansion_count"":0,""balance_candidate_merge_count"":0,""balance_containment_ratio"":0.0,""balance_down_escape_attempt_count"":0,""balance_escape_attempt_count"":0,""balance_failed_escape_count"":0,""balance_forming_bars_observed"":0,""balance_forming_invalid_bars"":0,""balance_last_escape_direction"":""UNKNOWN"",""balance_last_escape_failed_at"":null,""balance_last_escape_started_at"":null,""balance_marginal_excursion_bars"":0,""balance_meaningful_escape_bars"":0,""balance_rearm_bars_elapsed"":0,""balance_rearm_inside_close_count"":0,""balance_rearm_required"":false,""balance_up_escape_attempt_count"":0,""directional_origin_event_id"":null,""directional_origin_source"":""NONE"",""directional_parent_episode_id"":null,""directional_reversal_watch_age_bars"":0,""directional_start_candidate_bars"":1,""directional_start_candidate_side"":""UP"",""observation_accepted_range_id"":""DYNAMIC:2026-08-03T13:00:00+05:30:2026-08-03T13:18:00+05:30"",""observation_current_leg_mature"":false,""observation_directional_bias"":""UP"",""observation_exhaustion_active"":true,""observation_state"":""ORDERLY_UPTREND""}","{""balance"":{""attempt_limit_reached"":false,""candidate_bar_expansion_count"":0,""candidate_high"":null,""candidate_last_valid_at"":null,""candidate_low"":null,""candidate_merge_count"":0,""containment_bars"":0,""down_escape_attempt_count"":0,""emitted_event_ids"":[""BAL:ABB:2026-08-03:001:NEUTRAL:100600:BALANCE_COMPLETED:105400"",""BAL:ABB:2026-08-03:001:NEUTRAL:100600:BALANCE_ESCAPE_ACCEPTED:105100"",""BAL:ABB:2026-08-03:001:NEUTRAL:100600:BALANCE_ESCAPE_STARTED:104800"",""BAL:ABB:2026-08-03:001:NEUTRAL:100600:BALANCE_FORMING_STARTED:100600"",""BAL:ABB:2026-08-03:001:NEUTRAL:100600:BALANCE_LOCKED:102700"",""BAL:ABB:2026-08-03:001:NEUTRAL:100600:BALANCE_PROBABLE:101800"",""BAL:ABB:2026-08-03:002:NEUTRAL:112100:BALANCE_COMPLETED:113000"",""BAL:ABB:2026-08-03:002:NEUTRAL:112100:BALANCE_FORMING_STARTED:112100"",""BAL:ABB:2026-08-03:003:NEUTRAL:114800:BALANCE_COMPLETED:115400"",""BAL:ABB:2026-08-03:003:NEUTRAL:114800:BALANCE_FORMING_STARTED:114800"",""BAL:ABB:2026-08-03:004:NEUTRAL:122400:BALANCE_COMPLETED:125400"",""BAL:ABB:2026-08-03:004:NEUTRAL:122400:BALANCE_ESCAPE_ACCEPTED:125100"",""BAL:ABB:2026-08-03:004:NEUTRAL:122400:BALANCE_ESCAPE_STARTED:124800"",""BAL:ABB:2026-08-03:004:NEUTRAL:122400:BALANCE_FORMING_STARTED:122400"",""BAL:ABB:2026-08-03:004:NEUTRAL:122400:BALANCE_LOCKED:124500"",""BAL:ABB:2026-08-03:004:NEUTRAL:122400:BALANCE_PROBABLE:123600"",""BAL:ABB:2026-08-03:005:NEUTRAL:132100:BALANCE_COMPLETED:135400"",""BAL:ABB:2026-08-03:005:NEUTRAL:132100:BALANCE_ESCAPE_ACCEPTED:135100"",""BAL:ABB:2026-08-03:005:NEUTRAL:132100:BALANCE_ESCAPE_STARTED:134800"",""BAL:ABB:2026-08-03:005:NEUTRAL:132100:BALANCE_FORMING_STARTED:132100"",""BAL:ABB:2026-08-03:005:NEUTRAL:132100:BALANCE_LOCKED:134200"",""BAL:ABB:2026-08-03:005:NEUTRAL:132100:BALANCE_PROBABLE:133300""],""episode_id"":null,""escape_attempt_count"":0,""escape_direction"":""UNKNOWN"",""failed_escape_count"":0,""forming_bars_observed"":0,""forming_invalid_bars"":0,""frozen_high"":null,""frozen_low"":null,""last_escape_direction"":""UNKNOWN"",""last_escape_failed_at"":null,""last_escape_started_at"":null,""last_reason_codes"":[""NO_QUALIFIED_ACCEPTED_RANGE""],""marginal_excursion_bars"":0,""meaningful_escape_bars"":0,""outside_close_count"":0,""range_id"":null,""rearm_bars_elapsed"":0,""rearm_inside_close_count"":0,""rearm_required"":false,""reentry_close_count"":0,""sequence"":5,""source_range_ids"":[],""started_at"":null,""state"":""NONE"",""state_age_bars"":0,""state_started_at"":null,""up_escape_attempt_count"":0},""directional"":{""continuation_failure_progress_bars"":0,""continuation_failure_seen"":false,""continuation_failure_seen_at"":null,""direction"":""UNKNOWN"",""emitted_event_ids"":[""DIR:ABB:2026-08-03:001:DOWN:101500:DIRECTIONAL_COMPLETED:105100"",""DIR:ABB:2026-08-03:001:DOWN:101500:DIRECTIONAL_STARTED:101500"",""DIR:ABB:2026-08-03:002:UP:110000:DIRECTIONAL_COMPLETED:113900"",""DIR:ABB:2026-08-03:002:UP:110000:DIRECTIONAL_MATURED:110300"",""DIR:ABB:2026-08-03:002:UP:110000:DIRECTIONAL_REVERSAL_CONFIRMED:113900"",""DIR:ABB:2026-08-03:002:UP:110000:DIRECTIONAL_STARTED:110000"",""DIR:ABB:2026-08-03:002:UP:110000:REVERSAL_WATCH_STARTED:110600"",""DIR:ABB:2026-08-03:003:DOWN:113900:DIRECTIONAL_COMPLETED:115400"",""DIR:ABB:2026-08-03:003:DOWN:113900:DIRECTIONAL_REVERSAL_LEG_FAILED:115400"",""DIR:ABB:2026-08-03:003:DOWN:113900:DIRECTIONAL_REVERSAL_LEG_STARTED:113900"",""DIR:ABB:2026-08-03:004:UP:120000:DIRECTIONAL_COMPLETED:124500"",""DIR:ABB:2026-08-03:004:UP:120000:DIRECTIONAL_CONTINUATION_CONFIRMED:123300"",""DIR:ABB:2026-08-03:004:UP:120000:DIRECTIONAL_MATURED:120300"",""DIR:ABB:2026-08-03:004:UP:120000:DIRECTIONAL_MATURED:123900"",""DIR:ABB:2026-08-03:004:UP:120000:DIRECTIONAL_REVERSAL_CONFIRMED:124500"",""DIR:ABB:2026-08-03:004:UP:120000:DIRECTIONAL_STARTED:120000"",""DIR:ABB:2026-08-03:004:UP:120000:DIRECTIONAL_TREND_RESTORED:122100"",""DIR:ABB:2026-08-03:004:UP:120000:REVERSAL_WATCH_STARTED:120600"",""DIR:ABB:2026-08-03:004:UP:120000:REVERSAL_WATCH_STARTED:124200"",""DIR:ABB:2026-08-03:005:DOWN:124500:DIRECTIONAL_COMPLETED:133300"",""DIR:ABB:2026-08-03:005:DOWN:124500:DIRECTIONAL_MATURED:125700"",""DIR:ABB:2026-08-03:005:DOWN:124500:DIRECTIONAL_MATURED:131800"",""DIR:ABB:2026-08-03:005:DOWN:124500:DIRECTIONAL_REVERSAL_CONFIRMED:133300"",""DIR:ABB:2026-08-03:005:DOWN:124500:DIRECTIONAL_REVERSAL_LEG_ESTABLISHED:125100"",""DIR:ABB:2026-08-03:005:DOWN:124500:DIRECTIONAL_REVERSAL_LEG_STARTED:124500"",""DIR:ABB:2026-08-03:005:DOWN:124500:DIRECTIONAL_TREND_RESTORED:131500"",""DIR:ABB:2026-08-03:005:DOWN:124500:REVERSAL_WATCH_STARTED:130000"",""DIR:ABB:2026-08-03:005:DOWN:124500:REVERSAL_WATCH_STARTED:132100"",""DIR:ABB:2026-08-03:006:UP:133300:DIRECTIONAL_COMPLETED:145100"",""DIR:ABB:2026-08-03:006:UP:133300:DIRECTIONAL_MATURED:142100"",""DIR:ABB:2026-08-03:006:UP:133300:DIRECTIONAL_REVERSAL_CONFIRMED:145100"",""DIR:ABB:2026-08-03:006:UP:133300:DIRECTIONAL_REVERSAL_LEG_ESTABLISHED:135100"",""DIR:ABB:2026-08-03:006:UP:133300:DIRECTIONAL_REVERSAL_LEG_STARTED:133300"",""DIR:ABB:2026-08-03:006:UP:133300:REVERSAL_WATCH_STARTED:142700"",""DIR:ABB:2026-08-03:007:DOWN:145100:DIRECTIONAL_COMPLETED:150600"",""DIR:ABB:2026-08-03:007:DOWN:145100:DIRECTIONAL_REVERSAL_LEG_FAILED:150600"",""DIR:ABB:2026-08-03:007:DOWN:145100:DIRECTIONAL_REVERSAL_LEG_STARTED:145100""],""episode_id"":null,""extreme_price"":null,""extreme_time"":null,""first_adverse_bar_close"":null,""first_adverse_bar_level"":null,""first_adverse_bar_time"":null,""inactive_bars"":0,""last_close"":7628.5,""last_observation_state"":""ORDERLY_UPTREND"",""last_observation_state_time"":""2026-08-03T15:09:00+05:30"",""last_reason_codes"":[""DIRECTIONAL_START_CANDIDATE_PROGRESS""],""opposite_control_bars"":0,""origin_event_id"":null,""origin_price"":null,""origin_source"":""NONE"",""parent_episode_id"":null,""protection_level"":null,""protection_source"":"""",""protection_time"":null,""rejection_seen"":false,""rejection_seen_at"":null,""reversal_confirmation_breach_closes"":0,""reversal_confirmation_level"":null,""reversal_confirmation_level_time"":null,""reversal_confirmation_source"":"""",""reversal_leg_failure_closes"":0,""reversal_leg_progress_atr"":0.0,""reversal_leg_progress_bars"":0,""reversal_watch_age_bars"":0,""sequence"":7,""start_candidate_bars"":1,""start_candidate_side"":""UP"",""started_at"":null,""state"":""NONE"",""state_age_bars"":0,""state_started_at"":null,""trend_restore_bars"":0},""evidence_history"":[{""atr"":17.857542564548528,""bar"":{""body_fraction"":0.13513513513513514,""close"":7605.0,""close_position"":0.8108108108108109,""direction"":""DOWN"",""high"":7608.5,""low"":7590.0,""lower_wick_fraction"":0.8108108108108109,""move_atr"":-0.13999686636408165,""move_points"":-2.5,""open"":7607.5,""snapshot_time"":""2026-08-03T14:36:00+05:30"",""upper_wick_fraction"":0.05405405405405406,""volume"":10062.0},""close"":7605.0,""trend"":{""ema_ref"":7446.237495296007,""ema_slow"":7495.178284576532,""hma_order"":""BUY"",""hma_spread_atr"":4.1156149170575835}},{""atr"":18.010575238509347,""bar"":{""body_fraction"":0.575,""close"":7616.5,""close_position"":0.825,""direction"":""UP"",""high"":7620.0,""low"":7600.0,""lower_wick_fraction"":0.25,""move_atr"":0.6385137535980112,""move_points"":11.5,""open"":7605.0,""snapshot_time"":""2026-08-03T14:39:00+05:30"",""upper_wick_fraction"":0.175,""volume"":9804.0},""close"":7616.5,""trend"":{""ema_ref"":7447.9316495716685,""ema_slow"":7497.580694782938,""hma_order"":""BUY"",""hma_spread_atr"":4.254349339607453}},{""atr"":20.08124843575868,""bar"":{""body_fraction"":0.7446808510638298,""close"":7651.5,""close_position"":0.8829787234042553,""direction"":""UP"",""high"":7657.0,""low"":7610.0,""lower_wick_fraction"":0.13829787234042554,""move_atr"":1.7429195257440018,""move_points"":35.0,""open"":7616.5,""snapshot_time"":""2026-08-03T14:42:00+05:30"",""upper_wick_fraction"":0.11702127659574468,""volume"":21854.0},""close"":7651.5,""trend"":{""ema_ref"":7449.957205297324,""ema_slow"":7500.628601816939,""hma_order"":""BUY"",""hma_spread_atr"":4.264581922200843}},{""atr"":20.21830211891878,""bar"":{""body_fraction"":0.8181818181818182,""close"":7633.5,""close_position"":0.18181818181818185,""direction"":""DOWN"",""high"":7651.5,""low"":7629.5,""lower_wick_fraction"":0.18181818181818185,""move_atr"":-0.8902824724909488,""move_points"":-18.0,""open"":7651.5,""snapshot_time"":""2026-08-03T14:45:00+05:30"",""upper_wick_fraction"":0.0,""volume"":13227.0},""close"":7633.5,""trend"":{""ema_ref"":7451.783501762028,""ema_slow"":7503.259718612644,""hma_order"":""BUY"",""hma_spread_atr"":4.616096239607588}},{""atr"":19.559851967567436,""bar"":{""body_fraction"":0.5,""close"":7639.0,""close_position"":0.5,""direction"":""UP"",""high"":7644.5,""low"":7633.5,""lower_wick_fraction"":0.0,""move_atr"":0.28118822213581446,""move_points"":5.5,""open"":7633.5,""snapshot_time"":""2026-08-03T14:48:00+05:30"",""upper_wick_fraction"":0.5,""volume"":5677.0},""close"":7639.0,""trend"":{""ema_ref"":7453.646352490765,""ema_slow"":7505.947644976751,""hma_order"":""BUY"",""hma_spread_atr"":5.052954982818903}},{""atr"":20.01986254131262,""bar"":{""body_fraction"":0.9230769230769232,""close"":7615.5,""close_position"":0.057692307692307696,""direction"":""DOWN"",""high"":7640.0,""low"":7614.0,""lower_wick_fraction"":0.057692307692307696,""move_atr"":-1.198809429908624,""move_points"":-24.0,""open"":7639.5,""snapshot_time"":""2026-08-03T14:51:00+05:30"",""upper_wick_fraction"":0.019230769230769232,""volume"":10297.0},""close"":7615.5,""trend"":{""ema_ref"":7455.256836545584,""ema_slow"":7508.116998541567,""hma_order"":""BUY"",""hma_spread_atr"":4.803089659273621}},{""atr"":19.804158074076007,""bar"":{""body_fraction"":0.2352941176470588,""close"":7611.0,""close_position"":0.5882352941176471,""direction"":""DOWN"",""high"":7618.0,""low"":7601.0,""lower_wick_fraction"":0.5882352941176471,""move_atr"":-0.201977785929515,""move_points"":-4.0,""open"":7615.0,""snapshot_time"":""2026-08-03T14:54:00+05:30"",""upper_wick_fraction"":0.17647058823529413,""volume"":9447.0},""close"":7611.0,""trend"":{""ema_ref"":7456.806519764035,""ema_slow"":7510.15428569916,""hma_order"":""BUY"",""hma_spread_atr"":4.431433696938433}},{""atr"":18.853861068784862,""bar"":{""body_fraction"":0.15384615384615383,""close"":7610.0,""close_position"":0.3076923076923077,""direction"":""DOWN"",""high"":7614.5,""low"":7608.0,""lower_wick_fraction"":0.3076923076923077,""move_atr"":-0.05303953372477302,""move_points"":-1.0,""open"":7611.0,""snapshot_time"":""2026-08-03T14:57:00+05:30"",""upper_wick_fraction"":0.5384615384615384,""volume"":6626.0},""close"":7610.0,""trend"":{""ema_ref"":7458.330833000215,""ema_slow"":7512.131428556602,""hma_order"":""BUY"",""hma_spread_atr"":4.04407700830014}},{""atr"":18.54287099244309,""bar"":{""body_fraction"":0.4482758620689655,""close"":7614.5,""close_position"":0.6206896551724138,""direction"":""UP"",""high"":7620.0,""low"":7605.5,""lower_wick_fraction"":0.1724137931034483,""move_atr"":0.3505390294010562,""move_points"":6.5,""open"":7608.0,""snapshot_time"":""2026-08-03T15:00:00+05:30"",""upper_wick_fraction"":0.3793103448275862,""volume"":7662.0},""close"":7614.5,""trend"":{""ema_ref"":7459.884755059915,""ema_slow"":7514.158528981224,""hma_order"":""BUY"",""hma_spread_atr"":3.5080447070111043}},{""atr"":18.218380207268584,""bar"":{""body_fraction"":0.32142857142857145,""close"":7617.0,""close_position"":0.7857142857142857,""direction"":""UP"",""high"":7620.0,""low"":7606.0,""lower_wick_fraction"":0.4642857142857143,""move_atr"":0.2470032982517642,""move_points"":4.5,""open"":7612.5,""snapshot_time"":""2026-08-03T15:03:00+05:30"",""upper_wick_fraction"":0.21428571428571427,""volume"":11640.0},""close"":7617.0,""trend"":{""ema_ref"":7461.448090830463,""ema_slow"":7516.194993753873,""hma_order"":""SELL"",""hma_spread_atr"":3.0440188094874276}},{""atr"":17.988495906749403,""bar"":{""body_fraction"":0.3,""close"":7621.5,""close_position"":0.43333333333333335,""direction"":""UP"",""high"":7630.0,""low"":7615.0,""lower_wick_fraction"":0.13333333333333333,""move_atr"":0.25015988125564015,""move_points"":4.5,""open"":7617.0,""snapshot_time"":""2026-08-03T15:06:00+05:30"",""upper_wick_fraction"":0.5666666666666667,""volume"":8594.0},""close"":7621.5,""trend"":{""ema_ref"":7463.040647140608,""ema_slow"":7518.280241402311,""hma_order"":""SELL"",""hma_spread_atr"":3.0808123457639853}},{""atr"":18.525031913410164,""bar"":{""body_fraction"":0.3137254901960784,""close"":7628.5,""close_position"":0.4901960784313726,""direction"":""UP"",""high"":7641.5,""low"":7616.0,""lower_wick_fraction"":0.17647058823529413,""move_atr"":0.4318481089475936,""move_points"":8.0,""open"":7620.5,""snapshot_time"":""2026-08-03T15:09:00+05:30"",""upper_wick_fraction"":0.5098039215686274,""volume"":17226.0},""close"":7628.5,""trend"":{""ema_ref"":7464.687008860602,""ema_slow"":7520.462810879492,""hma_order"":""SELL"",""hma_spread_atr"":2.9817246579097714}}],""last_observation_hash"":""78971e5818a586ba2bfd5d5395cc5760f6127bfb5f85f9938b56ff922146b9f4"",""last_snapshot_time"":""2026-08-03T15:09:00+05:30"",""observation"":{""compression_box_high"":null,""compression_box_low"":null,""compression_candidate_bars"":0,""current_state"":""ORDERLY_UPTREND"",""established_side"":""UP"",""exhaustion_active"":true,""exhaustion_age_bars"":1,""exhaustion_clear_bars"":0,""exhaustion_last_seen_at"":""2026-08-03T15:09:00+05:30"",""exhaustion_side"":""UP"",""exhaustion_started_at"":""2026-08-03T15:09:00+05:30"",""failure_breach_bars"":0,""last_close"":7628.5,""last_reason_codes"":[""ESTABLISHED_DIRECTIONAL_CONTEXT_RETAINED"",""OBSERVATION_PROPOSAL_MATCHED_CURRENT"",""OBSERVATION_STATE_ORDERLY_UPTREND""],""last_snapshot_time"":""2026-08-03T15:09:00+05:30"",""leg_age_bars"":18,""leg_anchor_price"":7575.0,""leg_anchor_time"":""2026-08-03T14:18:00+05:30"",""leg_extreme_price"":7657.0,""leg_maturity_consumed"":false,""leg_maturity_extreme_price"":null,""leg_maturity_onset_time"":null,""leg_no_progress_bars"":9,""observation_count"":119,""pending_bars"":0,""pending_state"":null,""protection_level"":7575.0,""protection_source"":""INITIAL_DIRECTIONAL_ANCHOR"",""protection_time"":""2026-08-03T14:18:00+05:30"",""pullback_age_bars"":0,""pullback_candidate_bars"":0,""pullback_extreme_price"":null,""reacceleration_age_bars"":2,""recompression_age_bars"":0,""reversal_confirmation_bars"":0,""reversal_side"":""UP"",""state_age_bars"":15,""trading_day"":""2026-08-03"",""trend_anchor_price"":7575.0,""trend_candidate_bars"":9,""trend_candidate_side"":""UP"",""trend_extreme_price"":7657.0,""trend_failure_age_bars"":0,""trend_onset_time"":""2026-08-03T14:18:00+05:30""},""symbol"":""ABB"",""trading_day"":""2026-08-03""}"
restoration-v3-current-day,development,restoration-trend-control-v3,backtest-default,OK,,,,ABB,2026-08-03,2026-08-03T15:12:00+05:30,2026-08-03T15:09:00+05:30,SNAPSHOT_AUCTION_AUTHORITY_V3A,3m,True,True,7655.0,2026-08-03T15:12:00,7628.5,7655.0,7616.0,7655.0,11748.0,19.987529633880865,BALANCE_QUALIFIED,BUY,dynamic_balance_waiting_for_stable_historical_cutoff,RANGE_ACCEPTED,DYNAMIC:2026-08-03T13:00:00+05:30:2026-08-03T13:18:00+05:30,7492.5,7526.0,38,ok,UP_ACCELERATING,0.8380225223835102,0.5065658530825696,OK,INCREMENTAL_PREVIOUS_SNAPSHOT,AUTOTRADES_AUCTION_ENGINE,1.1.0,,,ORDERLY_UPTREND,UP,UP,True,False,True,UP,False,False,False,7575.0,INITIAL_DIRECTIONAL_ANCHOR,2026-08-03T14:18:00+05:30,DYNAMIC:2026-08-03T13:00:00+05:30:2026-08-03T13:18:00+05:30,7492.5,7526.0,False,4.850746268656716,0.7821782178217822,PRICE_ACTION,0.858095238095238,CURRENT_DIRECTIONAL_LEG_MATURED|AWAITING_2_BAR_CONFIRMATION_FOR_MATURE_EXTENSION|OBSERVATION_STATE_ORDERLY_UPTREND|OBJECTIVE_ACCEPTED_RANGE_GEOMETRY_PRESENT|OBJECTIVE_TREND_PROTECTION_GEOMETRY_PRESENT,DIR:ABB:2026-08-03:008:UP:151200,NONE,DIRECTIONAL,UP,OBSERVATION_CONFIRMATION,,,2026-08-03T15:12:00+05:30,2026-08-03T15:12:00+05:30,1,7655.0,7655.0,2026-08-03T15:12:00+05:30,7575.0,INITIAL_DIRECTIONAL_ANCHOR,,,,0,0.0,0,False,DIRECTIONAL_START_CANDIDATE_PROGRESS|DIRECTIONAL_START_CONFIRMED,8,UNKNOWN,0,0,0,0,0,ORDERLY_UPTREND,2026-08-03T15:12:00+05:30,DIRECTIONAL_START_CANDIDATE_PROGRESS|DIRECTIONAL_START_CONFIRMED,,NONE,NONE,0,,,,,,UNKNOWN,0,0,0,0,False,False,NO_QUALIFIED_ACCEPTED_RANGE,1,DIR:ABB:2026-08-03:008:UP:151200:DIRECTIONAL_STARTED:151200,DIRECTIONAL_STARTED,UP,DIR:ABB:2026-08-03:008:UP:151200,DIRECTIONAL_STARTED:MULTIBAR_DIRECTIONAL_CONTEXT_ESTABLISHED,0,,,,,MATCH,MATCH,MATCH,MATCH,False,0,True,True,True,True,,COHERENT,"[""event_id='DIR:ABB:2026-08-03:008:UP:151200:DIRECTIONAL_STARTED:151200' event_type=<AuctionEventType.DIRECTIONAL_STARTED: 'DIRECTIONAL_STARTED'> episode_id='DIR:ABB:2026-08-03:008:UP:151200' symbol='ABB' trading_day=datetime.date(2026, 8, 3) event_time=datetime.datetime(2026, 8, 3, 15, 12, tzinfo=TzInfo(19800)) direction=<DirectionalBias.UP: 'UP'> reason_codes=('MULTIBAR_DIRECTIONAL_CONTEXT_ESTABLISHED',) data={'origin_price': 7655.0, 'extreme_price': 7655.0, 'origin_source': 'OBSERVATION_CONFIRMATION', 'origin_event_id': None, 'protection_level': 7575.0, 'parent_episode_id': None, 'protection_source': 'INITIAL_DIRECTIONAL_ANCHOR', 'first_adverse_bar_time': None, 'first_adverse_bar_close': None, 'first_adverse_bar_level': None, 'continuation_failure_time': None, 'reversal_leg_progress_atr': 0.0, 'reversal_leg_progress_bars': 0, 'reversal_confirmation_level': None, 'reversal_leg_failure_closes': 0, 'reversal_confirmation_source': '', 'reversal_confirmation_level_time': None}""]",[],"{""accepted_range_breakout_eligible"":true,""accepted_range_established_at"":""2026-08-03T13:18:00+05:30"",""accepted_range_high"":7526.0,""accepted_range_id"":""DYNAMIC:2026-08-03T13:00:00+05:30:2026-08-03T13:18:00+05:30"",""accepted_range_inside"":false,""accepted_range_low"":7492.5,""accepted_range_outside_atr"":6.454024202237183,""accepted_range_position"":4.850746268656716,""accepted_range_provisional"":false,""atr"":19.987529633880865,""close"":7655.0,""current_leg_mature"":true,""directional_bias"":""UP"",""directional_efficiency"":0.7821782178217822,""directional_efficiency_source"":""PRICE_ACTION"",""exhausted_side"":""UP"",""exhaustion_active"":true,""extension_mature"":false,""failed_extreme_observed"":false,""high"":7655.0,""low"":7616.0,""observation_state"":""ORDERLY_UPTREND"",""overlap_ratio"":0.858095238095238,""range_width_atr"":1.6760450447670203,""rejection_observed"":false,""snapshot_time"":""2026-08-03T15:12:00+05:30"",""source_reason_codes"":[""CURRENT_DIRECTIONAL_LEG_MATURED"",""AWAITING_2_BAR_CONFIRMATION_FOR_MATURE_EXTENSION"",""OBSERVATION_STATE_ORDERLY_UPTREND"",""OBJECTIVE_ACCEPTED_RANGE_GEOMETRY_PRESENT"",""OBJECTIVE_TREND_PROTECTION_GEOMETRY_PRESENT""],""structural_failure_confirmed"":false,""symbol"":""ABB"",""trading_day"":""2026-08-03"",""trend_direction"":""UP"",""trend_protection_level"":7575.0,""trend_protection_source"":""INITIAL_DIRECTIONAL_ANCHOR"",""trend_protection_time"":""2026-08-03T14:18:00+05:30""}","{""continuation_failure_seen"":false,""continuation_failure_time"":null,""current_state"":""DIRECTIONAL"",""direction"":""UP"",""episode_id"":""DIR:ABB:2026-08-03:008:UP:151200"",""extreme_price"":7655.0,""extreme_time"":""2026-08-03T15:12:00+05:30"",""first_adverse_bar_close"":null,""first_adverse_bar_level"":null,""first_adverse_bar_time"":null,""origin_event_id"":null,""origin_price"":7655.0,""origin_source"":""OBSERVATION_CONFIRMATION"",""parent_episode_id"":null,""previous_state"":""NONE"",""protection_level"":7575.0,""protection_source"":""INITIAL_DIRECTIONAL_ANCHOR"",""reason_codes"":[""DIRECTIONAL_START_CANDIDATE_PROGRESS"",""DIRECTIONAL_START_CONFIRMED""],""rejection_seen"":false,""reversal_confirmation_breach_closes"":0,""reversal_confirmation_level"":null,""reversal_confirmation_level_time"":null,""reversal_confirmation_source"":"""",""reversal_leg_failure_closes"":0,""reversal_leg_progress_atr"":0.0,""reversal_leg_progress_bars"":0,""started_at"":""2026-08-03T15:12:00+05:30"",""state_age_bars"":1,""state_started_at"":""2026-08-03T15:12:00+05:30""}","{""attempt_limit_reached"":false,""candidate_bar_expansion_count"":0,""candidate_high"":null,""candidate_last_valid_at"":null,""candidate_low"":null,""candidate_merge_count"":0,""containment_bars"":0,""containment_ratio"":0.0,""current_state"":""NONE"",""down_escape_attempt_count"":0,""episode_id"":null,""escape_attempt_count"":0,""escape_direction"":""UNKNOWN"",""failed_escape_count"":0,""forming_bars_observed"":0,""forming_invalid_bars"":0,""frozen_high"":null,""frozen_low"":null,""last_escape_direction"":""UNKNOWN"",""last_escape_failed_at"":null,""last_escape_started_at"":null,""marginal_excursion_bars"":0,""meaningful_escape_bars"":0,""outside_close_count"":0,""previous_state"":""NONE"",""range_id"":null,""rearm_bars_elapsed"":0,""rearm_inside_close_count"":0,""rearm_required"":false,""reason_codes"":[""NO_QUALIFIED_ACCEPTED_RANGE""],""reentry_close_count"":0,""source_range_ids"":[],""started_at"":null,""state_age_bars"":0,""state_started_at"":null,""up_escape_attempt_count"":0}","{""balance_attempt_limit_reached"":false,""balance_candidate_bar_expansion_count"":0,""balance_candidate_merge_count"":0,""balance_containment_ratio"":0.0,""balance_down_escape_attempt_count"":0,""balance_escape_attempt_count"":0,""balance_failed_escape_count"":0,""balance_forming_bars_observed"":0,""balance_forming_invalid_bars"":0,""balance_last_escape_direction"":""UNKNOWN"",""balance_last_escape_failed_at"":null,""balance_last_escape_started_at"":null,""balance_marginal_excursion_bars"":0,""balance_meaningful_escape_bars"":0,""balance_rearm_bars_elapsed"":0,""balance_rearm_inside_close_count"":0,""balance_rearm_required"":false,""balance_up_escape_attempt_count"":0,""directional_origin_event_id"":null,""directional_origin_source"":""OBSERVATION_CONFIRMATION"",""directional_parent_episode_id"":null,""directional_reversal_watch_age_bars"":0,""directional_start_candidate_bars"":0,""directional_start_candidate_side"":""UNKNOWN"",""observation_accepted_range_id"":""DYNAMIC:2026-08-03T13:00:00+05:30:2026-08-03T13:18:00+05:30"",""observation_current_leg_mature"":true,""observation_directional_bias"":""UP"",""observation_exhaustion_active"":true,""observation_state"":""ORDERLY_UPTREND""}","{""balance"":{""attempt_limit_reached"":false,""candidate_bar_expansion_count"":0,""candidate_high"":null,""candidate_last_valid_at"":null,""candidate_low"":null,""candidate_merge_count"":0,""containment_bars"":0,""down_escape_attempt_count"":0,""emitted_event_ids"":[""BAL:ABB:2026-08-03:001:NEUTRAL:100600:BALANCE_COMPLETED:105400"",""BAL:ABB:2026-08-03:001:NEUTRAL:100600:BALANCE_ESCAPE_ACCEPTED:105100"",""BAL:ABB:2026-08-03:001:NEUTRAL:100600:BALANCE_ESCAPE_STARTED:104800"",""BAL:ABB:2026-08-03:001:NEUTRAL:100600:BALANCE_FORMING_STARTED:100600"",""BAL:ABB:2026-08-03:001:NEUTRAL:100600:BALANCE_LOCKED:102700"",""BAL:ABB:2026-08-03:001:NEUTRAL:100600:BALANCE_PROBABLE:101800"",""BAL:ABB:2026-08-03:002:NEUTRAL:112100:BALANCE_COMPLETED:113000"",""BAL:ABB:2026-08-03:002:NEUTRAL:112100:BALANCE_FORMING_STARTED:112100"",""BAL:ABB:2026-08-03:003:NEUTRAL:114800:BALANCE_COMPLETED:115400"",""BAL:ABB:2026-08-03:003:NEUTRAL:114800:BALANCE_FORMING_STARTED:114800"",""BAL:ABB:2026-08-03:004:NEUTRAL:122400:BALANCE_COMPLETED:125400"",""BAL:ABB:2026-08-03:004:NEUTRAL:122400:BALANCE_ESCAPE_ACCEPTED:125100"",""BAL:ABB:2026-08-03:004:NEUTRAL:122400:BALANCE_ESCAPE_STARTED:124800"",""BAL:ABB:2026-08-03:004:NEUTRAL:122400:BALANCE_FORMING_STARTED:122400"",""BAL:ABB:2026-08-03:004:NEUTRAL:122400:BALANCE_LOCKED:124500"",""BAL:ABB:2026-08-03:004:NEUTRAL:122400:BALANCE_PROBABLE:123600"",""BAL:ABB:2026-08-03:005:NEUTRAL:132100:BALANCE_COMPLETED:135400"",""BAL:ABB:2026-08-03:005:NEUTRAL:132100:BALANCE_ESCAPE_ACCEPTED:135100"",""BAL:ABB:2026-08-03:005:NEUTRAL:132100:BALANCE_ESCAPE_STARTED:134800"",""BAL:ABB:2026-08-03:005:NEUTRAL:132100:BALANCE_FORMING_STARTED:132100"",""BAL:ABB:2026-08-03:005:NEUTRAL:132100:BALANCE_LOCKED:134200"",""BAL:ABB:2026-08-03:005:NEUTRAL:132100:BALANCE_PROBABLE:133300""],""episode_id"":null,""escape_attempt_count"":0,""escape_direction"":""UNKNOWN"",""failed_escape_count"":0,""forming_bars_observed"":0,""forming_invalid_bars"":0,""frozen_high"":null,""frozen_low"":null,""last_escape_direction"":""UNKNOWN"",""last_escape_failed_at"":null,""last_escape_started_at"":null,""last_reason_codes"":[""NO_QUALIFIED_ACCEPTED_RANGE""],""marginal_excursion_bars"":0,""meaningful_escape_bars"":0,""outside_close_count"":0,""range_id"":null,""rearm_bars_elapsed"":0,""rearm_inside_close_count"":0,""rearm_required"":false,""reentry_close_count"":0,""sequence"":5,""source_range_ids"":[],""started_at"":null,""state"":""NONE"",""state_age_bars"":0,""state_started_at"":null,""up_escape_attempt_count"":0},""directional"":{""continuation_failure_progress_bars"":0,""continuation_failure_seen"":false,""continuation_failure_seen_at"":null,""direction"":""UP"",""emitted_event_ids"":[""DIR:ABB:2026-08-03:001:DOWN:101500:DIRECTIONAL_COMPLETED:105100"",""DIR:ABB:2026-08-03:001:DOWN:101500:DIRECTIONAL_STARTED:101500"",""DIR:ABB:2026-08-03:002:UP:110000:DIRECTIONAL_COMPLETED:113900"",""DIR:ABB:2026-08-03:002:UP:110000:DIRECTIONAL_MATURED:110300"",""DIR:ABB:2026-08-03:002:UP:110000:DIRECTIONAL_REVERSAL_CONFIRMED:113900"",""DIR:ABB:2026-08-03:002:UP:110000:DIRECTIONAL_STARTED:110000"",""DIR:ABB:2026-08-03:002:UP:110000:REVERSAL_WATCH_STARTED:110600"",""DIR:ABB:2026-08-03:003:DOWN:113900:DIRECTIONAL_COMPLETED:115400"",""DIR:ABB:2026-08-03:003:DOWN:113900:DIRECTIONAL_REVERSAL_LEG_FAILED:115400"",""DIR:ABB:2026-08-03:003:DOWN:113900:DIRECTIONAL_REVERSAL_LEG_STARTED:113900"",""DIR:ABB:2026-08-03:004:UP:120000:DIRECTIONAL_COMPLETED:124500"",""DIR:ABB:2026-08-03:004:UP:120000:DIRECTIONAL_CONTINUATION_CONFIRMED:123300"",""DIR:ABB:2026-08-03:004:UP:120000:DIRECTIONAL_MATURED:120300"",""DIR:ABB:2026-08-03:004:UP:120000:DIRECTIONAL_MATURED:123900"",""DIR:ABB:2026-08-03:004:UP:120000:DIRECTIONAL_REVERSAL_CONFIRMED:124500"",""DIR:ABB:2026-08-03:004:UP:120000:DIRECTIONAL_STARTED:120000"",""DIR:ABB:2026-08-03:004:UP:120000:DIRECTIONAL_TREND_RESTORED:122100"",""DIR:ABB:2026-08-03:004:UP:120000:REVERSAL_WATCH_STARTED:120600"",""DIR:ABB:2026-08-03:004:UP:120000:REVERSAL_WATCH_STARTED:124200"",""DIR:ABB:2026-08-03:005:DOWN:124500:DIRECTIONAL_COMPLETED:133300"",""DIR:ABB:2026-08-03:005:DOWN:124500:DIRECTIONAL_MATURED:125700"",""DIR:ABB:2026-08-03:005:DOWN:124500:DIRECTIONAL_MATURED:131800"",""DIR:ABB:2026-08-03:005:DOWN:124500:DIRECTIONAL_REVERSAL_CONFIRMED:133300"",""DIR:ABB:2026-08-03:005:DOWN:124500:DIRECTIONAL_REVERSAL_LEG_ESTABLISHED:125100"",""DIR:ABB:2026-08-03:005:DOWN:124500:DIRECTIONAL_REVERSAL_LEG_STARTED:124500"",""DIR:ABB:2026-08-03:005:DOWN:124500:DIRECTIONAL_TREND_RESTORED:131500"",""DIR:ABB:2026-08-03:005:DOWN:124500:REVERSAL_WATCH_STARTED:130000"",""DIR:ABB:2026-08-03:005:DOWN:124500:REVERSAL_WATCH_STARTED:132100"",""DIR:ABB:2026-08-03:006:UP:133300:DIRECTIONAL_COMPLETED:145100"",""DIR:ABB:2026-08-03:006:UP:133300:DIRECTIONAL_MATURED:142100"",""DIR:ABB:2026-08-03:006:UP:133300:DIRECTIONAL_REVERSAL_CONFIRMED:145100"",""DIR:ABB:2026-08-03:006:UP:133300:DIRECTIONAL_REVERSAL_LEG_ESTABLISHED:135100"",""DIR:ABB:2026-08-03:006:UP:133300:DIRECTIONAL_REVERSAL_LEG_STARTED:133300"",""DIR:ABB:2026-08-03:006:UP:133300:REVERSAL_WATCH_STARTED:142700"",""DIR:ABB:2026-08-03:007:DOWN:145100:DIRECTIONAL_COMPLETED:150600"",""DIR:ABB:2026-08-03:007:DOWN:145100:DIRECTIONAL_REVERSAL_LEG_FAILED:150600"",""DIR:ABB:2026-08-03:007:DOWN:145100:DIRECTIONAL_REVERSAL_LEG_STARTED:145100"",""DIR:ABB:2026-08-03:008:UP:151200:DIRECTIONAL_STARTED:151200""],""episode_id"":""DIR:ABB:2026-08-03:008:UP:151200"",""extreme_price"":7655.0,""extreme_time"":""2026-08-03T15:12:00+05:30"",""first_adverse_bar_close"":null,""first_adverse_bar_level"":null,""first_adverse_bar_time"":null,""inactive_bars"":0,""last_close"":7655.0,""last_observation_state"":""ORDERLY_UPTREND"",""last_observation_state_time"":""2026-08-03T15:12:00+05:30"",""last_reason_codes"":[""DIRECTIONAL_START_CANDIDATE_PROGRESS"",""DIRECTIONAL_START_CONFIRMED""],""opposite_control_bars"":0,""origin_event_id"":null,""origin_price"":7655.0,""origin_source"":""OBSERVATION_CONFIRMATION"",""parent_episode_id"":null,""protection_level"":7575.0,""protection_source"":""INITIAL_DIRECTIONAL_ANCHOR"",""protection_time"":""2026-08-03T14:18:00+05:30"",""rejection_seen"":false,""rejection_seen_at"":null,""reversal_confirmation_breach_closes"":0,""reversal_confirmation_level"":null,""reversal_confirmation_level_time"":null,""reversal_confirmation_source"":"""",""reversal_leg_failure_closes"":0,""reversal_leg_progress_atr"":0.0,""reversal_leg_progress_bars"":0,""reversal_watch_age_bars"":0,""sequence"":8,""start_candidate_bars"":0,""start_candidate_side"":""UNKNOWN"",""started_at"":""2026-08-03T15:12:00+05:30"",""state"":""DIRECTIONAL"",""state_age_bars"":1,""state_started_at"":""2026-08-03T15:12:00+05:30"",""trend_restore_bars"":0},""evidence_history"":[{""atr"":18.010575238509347,""bar"":{""body_fraction"":0.575,""close"":7616.5,""close_position"":0.825,""direction"":""UP"",""high"":7620.0,""low"":7600.0,""lower_wick_fraction"":0.25,""move_atr"":0.6385137535980112,""move_points"":11.5,""open"":7605.0,""snapshot_time"":""2026-08-03T14:39:00+05:30"",""upper_wick_fraction"":0.175,""volume"":9804.0},""close"":7616.5,""trend"":{""ema_ref"":7447.9316495716685,""ema_slow"":7497.580694782938,""hma_order"":""BUY"",""hma_spread_atr"":4.254349339607453}},{""atr"":20.08124843575868,""bar"":{""body_fraction"":0.7446808510638298,""close"":7651.5,""close_position"":0.8829787234042553,""direction"":""UP"",""high"":7657.0,""low"":7610.0,""lower_wick_fraction"":0.13829787234042554,""move_atr"":1.7429195257440018,""move_points"":35.0,""open"":7616.5,""snapshot_time"":""2026-08-03T14:42:00+05:30"",""upper_wick_fraction"":0.11702127659574468,""volume"":21854.0},""close"":7651.5,""trend"":{""ema_ref"":7449.957205297324,""ema_slow"":7500.628601816939,""hma_order"":""BUY"",""hma_spread_atr"":4.264581922200843}},{""atr"":20.21830211891878,""bar"":{""body_fraction"":0.8181818181818182,""close"":7633.5,""close_position"":0.18181818181818185,""direction"":""DOWN"",""high"":7651.5,""low"":7629.5,""lower_wick_fraction"":0.18181818181818185,""move_atr"":-0.8902824724909488,""move_points"":-18.0,""open"":7651.5,""snapshot_time"":""2026-08-03T14:45:00+05:30"",""upper_wick_fraction"":0.0,""volume"":13227.0},""close"":7633.5,""trend"":{""ema_ref"":7451.783501762028,""ema_slow"":7503.259718612644,""hma_order"":""BUY"",""hma_spread_atr"":4.616096239607588}},{""atr"":19.559851967567436,""bar"":{""body_fraction"":0.5,""close"":7639.0,""close_position"":0.5,""direction"":""UP"",""high"":7644.5,""low"":7633.5,""lower_wick_fraction"":0.0,""move_atr"":0.28118822213581446,""move_points"":5.5,""open"":7633.5,""snapshot_time"":""2026-08-03T14:48:00+05:30"",""upper_wick_fraction"":0.5,""volume"":5677.0},""close"":7639.0,""trend"":{""ema_ref"":7453.646352490765,""ema_slow"":7505.947644976751,""hma_order"":""BUY"",""hma_spread_atr"":5.052954982818903}},{""atr"":20.01986254131262,""bar"":{""body_fraction"":0.9230769230769232,""close"":7615.5,""close_position"":0.057692307692307696,""direction"":""DOWN"",""high"":7640.0,""low"":7614.0,""lower_wick_fraction"":0.057692307692307696,""move_atr"":-1.198809429908624,""move_points"":-24.0,""open"":7639.5,""snapshot_time"":""2026-08-03T14:51:00+05:30"",""upper_wick_fraction"":0.019230769230769232,""volume"":10297.0},""close"":7615.5,""trend"":{""ema_ref"":7455.256836545584,""ema_slow"":7508.116998541567,""hma_order"":""BUY"",""hma_spread_atr"":4.803089659273621}},{""atr"":19.804158074076007,""bar"":{""body_fraction"":0.2352941176470588,""close"":7611.0,""close_position"":0.5882352941176471,""direction"":""DOWN"",""high"":7618.0,""low"":7601.0,""lower_wick_fraction"":0.5882352941176471,""move_atr"":-0.201977785929515,""move_points"":-4.0,""open"":7615.0,""snapshot_time"":""2026-08-03T14:54:00+05:30"",""upper_wick_fraction"":0.17647058823529413,""volume"":9447.0},""close"":7611.0,""trend"":{""ema_ref"":7456.806519764035,""ema_slow"":7510.15428569916,""hma_order"":""BUY"",""hma_spread_atr"":4.431433696938433}},{""atr"":18.853861068784862,""bar"":{""body_fraction"":0.15384615384615383,""close"":7610.0,""close_position"":0.3076923076923077,""direction"":""DOWN"",""high"":7614.5,""low"":7608.0,""lower_wick_fraction"":0.3076923076923077,""move_atr"":-0.05303953372477302,""move_points"":-1.0,""open"":7611.0,""snapshot_time"":""2026-08-03T14:57:00+05:30"",""upper_wick_fraction"":0.5384615384615384,""volume"":6626.0},""close"":7610.0,""trend"":{""ema_ref"":7458.330833000215,""ema_slow"":7512.131428556602,""hma_order"":""BUY"",""hma_spread_atr"":4.04407700830014}},{""atr"":18.54287099244309,""bar"":{""body_fraction"":0.4482758620689655,""close"":7614.5,""close_position"":0.6206896551724138,""direction"":""UP"",""high"":7620.0,""low"":7605.5,""lower_wick_fraction"":0.1724137931034483,""move_atr"":0.3505390294010562,""move_points"":6.5,""open"":7608.0,""snapshot_time"":""2026-08-03T15:00:00+05:30"",""upper_wick_fraction"":0.3793103448275862,""volume"":7662.0},""close"":7614.5,""trend"":{""ema_ref"":7459.884755059915,""ema_slow"":7514.158528981224,""hma_order"":""BUY"",""hma_spread_atr"":3.5080447070111043}},{""atr"":18.218380207268584,""bar"":{""body_fraction"":0.32142857142857145,""close"":7617.0,""close_position"":0.7857142857142857,""direction"":""UP"",""high"":7620.0,""low"":7606.0,""lower_wick_fraction"":0.4642857142857143,""move_atr"":0.2470032982517642,""move_points"":4.5,""open"":7612.5,""snapshot_time"":""2026-08-03T15:03:00+05:30"",""upper_wick_fraction"":0.21428571428571427,""volume"":11640.0},""close"":7617.0,""trend"":{""ema_ref"":7461.448090830463,""ema_slow"":7516.194993753873,""hma_order"":""SELL"",""hma_spread_atr"":3.0440188094874276}},{""atr"":17.988495906749403,""bar"":{""body_fraction"":0.3,""close"":7621.5,""close_position"":0.43333333333333335,""direction"":""UP"",""high"":7630.0,""low"":7615.0,""lower_wick_fraction"":0.13333333333333333,""move_atr"":0.25015988125564015,""move_points"":4.5,""open"":7617.0,""snapshot_time"":""2026-08-03T15:06:00+05:30"",""upper_wick_fraction"":0.5666666666666667,""volume"":8594.0},""close"":7621.5,""trend"":{""ema_ref"":7463.040647140608,""ema_slow"":7518.280241402311,""hma_order"":""SELL"",""hma_spread_atr"":3.0808123457639853}},{""atr"":18.525031913410164,""bar"":{""body_fraction"":0.3137254901960784,""close"":7628.5,""close_position"":0.4901960784313726,""direction"":""UP"",""high"":7641.5,""low"":7616.0,""lower_wick_fraction"":0.17647058823529413,""move_atr"":0.4318481089475936,""move_points"":8.0,""open"":7620.5,""snapshot_time"":""2026-08-03T15:09:00+05:30"",""upper_wick_fraction"":0.5098039215686274,""volume"":17226.0},""close"":7628.5,""trend"":{""ema_ref"":7464.687008860602,""ema_slow"":7520.462810879492,""hma_order"":""SELL"",""hma_spread_atr"":2.9817246579097714}},{""atr"":19.987529633880865,""bar"":{""body_fraction"":0.6794871794871795,""close"":7655.0,""close_position"":1.0,""direction"":""UP"",""high"":7655.0,""low"":7616.0,""lower_wick_fraction"":0.32051282051282054,""move_atr"":1.3258266772037623,""move_points"":26.5,""open"":7628.5,""snapshot_time"":""2026-08-03T15:12:00+05:30"",""upper_wick_fraction"":0.0,""volume"":11748.0},""close"":7655.0,""trend"":{""ema_ref"":7466.580670463979,""ema_slow"":7523.1269136343535,""hma_order"":""SELL"",""hma_spread_atr"":2.7772488809871017}}],""last_observation_hash"":""5a4fc7c1124756e76d2f94272141ffd57878be6c112fe3f4b201240e28b0bbd3"",""last_snapshot_time"":""2026-08-03T15:12:00+05:30"",""observation"":{""compression_box_high"":null,""compression_box_low"":null,""compression_candidate_bars"":0,""current_state"":""ORDERLY_UPTREND"",""established_side"":""UP"",""exhaustion_active"":true,""exhaustion_age_bars"":2,""exhaustion_clear_bars"":0,""exhaustion_last_seen_at"":""2026-08-03T15:12:00+05:30"",""exhaustion_side"":""UP"",""exhaustion_started_at"":""2026-08-03T15:09:00+05:30"",""failure_breach_bars"":0,""last_close"":7655.0,""last_reason_codes"":[""CURRENT_DIRECTIONAL_LEG_MATURED"",""AWAITING_2_BAR_CONFIRMATION_FOR_MATURE_EXTENSION"",""OBSERVATION_STATE_ORDERLY_UPTREND""],""last_snapshot_time"":""2026-08-03T15:12:00+05:30"",""leg_age_bars"":19,""leg_anchor_price"":7575.0,""leg_anchor_time"":""2026-08-03T14:18:00+05:30"",""leg_extreme_price"":7657.0,""leg_maturity_consumed"":false,""leg_maturity_extreme_price"":null,""leg_maturity_onset_time"":null,""leg_no_progress_bars"":10,""observation_count"":120,""pending_bars"":1,""pending_state"":""MATURE_EXTENSION"",""protection_level"":7575.0,""protection_source"":""INITIAL_DIRECTIONAL_ANCHOR"",""protection_time"":""2026-08-03T14:18:00+05:30"",""pullback_age_bars"":0,""pullback_candidate_bars"":0,""pullback_extreme_price"":null,""reacceleration_age_bars"":2,""recompression_age_bars"":0,""reversal_confirmation_bars"":0,""reversal_side"":""UP"",""state_age_bars"":16,""trading_day"":""2026-08-03"",""trend_anchor_price"":7575.0,""trend_candidate_bars"":10,""trend_candidate_side"":""UP"",""trend_extreme_price"":7657.0,""trend_failure_age_bars"":0,""trend_onset_time"":""2026-08-03T14:18:00+05:30""},""symbol"":""ABB"",""trading_day"":""2026-08-03""}"
